testing/data/parsers/inputs/dem.asc
ncols        101
nrows        118
xllcorner    4476996.709136780351
yllcorner    8275295.145282519981
cellsize     30.000000000000
NODATA_value -99999
[rows 60 to 79 of 118, columns 44 to 87 of 101]
1143.2525634765625 1140.946044921875 1136.3695068359375 1127.81005859375 1120.0255126953125 1111.111328125 1096.46533203125 1082.150634765625 1068.6951904296875 1053.5789794921875 1039.55029296875 1027.2073974609375 1017.9652099609375 1019.0308837890625 1034.1339111328125 1046.19873046875 1057.0360107421875 1064.531982421875 1070.6795654296875 1074.277587890625 1077.0693359375 1078.4141845703125 1081.2012939453125 1083.3524169921875 1086.562255859375 1090.5428466796875 1095.7554931640625 1100.9527587890625 1109.493408203125 1121.403076171875 1126.64404296875 1135.6541748046875 1142.8321533203125 1148.5096435546875 1151.908203125 1153.7484130859375 1154.518798828125 1155.224365234375 1155.951904296875 1156.597900390625 1157.1553955078125 1157.6610107421875 1158.1634521484375 1158.733642578125
1141.6739501953125 1136.8087158203125 1127.9031982421875 1119.0074462890625 1111.8109130859375 1105.142578125 1098.0352783203125 1087.71875 1076.2774658203125 1062.2550048828125 1047.1082763671875 1032.2716064453125 1018.61993408203125 1017.71466064453125 1029.2076416015625 1039.7017822265625 1050.0780029296875 1059.781005859375 1067.900390625 1073.631591796875 1078.2835693359375 1080.025634765625 1082.4564208984375 1082.9000244140625 1085.9339599609375 1089.662841796875 1094.091796875 1099.0439453125 1105.06884765625 1111.289306640625 1121.717041015625 1125.75146484375 1134.30029296875 1142.13232421875 1149.4727783203125 1152.7933349609375 1154.0194091796875 1154.5758056640625 1155.36962890625 1156.0345458984375 1156.64111328125 1157.25 1157.783447265625 1158.39111328125
1138.15673828125 1128.2860107421875 1118.6517333984375 1105.4725341796875 1098.457763671875 1096.5 1091.7672119140625 1084.7379150390625 1073.240234375 1060.7625732421875 1045.7667236328125 1029.734375 1015.576171875 1016.71490478515625 1027.555419921875 1039.08544921875 1049.407958984375 1058.899169921875 1064.775634765625 1068.943115234375 1074.9942626953125 1078.4666748046875 1080.5419921875 1081.005126953125 1083.0540771484375 1087.6234130859375 1092.34521484375 1096.964111328125 1100.98046875 1108.3560791015625 1109.681396484375 1116.3118896484375 1126.669189453125 1133.84765625 1142.16796875 1148.886474609375 1152.43701171875 1153.7789306640625 1154.4876708984375 1155.3236083984375 1156.0556640625 1156.6488037109375 1157.246826171875 1157.843017578125
1128.9801025390625 1119.4228515625 1106.14697265625 1094.2259521484375 1085.384765625 1081.931640625 1081.9122314453125 1076.24609375 1066.2615966796875 1049.77490234375 1036.5533447265625 1022.628173828125 1014.145263671875 1015.51806640625 1024.71728515625 1034.382568359375 1045.2276611328125 1054.80126953125 1059.87158203125 1065.0311279296875 1068.2965087890625 1070.048095703125 1070.97900390625 1074.216064453125 1078.6202392578125 1082.861083984375 1086.0347900390625 1090.9248046875 1092.172119140625 1096.601806640625 1099.8021240234375 1108.8504638671875 1115.4796142578125 1124.3409423828125 1133.1441650390625 1140.5390625 1146.50732421875 1150.1513671875 1152.9434814453125 1154.3028564453125 1155.1461181640625 1155.6505126953125 1156.3404541015625 1157.0699462890625
1119.621826171875 1110.90869140625 1101.46044921875 1085.71484375 1075.9024658203125 1067.476806640625 1068.0169677734375 1065.2801513671875 1054.92333984375 1038.9954833984375 1026.9927978515625 1017.932861328125 1013.2933349609375 1014.5074462890625 1024.0391845703125 1027.9544677734375 1039.68115234375 1046.43798828125 1053.245849609375 1056.295166015625 1058.5616455078125 1061.9837646484375 1065.7501220703125 1070.323486328125 1072.7364501953125 1077.13037109375 1082.329345703125 1082.94384765625 1083.7574462890625 1083.91552734375 1092.2840576171875 1097.6627197265625 1106.643310546875 1115.69775390625 1123.658935546875 1127.9364013671875 1134.805908203125 1140.672119140625 1146.687744140625 1152.2630615234375 1153.6424560546875 1154.707763671875 1155.218017578125 1155.976318359375
1104.693603515625 1101.9842529296875 1096.581787109375 1084.0274658203125 1069.117919921875 1059.704833984375 1054.1214599609375 1053.0621337890625 1041.266845703125 1036.0963134765625 1023.95916748046875 1013.88677978515625 1013.59320068359375 1016.92156982421875 1023.57244873046875 1028.87548828125 1031.2158203125 1036.4342041015625 1042.4228515625 1049.5028076171875 1053.5908203125 1057.8209228515625 1060.9034423828125 1062.5950927734375 1067.83251953125 1070.8614501953125 1071.5679931640625 1071.5770263671875 1072.118896484375 1075.3399658203125 1080.848388671875 1088.3079833984375 1097.8953857421875 1103.749755859375 1110.30859375 1114.51318359375 1121.9281005859375 1127.9688720703125 1137.091552734375 1144.5736083984375 1150.84423828125 1152.7293701171875 1153.712158203125 1154.8724365234375
1090.459716796875 1093.4874267578125 1090.815673828125 1082.0435791015625 1073.9005126953125 1056.67333984375 1048.3814697265625 1042.5771484375 1035.7802734375 1025.3900146484375 1016.48699951171875 1013.333740234375 1013.81927490234375 1018.16156005859375 1020.65924072265625 1024.21337890625 1028.756591796875 1032.6102294921875 1035.400634765625 1042.7572021484375 1048.9969482421875 1051.2490234375 1055.9781494140625 1059.1319580078125 1058.61865234375 1058.7728271484375 1061.383544921875 1060.9212646484375 1060.798583984375 1066.330810546875 1070.739013671875 1081.16064453125 1084.1224365234375 1088.5797119140625 1095.125244140625 1101.4674072265625 1110.6446533203125 1120.1649169921875 1126.5360107421875 1134.6458740234375 1142.654052734375 1148.930908203125 1152.4683837890625 1153.7156982421875
1076.0328369140625 1080.0257568359375 1081.960693359375 1078.7890625 1071.198486328125 1064.1622314453125 1048.0347900390625 1039.418701171875 1030.9678955078125 1020.247802734375 1014.2275390625 1013.56500244140625 1016.0164794921875 1018.741943359375 1018.77423095703125 1019.18731689453125 1023.1973876953125 1028.462158203125 1032.4261474609375 1036.052978515625 1042.0704345703125 1045.4603271484375 1046.8299560546875 1045.1693115234375 1046.42529296875 1048.49951171875 1050.349853515625 1051.52978515625 1053.9696044921875 1058.89208984375 1066.237060546875 1075.48291015625 1082.0775146484375 1085.905517578125 1090.40185546875 1096.911376953125 1102.9273681640625 1112.6060791015625 1121.1910400390625 1132.092529296875 1138.86767578125 1145.102294921875 1150.6654052734375 1152.4647216796875
1065.00634765625 1062.1943359375 1065.4305419921875 1066.0836181640625 1064.333984375 1060.50390625 1051.4949951171875 1039.916015625 1027.1634521484375 1018.39215087890625 1015.16876220703125 1014.861328125 1018.0096435546875 1026.60888671875 1025.3702392578125 1023.2166748046875 1020.568603515625 1022.39044189453125 1023.99737548828125 1028.4920654296875 1034.7772216796875 1032.69189453125 1033.896240234375 1035.5009765625 1040.72900390625 1042.5938720703125 1045.6204833984375 1048.822509765625 1052.0135498046875 1056.4283447265625 1063.6422119140625 1071.603759765625 1081.667236328125 1087.0760498046875 1092.7353515625 1100.96435546875 1108.908935546875 1119.2000732421875 1122.58447265625 1133.320068359375 1140.1817626953125 1147.430419921875 1150.3076171875 1151.887451171875
1060.2244873046875 1053.0677490234375 1050.2564697265625 1052.014892578125 1054.6771240234375 1052.00341796875 1042.434814453125 1036.5538330078125 1022.794921875 1011.49658203125 1010.27667236328125 1015.950439453125 1027.26513671875 1034.7447509765625 1037.388671875 1031.9339599609375 1026.388916015625 1021.9219970703125 1021.4808349609375 1022.47528076171875 1025.1080322265625 1027.15576171875 1030.7327880859375 1034.6156005859375 1038.9642333984375 1042.214111328125 1044.5 1049.8486328125 1054.904296875 1061.826416015625 1069.64013671875 1078.741455078125 1089.4085693359375 1097.5806884765625 1107.730224609375 1112.6591796875 1116.78857421875 1121.81591796875 1128.011474609375 1135.9068603515625 1143.417724609375 1148.6490478515625 1150.599365234375 1151.4661865234375
1056.11181640625 1049.0885009765625 1045.66455078125 1041.093994140625 1039.332763671875 1040.0933837890625 1037.408203125 1024.3302001953125 1019.7991943359375 1005.99053955078125 1007.33056640625 1017.15826416015625 1030.0048828125 1040.6864013671875 1044.28076171875 1045.5003662109375 1042.55615234375 1034.79296875 1027.247314453125 1023.60662841796875 1024.084228515625 1026.4500732421875 1030.5670166015625 1038.903076171875 1045.5203857421875 1052.5260009765625 1059.1380615234375 1061.51025390625 1067.0107421875 1071.2161865234375 1078.9451904296875 1087.3076171875 1096.90576171875 1106.05078125 1115.5733642578125 1124.4625244140625 1129.10009765625 1129.4462890625 1134.2578125 1138.597412109375 1146.5216064453125 1149.7509765625 1150.6143798828125 1150.9010009765625
1062.076171875 1052.6038818359375 1044.7734375 1039.0482177734375 1032.5321044921875 1029.3338623046875 1024.9749755859375 1019.824951171875 1011.60198974609375 1004.650146484375 1007.62567138671875 1017.17657470703125 1027.15673828125 1037.3621826171875 1044.873291015625 1048.50439453125 1050.9505615234375 1048.6658935546875 1040.3326416015625 1032.4613037109375 1027.02587890625 1028.61376953125 1035.55322265625 1044.234130859375 1053.810791015625 1062.7254638671875 1069.77685546875 1074.1025390625 1079.0443115234375 1082.34130859375 1088.0880126953125 1095.6082763671875 1104.7811279296875 1115.1290283203125 1125.9957275390625 1135.239990234375 1138.6534423828125 1139.9302978515625 1141.1568603515625 1146.533203125 1148.217529296875 1149.8077392578125 1150.2421875 1150.3558349609375
1063.53857421875 1060.43212890625 1054.354248046875 1045.0640869140625 1035.11474609375 1028.5841064453125 1022.39324951171875 1017.707275390625 1006.640625 1003.82275390625 1009.93359375 1017.33868408203125 1027.0252685546875 1036.0091552734375 1042.4742431640625 1048.769775390625 1053.00927734375 1054.2286376953125 1052.1290283203125 1041.8916015625 1034.203857421875 1032.4091796875 1035.8896484375 1045.421630859375 1059.28125 1069.299072265625 1079.569091796875 1085.8125 1089.076416015625 1095.2958984375 1097.2620849609375 1104.5999755859375 1113.4437255859375 1123.0631103515625 1132.4588623046875 1143.2913818359375 1145.8551025390625 1147.085693359375 1147.18896484375 1148.0509033203125 1149.4613037109375 1149.6923828125 1149.8856201171875 1149.531982421875
1058.432861328125 1059.9931640625 1059.465087890625 1055.3551025390625 1047.2874755859375 1038.1148681640625 1025.387451171875 1017.0921630859375 1004.61572265625 1003.88702392578125 1010.52825927734375 1017.54473876953125 1027.152099609375 1035.9908447265625 1040.845947265625 1048.0894775390625 1053.57373046875 1056.37548828125 1058.8599853515625 1053.4622802734375 1043.462158203125 1038.232666015625 1039.4044189453125 1046.2291259765625 1059.552001953125 1072.8250732421875 1082.3782958984375 1089.1646728515625 1098.744873046875 1103.9327392578125 1111.002197265625 1115.6490478515625 1121.7967529296875 1131.1141357421875 1143.51708984375 1147.8475341796875 1148.895263671875 1149.3629150390625 1149.3076171875 1149.33251953125 1149.58740234375 1149.490966796875 1148.8529052734375 1145.36279296875
1047.8043212890625 1051.222900390625 1055.5682373046875 1055.6820068359375 1053.840576171875 1042.6806640625 1031.4998779296875 1016.01202392578125 1003.71783447265625 1003.6441650390625 1007.98248291015625 1018.5224609375 1027.359619140625 1036.669677734375 1041.6422119140625 1048.2593994140625 1054.029296875 1060.4691162109375 1064.716064453125 1061.6689453125 1053.8104248046875 1045.2069091796875 1043.4149169921875 1048.136474609375 1058.69873046875 1073.11328125 1084.8721923828125 1090.0782470703125 1104.410888671875 1111.427734375 1120.9144287109375 1128.5325927734375 1135.3338623046875 1143.02001953125 1148.254638671875 1149.437744140625 1149.8209228515625 1149.8428955078125 1149.689697265625 1149.559814453125 1149.2369384765625 1148.0673828125 1144.1680908203125 1136.603759765625
1034.8216552734375 1039.8284912109375 1045.768310546875 1049.7076416015625 1049.71728515625 1041.3101806640625 1027.869873046875 1010.62945556640625 1003.71917724609375 1002.01068115234375 1005.07757568359375 1015.007080078125 1024.3182373046875 1034.12451171875 1041.713134765625 1048.962158203125 1055.2320556640625 1062.945068359375 1069.9300537109375 1069.54345703125 1063.6654052734375 1054.184814453125 1049.0042724609375 1051.736572265625 1059.2664794921875 1072.386962890625 1085.4727783203125 1089.8677978515625 1105.842041015625 1116.2755126953125 1126.5440673828125 1135.73583984375 1143.2344970703125 1147.9205322265625 1149.2799072265625 1149.8834228515625 1150.02880859375 1149.8934326171875 1149.6483154296875 1149.1851806640625 1147.3365478515625 1141.559814453125 1131.825439453125 1122.343017578125
1023.6578369140625 1030.122802734375 1037.0404052734375 1042.4862060546875 1042.0159912109375 1033.8427734375 1021.2191162109375 1005.51318359375 1002.5247802734375 1001.204345703125 1004.357177734375 1010.6483154296875 1019.0909423828125 1027.452392578125 1036.6851806640625 1045.2208251953125 1053.9298095703125 1062.6484375 1069.8492431640625 1073.8895263671875 1073.1099853515625 1063.956787109375 1057.72314453125 1056.58984375 1061.4913330078125 1072.0374755859375 1084.23779296875 1089.488037109375 1105.385009765625 1117.208251953125 1127.0496826171875 1139.05078125 1145.8441162109375 1148.6873779296875 1149.392822265625 1149.852783203125 1150.008056640625 1149.869140625 1149.2655029296875 1146.960693359375 1140.2406005859375 1128.0302734375 1116.8985595703125 1108.121337890625
1015.3255615234375 1020.64453125 1028.08154296875 1033.91796875 1033.4112548828125 1026.9443359375 1012.959228515625 1002.7298583984375 1001.4749755859375 1001.92755126953125 1006.370361328125 1011.08343505859375 1016.89947509765625 1022.50897216796875 1031.6444091796875 1040.4366455078125 1048.8634033203125 1057.949951171875 1064.5701904296875 1072.78466796875 1078.2310791015625 1073.30859375 1068.0721435546875 1062.39013671875 1066.050537109375 1071.791015625 1082.21630859375 1088.2796630859375 1101.643798828125 1113.03076171875 1125.5196533203125 1137.260009765625 1144.97021484375 1148.5867919921875 1149.2418212890625 1149.6903076171875 1149.8221435546875 1149.5870361328125 1147.4810791015625 1138.8516845703125 1128.8468017578125 1115.80712890625 1104.9249267578125 1097.1116943359375
1010.74444580078125 1012.87811279296875 1018.46197509765625 1024.2447509765625 1027.0068359375 1020.44970703125 1007.77398681640625 1002.9677734375 1003.1138916015625 1006.2757568359375 1015.791259765625 1019.9356689453125 1021.95556640625 1025.306884765625 1030.7728271484375 1038.853759765625 1045.1939697265625 1053.4620361328125 1061.6229248046875 1068.6884765625 1075.5169677734375 1079.0164794921875 1076.7998046875 1071.3116455078125 1071.07958984375 1073.818115234375 1081.253662109375 1087.6395263671875 1097.661865234375 1108.304443359375 1121.7724609375 1131.8245849609375 1141.3082275390625 1147.6868896484375 1148.9119873046875 1149.3961181640625 1149.60498046875 1149.269775390625 1146.544921875 1136.8079833984375 1123.478515625 1110.103515625 1097.255126953125 1088.890625
1008.5694580078125 1008.471923828125 1010.65087890625 1016.77386474609375 1021.0792236328125 1012.63287353515625 1006.2630615234375 1003.55816650390625 1006.0401611328125 1014.345458984375 1022.57073974609375 1031.592529296875 1034.4493408203125 1037.0401611328125 1037.416015625 1041.528564453125 1047.7347412109375 1056.447998046875 1061.9459228515625 1067.95849609375 1074.093017578125 1079.9420166015625 1081.6956787109375 1079.6903076171875 1076.5067138671875 1078.707275390625 1083.0467529296875 1090.46923828125 1097.8385009765625 1106.7095947265625 1119.09912109375 1129.456787109375 1138.764892578125 1146.179443359375 1148.3863525390625 1149.05078125 1149.3497314453125 1149.0537109375 1146.8394775390625 1141.3858642578125 1127.8880615234375 1110.7796630859375 1094.5955810546875 1085.7841796875
