testing/data/parsers/inputs/dem.asc
ncols        101
nrows        118
xllcorner    4476996.709136780351
yllcorner    8275295.145282519981
cellsize     30.000000000000
NODATA_value -99999
[rows 20 to 39 of 118, columns 0 to 43 of 101]
1019.66802978515625 1025.1502685546875 1026.48095703125 1023.0150146484375 1022.74871826171875 1021.690185546875 1018.97100830078125 1016.45196533203125 1013.48077392578125 1012.117431640625 1012.62030029296875 1014.53607177734375 1024.233642578125 1032.4644775390625 1036.4322509765625 1039.730712890625 1041.64453125 1044.4615478515625 1047.02734375 1046.482666015625 1043.739990234375 1037.890625 1035.1650390625 1035.638916015625 1039.2476806640625 1044.19970703125 1047.8533935546875 1053.3607177734375 1061.3712158203125 1070.7933349609375 1079.791748046875 1088.8128662109375 1097.5816650390625 1106.3765869140625 1114.675048828125 1121.024658203125 1125.79052734375 1130.7767333984375 1140.6904296875 1150.130615234375 1155.41259765625 1156.111328125 1156.078369140625 1155.4576416015625
1021.46343994140625 1028.9027099609375 1032.1805419921875 1033.250732421875 1032.9075927734375 1029.905517578125 1026.94677734375 1024.5533447265625 1019.52880859375 1018.95361328125 1015.6732177734375 1015.91693115234375 1022.6353759765625 1028.558837890625 1033.236572265625 1036.8145751953125 1040.0682373046875 1041.5135498046875 1041.4149169921875 1039.513427734375 1033.7257080078125 1033.269775390625 1035.2396240234375 1038.7974853515625 1043.1219482421875 1047.6953125 1053.194091796875 1056.6556396484375 1063.2108154296875 1071.94091796875 1080.7747802734375 1090.412353515625 1100.174072265625 1107.837158203125 1115.4727783203125 1122.1585693359375 1129.00927734375 1134.743896484375 1143.6343994140625 1153.0338134765625 1155.18359375 1155.2935791015625 1155.0224609375 1154.3365478515625
1020.41943359375 1030.273681640625 1035.34375 1038.412841796875 1039.046630859375 1035.798828125 1033.2513427734375 1030.48046875 1027.4029541015625 1027.15966796875 1022.0806884765625 1019.31396484375 1018.70343017578125 1021.9830322265625 1024.7652587890625 1027.1717529296875 1030.3021240234375 1032.59521484375 1031.071044921875 1030.3089599609375 1030.656982421875 1033.29833984375 1039.4541015625 1046.866455078125 1052.0640869140625 1055.7066650390625 1058.2650146484375 1061.6490478515625 1068.4459228515625 1076.370361328125 1084.560546875 1095.6832275390625 1106.490478515625 1112.099853515625 1118.1500244140625 1124.83642578125 1131.814208984375 1139.78564453125 1147.168212890625 1153.5751953125 1154.2459716796875 1154.182861328125 1153.6832275390625 1152.896728515625
1019.28668212890625 1028.6624755859375 1038.2659912109375 1041.466064453125 1043.609130859375 1041.1636962890625 1037.0294189453125 1034.138916015625 1035.767333984375 1034.05029296875 1031.0133056640625 1026.162353515625 1021.36328125 1020.15777587890625 1019.7540283203125 1020.1759033203125 1020.2906494140625 1020.81787109375 1021.5587158203125 1023.45440673828125 1026.703125 1032.7794189453125 1041.218994140625 1049.2984619140625 1055.3155517578125 1061.005126953125 1064.142822265625 1071.040771484375 1075.5140380859375 1084.63525390625 1094.0855712890625 1105.2781982421875 1113.2503662109375 1120.0098876953125 1126.3551025390625 1132.86572265625 1139.56494140625 1146.38330078125 1150.226318359375 1153.2945556640625 1153.2437744140625 1153.001708984375 1152.4583740234375 1151.37841796875
1019.81109619140625 1026.1807861328125 1040.5042724609375 1044.0059814453125 1046.590576171875 1045.072509765625 1041.3759765625 1039.849853515625 1039.7166748046875 1039.465087890625 1036.8466796875 1032.0401611328125 1024.3255615234375 1021.4210205078125 1020.104736328125 1020.1009521484375 1019.83837890625 1019.943359375 1021.1375732421875 1022.20947265625 1025.0941162109375 1031.54638671875 1039.3585205078125 1048.1219482421875 1055.2384033203125 1062.4371337890625 1069.0155029296875 1077.7193603515625 1085.24169921875 1094.533447265625 1104.7808837890625 1112.6646728515625 1120.738525390625 1131.53125 1137.20849609375 1142.426025390625 1146.398193359375 1150.221435546875 1152.82666015625 1152.85791015625 1152.8204345703125 1152.4791259765625 1151.729736328125 1150.3385009765625
1019.46405029296875 1023.880615234375 1041.279541015625 1046.272705078125 1048.7806396484375 1047.849609375 1046.0059814453125 1043.909423828125 1043.5823974609375 1042.7220458984375 1040.545654296875 1036.0511474609375 1030.368896484375 1024.0469970703125 1023.736083984375 1024.6051025390625 1023.00537109375 1022.02703857421875 1022.5272216796875 1024.001953125 1026.48974609375 1028.6260986328125 1034.9423828125 1043.4991455078125 1052.56494140625 1061.734619140625 1069.529541015625 1081.7579345703125 1090.7314453125 1098.9139404296875 1109.7003173828125 1120.993896484375 1131.947021484375 1140.7667236328125 1144.8790283203125 1149.2738037109375 1150.43994140625 1152.8348388671875 1152.673828125 1152.5833740234375 1152.27685546875 1151.8314208984375 1150.9058837890625 1149.3681640625
1019.94927978515625 1022.442626953125 1039.0406494140625 1046.1551513671875 1049.71484375 1050.275634765625 1051.602294921875 1049.3359375 1048.772216796875 1046.328857421875 1044.28173828125 1039.0455322265625 1032.2447509765625 1027.2762451171875 1028.138427734375 1029.5057373046875 1028.8482666015625 1025.205810546875 1026.6956787109375 1030.576171875 1031.3094482421875 1031.1263427734375 1033.9580078125 1040.0491943359375 1048.3370361328125 1057.9178466796875 1068.896484375 1080.8746337890625 1091.5989990234375 1100.606689453125 1115.6539306640625 1127.38671875 1136.8011474609375 1147.379638671875 1151.846435546875 1153.3916015625 1153.6739501953125 1152.5926513671875 1152.5040283203125 1152.15380859375 1151.561279296875 1150.843994140625 1149.5738525390625 1147.5618896484375
1022.98046875 1023.84515380859375 1036.2257080078125 1045.0189208984375 1049.6766357421875 1053.0400390625 1057.6300048828125 1056.003662109375 1055.7886962890625 1051.9677734375 1046.7703857421875 1042.28125 1032.513671875 1029.90478515625 1035.009765625 1035.638916015625 1033.1375732421875 1029.568359375 1032.529296875 1035.9610595703125 1038.63671875 1036.85693359375 1038.5517578125 1043.0635986328125 1048.3966064453125 1057.45751953125 1068.1165771484375 1078.8675537109375 1089.892822265625 1101.6412353515625 1115.411865234375 1129.870849609375 1141.011962890625 1150.1123046875 1153.3365478515625 1153.8048095703125 1152.976806640625 1152.2459716796875 1151.6527099609375 1151.073486328125 1150.0582275390625 1148.9349365234375 1147.3284912109375 1144.304931640625
1026.072998046875 1026.99267578125 1030.85205078125 1043.1177978515625 1048.4976806640625 1054.75048828125 1060.5106201171875 1062.025390625 1060.9808349609375 1054.4124755859375 1050.9017333984375 1041.95947265625 1034.4417724609375 1033.41064453125 1040.9915771484375 1041.469970703125 1037.5992431640625 1033.5279541015625 1036.096923828125 1039.3719482421875 1042.4097900390625 1047.617431640625 1046.29638671875 1047.2357177734375 1053.7271728515625 1057.6025390625 1067.387939453125 1078.04541015625 1090.118408203125 1101.617919921875 1113.535888671875 1127.402099609375 1140.8802490234375 1151.6177978515625 1152.975341796875 1152.8963623046875 1151.551025390625 1151.1959228515625 1150.404052734375 1149.03955078125 1146.640869140625 1145.9051513671875 1143.812744140625 1140.521240234375
1030.821044921875 1026.9405517578125 1028.155029296875 1038.25 1043.1724853515625 1054.6524658203125 1063.870849609375 1066.418701171875 1066.5262451171875 1060.7049560546875 1052.0936279296875 1043.34423828125 1037.0098876953125 1039.4287109375 1046.278076171875 1046.95703125 1044.7620849609375 1040.4083251953125 1041.0596923828125 1044.2257080078125 1047.96435546875 1052.751953125 1058.673095703125 1058.618408203125 1057.8421630859375 1064.7559814453125 1068.8619384765625 1079.4140625 1092.8004150390625 1103.0987548828125 1113.807861328125 1127.1702880859375 1140.81201171875 1151.2635498046875 1151.299560546875 1151.1517333984375 1150.2332763671875 1149.9085693359375 1148.64111328125 1144.084228515625 1139.7850341796875 1139.627197265625 1137.9940185546875 1136.2236328125
1034.1099853515625 1029.9801025390625 1028.1395263671875 1032.1944580078125 1043.0552978515625 1054.0130615234375 1062.710205078125 1069.0814208984375 1070.0966796875 1066.616455078125 1057.75390625 1049.1629638671875 1044.8076171875 1045.7698974609375 1051.8681640625 1052.630859375 1052.48486328125 1046.8221435546875 1046.9700927734375 1050.731201171875 1054.999755859375 1060.7105712890625 1069.2127685546875 1070.663818359375 1069.79248046875 1069.34716796875 1076.457275390625 1082.5008544921875 1094.923095703125 1105.915771484375 1116.79248046875 1129.2491455078125 1144.964111328125 1150.8861083984375 1150.902587890625 1150.3211669921875 1149.3665771484375 1148.465087890625 1145.2200927734375 1139.328857421875 1135.867919921875 1130.306884765625 1129.47216796875 1128.81201171875
1037.32958984375 1033.673583984375 1033.0233154296875 1034.225830078125 1039.2471923828125 1044.726806640625 1055.0537109375 1066.9820556640625 1072.904541015625 1072.655517578125 1066.89013671875 1057.302490234375 1052.9287109375 1055.082763671875 1058.384033203125 1059.0511474609375 1060.313232421875 1057.216796875 1055.876953125 1058.767578125 1063.8319091796875 1072.47802734375 1079.340576171875 1080.7760009765625 1081.307373046875 1079.225341796875 1081.87939453125 1088.167236328125 1097.1954345703125 1106.340087890625 1119.064697265625 1131.986083984375 1146.3099365234375 1150.7054443359375 1150.3226318359375 1149.43701171875 1148.365234375 1145.99951171875 1142.8897705078125 1136.91455078125 1130.4957275390625 1126.9786376953125 1121.677001953125 1118.9119873046875
1037.611083984375 1037.433837890625 1037.40234375 1037.7354736328125 1039.613037109375 1041.62841796875 1046.8642578125 1057.149658203125 1070.0146484375 1073.062744140625 1073.484375 1068.3426513671875 1064.5445556640625 1063.550048828125 1070.462890625 1073.3836669921875 1071.718505859375 1070.00439453125 1069.2464599609375 1069.4168701171875 1072.6005859375 1079.72607421875 1086.7825927734375 1094.4207763671875 1095.351318359375 1091.6495361328125 1089.948974609375 1095.6319580078125 1101.1219482421875 1107.439697265625 1118.6058349609375 1132.73046875 1146.9686279296875 1150.3447265625 1150.23095703125 1148.930419921875 1147.894287109375 1146.478271484375 1143.7672119140625 1136.85693359375 1129.140869140625 1123.0460205078125 1117.4425048828125 1113.1689453125
1039.720947265625 1040.1103515625 1043.739501953125 1047.547607421875 1048.4439697265625 1046.2882080078125 1046.059326171875 1052.177978515625 1062.293212890625 1071.1763916015625 1079.8719482421875 1079.7069091796875 1074.8780517578125 1075.529296875 1080.8380126953125 1088.477294921875 1088.0821533203125 1085.809814453125 1084.5113525390625 1083.409423828125 1083.3310546875 1090.0142822265625 1096.6322021484375 1102.491943359375 1108.681884765625 1107.5504150390625 1103.52392578125 1101.5989990234375 1105.7139892578125 1114.7296142578125 1118.3599853515625 1131.4715576171875 1146.6795654296875 1149.8690185546875 1149.776123046875 1148.7159423828125 1147.8824462890625 1146.6005859375 1144.5950927734375 1139.30322265625 1133.278076171875 1124.8125 1116.06494140625 1111.9019775390625
1042.952880859375 1043.9803466796875 1048.446533203125 1051.6573486328125 1053.509765625 1053.9296875 1054.5484619140625 1051.8548583984375 1058.8499755859375 1068.1861572265625 1082.06640625 1086.193115234375 1086.2459716796875 1086.1387939453125 1093.2933349609375 1097.4727783203125 1103.4566650390625 1102.5264892578125 1099.1845703125 1096.2449951171875 1095.7008056640625 1097.7584228515625 1105.599365234375 1111.721923828125 1117.739990234375 1118.822021484375 1118.7564697265625 1117.2430419921875 1115.4195556640625 1118.0616455078125 1128.56982421875 1132.3240966796875 1145.6103515625 1149.166259765625 1149.4139404296875 1148.544189453125 1147.6519775390625 1146.330322265625 1144.34521484375 1141.8702392578125 1136.117919921875 1128.6292724609375 1122.107421875 1115.157958984375
1043.3375244140625 1044.36474609375 1049.550537109375 1051.632080078125 1057.0601806640625 1060.194580078125 1061.1334228515625 1056.679931640625 1058.78564453125 1067.3116455078125 1076.213623046875 1089.839599609375 1094.25927734375 1097.965087890625 1105.57373046875 1112.8203125 1119.1966552734375 1118.7379150390625 1116.67529296875 1112.042724609375 1108.506103515625 1108.7625732421875 1113.5130615234375 1120.8179931640625 1126.3416748046875 1135.4288330078125 1135.439453125 1132.9964599609375 1130.3516845703125 1128.9793701171875 1131.3564453125 1144.5157470703125 1146.1937255859375 1148.32763671875 1148.202880859375 1147.4522705078125 1145.9793701171875 1145.13720703125 1143.0205078125 1140.2821044921875 1136.6318359375 1131.841064453125 1124.82763671875 1117.2147216796875
1039.8775634765625 1045.900634765625 1049.6246337890625 1051.5518798828125 1056.32373046875 1062.15576171875 1067.4151611328125 1067.0784912109375 1065.923583984375 1067.8492431640625 1078.481201171875 1093.88623046875 1102.658447265625 1112.2618408203125 1114.942626953125 1124.396484375 1133.4927978515625 1134.8468017578125 1133.5096435546875 1129.798583984375 1125.343505859375 1122.279541015625 1124.28076171875 1131.1749267578125 1140.2039794921875 1146.50634765625 1150.009521484375 1149.394287109375 1147.0518798828125 1145.7958984375 1144.7799072265625 1146.4862060546875 1146.5980224609375 1147.21923828125 1147.271728515625 1145.213134765625 1143.919189453125 1142.8582763671875 1140.142822265625 1138.9564208984375 1135.417236328125 1131.52099609375 1125.2652587890625 1118.52734375
1034.9095458984375 1041.838623046875 1047.847900390625 1051.2174072265625 1056.6026611328125 1062.859130859375 1073.3837890625 1073.8408203125 1074.61767578125 1076.8704833984375 1085.8309326171875 1097.056396484375 1111.336181640625 1116.9837646484375 1130.747314453125 1137.0615234375 1144.460205078125 1149.2684326171875 1149.4783935546875 1146.59716796875 1141.63330078125 1136.2080078125 1136.5738525390625 1141.5848388671875 1151.38916015625 1153.3880615234375 1154.3048095703125 1153.559814453125 1152.9205322265625 1151.169921875 1150.245849609375 1148.8350830078125 1147.963134765625 1147.0452880859375 1145.3997802734375 1143.4638671875 1142.2039794921875 1140.1824951171875 1138.9473876953125 1136.8128662109375 1133.7174072265625 1129.645751953125 1123.3402099609375 1118.8714599609375
1034.590087890625 1040.5545654296875 1045.996337890625 1051.642578125 1060.03271484375 1065.919189453125 1076.6109619140625 1081.296142578125 1086.6798095703125 1090.24658203125 1094.6923828125 1099.9146728515625 1116.923828125 1129.310302734375 1137.4454345703125 1148.1187744140625 1152.7525634765625 1154.5341796875 1154.72265625 1154.2271728515625 1152.9163818359375 1151.7906494140625 1151.35498046875 1152.6492919921875 1154.90478515625 1155.14453125 1155.2335205078125 1154.775146484375 1153.9063720703125 1152.71337890625 1151.2908935546875 1150.048828125 1148.57568359375 1146.9620361328125 1144.3260498046875 1143.288330078125 1141.0260009765625 1139.3765869140625 1137.5047607421875 1135.257080078125 1132.3636474609375 1127.73583984375 1123.0810546875 1119.37451171875
1037.0828857421875 1041.423828125 1046.7396240234375 1052.007080078125 1060.2822265625 1069.5704345703125 1078.33154296875 1085.6619873046875 1088.7149658203125 1091.278076171875 1096.4993896484375 1102.187744140625 1119.78515625 1134.5267333984375 1144.2542724609375 1152.2498779296875 1154.4515380859375 1155.236572265625 1155.364013671875 1155.402099609375 1155.3248291015625 1155.349853515625 1155.3338623046875 1155.4803466796875 1155.6751708984375 1155.61376953125 1155.3604736328125 1154.8270263671875 1153.8564453125 1152.99072265625 1151.5318603515625 1150.2427978515625 1148.91796875 1147.005859375 1144.24853515625 1142.4832763671875 1140.6944580078125 1139.30029296875 1137.08154296875 1134.8984375 1133.1859130859375 1130.205322265625 1125.87451171875 1121.1693115234375
