testing/data/parsers/inputs/dem.asc
ncols        101
nrows        118
xllcorner    4476996.709136780351
yllcorner    8275295.145282519981
cellsize     30.000000000000
NODATA_value -99999
[rows 0 to 19 of 118, columns 0 to 43 of 101]
1076.4427490234375 1083.8990478515625 1088.26171875 1090.84130859375 1088.168701171875 1083.9815673828125 1085.348876953125 1085.768798828125 1095.3837890625 1104.0765380859375 1113.874755859375 1122.0745849609375 1130.3282470703125 1137.2457275390625 1141.14599609375 1143.9971923828125 1144.0098876953125 1144.2464599609375 1150.6044921875 1154.737060546875 1158.7698974609375 1160.573486328125 1161.72900390625 1162.745849609375 1163.776123046875 1164.7255859375 1165.774169921875 1166.61962890625 1167.157470703125 1167.8424072265625 1168.3648681640625 1168.6021728515625 1169.372314453125 1170.006103515625 1170.3458251953125 1171.3966064453125 1171.85400390625 1172.26953125 1173.3753662109375 1174.57568359375 1175.77685546875 1176.5732421875 1177.276123046875 1177.7054443359375
1067.9578857421875 1072.7012939453125 1077.146728515625 1077.0074462890625 1075.7801513671875 1070.2823486328125 1068.3291015625 1075.66845703125 1085.1107177734375 1093.48974609375 1099.8128662109375 1105.8427734375 1113.5147705078125 1121.5069580078125 1130.1934814453125 1130.214111328125 1127.5716552734375 1128.236083984375 1134.848876953125 1142.6561279296875 1151.7667236328125 1159.509765625 1161.02587890625 1162.599609375 1163.7811279296875 1164.8958740234375 1165.9039306640625 1166.90625 1167.7161865234375 1168.3865966796875 1169.10107421875 1169.6004638671875 1170.177734375 1170.7105712890625 1171.256591796875 1172.086181640625 1172.5587158203125 1173.2047119140625 1174.0224609375 1174.597412109375 1175.3441162109375 1175.9630126953125 1176.68310546875 1177.100830078125
1060.2479248046875 1064.0223388671875 1068.5872802734375 1065.7918701171875 1061.9287109375 1054.0537109375 1051.7757568359375 1062.021240234375 1072.6878662109375 1079.421630859375 1082.535400390625 1089.831298828125 1101.232421875 1110.2056884765625 1117.4267578125 1116.99755859375 1111.8017578125 1114.32373046875 1122.0355224609375 1133.2279052734375 1143.1202392578125 1151.6427001953125 1159.6226806640625 1161.617431640625 1163.1353759765625 1164.4068603515625 1165.55419921875 1166.743896484375 1167.79736328125 1168.534912109375 1169.2476806640625 1170.018310546875 1170.6168212890625 1171.2296142578125 1171.698974609375 1172.2574462890625 1172.729248046875 1173.0616455078125 1173.597900390625 1174.1351318359375 1174.6895751953125 1175.24951171875 1175.5849609375 1175.843505859375
1056.05029296875 1059.6358642578125 1060.7799072265625 1054.44580078125 1048.8035888671875 1042.01416015625 1040.4267578125 1045.97802734375 1057.298583984375 1062.0396728515625 1068.450927734375 1079.98193359375 1088.687744140625 1099.1490478515625 1104.5140380859375 1104.072021484375 1098.8121337890625 1102.6456298828125 1111.62890625 1120.2716064453125 1132.6402587890625 1143.4093017578125 1152.9696044921875 1159.974609375 1162.1990966796875 1163.258544921875 1164.6873779296875 1165.9287109375 1166.9931640625 1167.8701171875 1169.1395263671875 1169.7626953125 1170.295654296875 1170.8399658203125 1171.3670654296875 1171.8660888671875 1172.129150390625 1172.4293212890625 1172.601318359375 1172.8583984375 1173.291015625 1173.6834716796875 1173.995849609375 1174.2786865234375
1050.2840576171875 1055.647705078125 1053.8853759765625 1047.3299560546875 1039.69091796875 1033.595458984375 1031.9931640625 1034.0540771484375 1041.7513427734375 1049.0548095703125 1059.65087890625 1066.27099609375 1076.9501953125 1086.9765625 1090.550537109375 1089.6072998046875 1085.905517578125 1091.5623779296875 1101.25927734375 1111.6171875 1120.9681396484375 1133.0101318359375 1143.5709228515625 1154.8975830078125 1160.123779296875 1162.2490234375 1163.53564453125 1165.0069580078125 1166.03466796875 1166.94384765625 1167.9481201171875 1168.9102783203125 1169.79248046875 1170.1781005859375 1170.436767578125 1170.681884765625 1170.7376708984375 1170.8057861328125 1170.8489990234375 1170.9827880859375 1171.23681640625 1171.6456298828125 1171.953125 1172.3736572265625
1043.4671630859375 1049.3487548828125 1045.47314453125 1038.9417724609375 1033.54833984375 1025.3262939453125 1023.66619873046875 1026.0396728515625 1031.2734375 1039.218505859375 1048.0264892578125 1056.0833740234375 1065.1531982421875 1073.4075927734375 1075.3162841796875 1074.7353515625 1076.1656494140625 1081.2977294921875 1090.97900390625 1102.273193359375 1112.079345703125 1122.8741455078125 1133.2088623046875 1144.2864990234375 1155.265380859375 1160.40185546875 1162.3238525390625 1163.7435302734375 1164.9512939453125 1165.4842529296875 1166.384765625 1167.544677734375 1168.1488037109375 1168.50537109375 1168.7921142578125 1168.9666748046875 1169.0130615234375 1169.00244140625 1169.0010986328125 1168.9708251953125 1169.2232666015625 1169.4493408203125 1169.7899169921875 1170.1094970703125
1038.0401611328125 1039.95849609375 1038.26220703125 1030.8817138671875 1025.4049072265625 1018.5001220703125 1018.45684814453125 1020.89739990234375 1025.8548583984375 1031.418212890625 1037.4122314453125 1048.3980712890625 1054.18603515625 1056.7264404296875 1059.17138671875 1061.0107421875 1068.507568359375 1074.2208251953125 1081.3262939453125 1091.878662109375 1103.2080078125 1114.18408203125 1124.424560546875 1134.2821044921875 1145.22509765625 1155.682861328125 1160.802978515625 1162.378662109375 1163.5621337890625 1164.532470703125 1165.1292724609375 1165.508056640625 1166.405029296875 1166.597412109375 1166.8016357421875 1166.9117431640625 1166.9302978515625 1166.917724609375 1166.9002685546875 1166.8714599609375 1166.940185546875 1167.025634765625 1167.359619140625 1167.63525390625
1026.07763671875 1025.673828125 1024.1365966796875 1018.26324462890625 1015.82452392578125 1013.48211669921875 1014.15228271484375 1016.74664306640625 1021.5216064453125 1026.20947265625 1031.1370849609375 1035.5985107421875 1038.8714599609375 1042.2904052734375 1049.14453125 1056.2308349609375 1063.1929931640625 1070.222412109375 1078.7440185546875 1086.32470703125 1095.3739013671875 1105.769287109375 1116.5318603515625 1126.0225830078125 1138.54736328125 1151.4783935546875 1159.7347412109375 1161.1942138671875 1162.4200439453125 1163.3408203125 1163.8240966796875 1164.08837890625 1164.6275634765625 1164.722412109375 1164.65869140625 1164.685791015625 1164.70947265625 1164.573486328125 1164.51318359375 1164.43017578125 1164.462890625 1164.516845703125 1164.7315673828125 1164.9483642578125
1011.50897216796875 1011.285888671875 1012.190185546875 1011.85321044921875 1011.4715576171875 1011.27752685546875 1012.70745849609375 1015.64984130859375 1019.99932861328125 1024.5946044921875 1028.201416015625 1032.3038330078125 1034.416748046875 1038.498779296875 1044.482666015625 1055.2384033203125 1065.4407958984375 1071.360595703125 1079.481689453125 1088.1761474609375 1095.7503662109375 1103.969970703125 1114.467041015625 1123.93115234375 1137.169921875 1150.6822509765625 1158.6885986328125 1160.0909423828125 1161.40380859375 1161.861083984375 1162.12060546875 1162.2698974609375 1162.399169921875 1162.433837890625 1162.3135986328125 1162.3031005859375 1162.1878662109375 1162.133056640625 1162.0791015625 1162.0455322265625 1162.0245361328125 1162.037841796875 1162.072509765625 1162.1649169921875
1006.45147705078125 1006.8699951171875 1009.0721435546875 1010.09552001953125 1012.18182373046875 1012.51641845703125 1015.087890625 1017.64129638671875 1020.753662109375 1026.52880859375 1030.6868896484375 1038.090576171875 1039.623046875 1043.1605224609375 1049.68310546875 1058.9727783203125 1068.2127685546875 1076.5460205078125 1083.93603515625 1092.34765625 1100.8865966796875 1109.4697265625 1119.640625 1129.4376220703125 1141.1561279296875 1150.6395263671875 1157.202880859375 1158.9024658203125 1159.95751953125 1160.05224609375 1159.664306640625 1159.429931640625 1159.260009765625 1158.5855712890625 1158.248046875 1157.6595458984375 1157.2457275390625 1155.69189453125 1153.8458251953125 1150.383544921875 1151.2841796875 1152.74951171875 1154.7998046875 1155.64794921875
1014.55108642578125 1015.71685791015625 1018.2850341796875 1018.7220458984375 1020.37005615234375 1021.5714111328125 1023.8055419921875 1027.3531494140625 1030.037841796875 1033.67529296875 1038.56103515625 1045.9014892578125 1048.03369140625 1053.0670166015625 1057.5872802734375 1064.6851806640625 1072.9443359375 1078.829345703125 1086.222900390625 1093.70849609375 1102.4716796875 1111.6748046875 1121.3367919921875 1131.7335205078125 1142.31396484375 1149.8369140625 1155.3377685546875 1156.73291015625 1157.5382080078125 1156.3314208984375 1152.1075439453125 1147.417724609375 1145.722412109375 1145.2392578125 1144.864013671875 1144.3433837890625 1143.794921875 1142.0855712890625 1139.3765869140625 1135.0411376953125 1136.052978515625 1138.2852783203125 1142.478515625 1146.9732666015625
1024.89208984375 1026.4029541015625 1028.7073974609375 1029.6343994140625 1030.3143310546875 1032.47705078125 1034.1939697265625 1038.037109375 1040.870849609375 1043.26953125 1047.367919921875 1053.0770263671875 1056.9105224609375 1062.590087890625 1065.284912109375 1070.004638671875 1073.858154296875 1076.464599609375 1081.1409912109375 1086.4749755859375 1096.310302734375 1105.6141357421875 1113.363525390625 1125.179443359375 1136.390380859375 1144.8572998046875 1150.6474609375 1153.0230712890625 1150.817626953125 1146.585693359375 1138.83056640625 1132.08935546875 1128.5386962890625 1127.2708740234375 1126.715087890625 1126.4564208984375 1126.071533203125 1124.7774658203125 1123.484619140625 1120.6546630859375 1123.52685546875 1128.5506591796875 1134.736572265625 1142.6697998046875
1030.0186767578125 1032.34521484375 1035.6585693359375 1037.7923583984375 1038.9991455078125 1040.7239990234375 1042.3861083984375 1044.60546875 1049.0972900390625 1052.441162109375 1055.458984375 1058.8255615234375 1061.648193359375 1066.1260986328125 1068.7205810546875 1071.4642333984375 1068.9908447265625 1065.9722900390625 1068.497802734375 1074.7711181640625 1085.3353271484375 1092.0550537109375 1100.147705078125 1112.3804931640625 1122.84619140625 1133.3427734375 1139.8250732421875 1141.228759765625 1137.9915771484375 1132.3641357421875 1124.489990234375 1117.350341796875 1112.74267578125 1109.25830078125 1108.6514892578125 1108.149169921875 1107.6214599609375 1107.707275390625 1109.8714599609375 1112.5003662109375 1117.780517578125 1124.4124755859375 1132.936767578125 1142.47265625
1030.6563720703125 1034.965087890625 1038.123046875 1040.8131103515625 1042.4683837890625 1043.7049560546875 1045.994140625 1048.5916748046875 1052.708251953125 1056.4635009765625 1058.7091064453125 1060.3697509765625 1061.81982421875 1062.8817138671875 1063.095458984375 1061.205810546875 1058.121337890625 1052.93505859375 1054.9423828125 1063.146484375 1070.5926513671875 1076.9202880859375 1086.60546875 1097.769287109375 1107.154052734375 1117.8726806640625 1124.8203125 1124.2318115234375 1120.7777099609375 1116.09765625 1108.9603271484375 1101.5609130859375 1095.6583251953125 1092.3150634765625 1093.3858642578125 1096.3199462890625 1099.3497314453125 1100.586669921875 1104.319091796875 1111.5162353515625 1120.9210205078125 1129.44775390625 1138.260986328125 1149.3096923828125
1023.75982666015625 1031.1815185546875 1033.6026611328125 1035.6885986328125 1037.0919189453125 1037.3974609375 1041.5765380859375 1046.589111328125 1051.0867919921875 1053.9752197265625 1055.6280517578125 1054.7078857421875 1054.0810546875 1051.970703125 1049.1541748046875 1044.7064208984375 1042.354248046875 1041.336669921875 1043.393310546875 1049.1676025390625 1055.44140625 1063.199462890625 1074.1875 1085.7720947265625 1092.79443359375 1102.3587646484375 1107.479248046875 1106.463134765625 1102.9822998046875 1097.919189453125 1090.9024658203125 1084.4534912109375 1080.821533203125 1081.4324951171875 1084.5606689453125 1089.4320068359375 1095.12744140625 1099.3695068359375 1108.1090087890625 1119.2159423828125 1129.4754638671875 1140.4615478515625 1148.7437744140625 1157.0126953125
1016.69842529296875 1018.64288330078125 1021.5386962890625 1024.440185546875 1025.8232421875 1028.018798828125 1032.5025634765625 1038.5289306640625 1043.994384765625 1047.1385498046875 1047.637451171875 1043.6385498046875 1041.723388671875 1036.883544921875 1032.9375 1030.4942626953125 1030.4146728515625 1033.1722412109375 1036.65625 1040.707275390625 1047.732177734375 1056.391845703125 1067.1483154296875 1076.3695068359375 1079.7236328125 1087.8011474609375 1089.413818359375 1088.2763671875 1085.25927734375 1079.13671875 1073.83837890625 1072.8658447265625 1073.923583984375 1078.406982421875 1083.54248046875 1088.087890625 1093.719482421875 1101.0782470703125 1113.3856201171875 1129.2757568359375 1139.6883544921875 1150.4072265625 1156.4027099609375 1159.2093505859375
1011.9200439453125 1010.62579345703125 1010.76397705078125 1011.9210205078125 1015.4307861328125 1019.96710205078125 1024.921875 1030.0565185546875 1034.7830810546875 1037.701416015625 1037.1148681640625 1032.330322265625 1029.369384765625 1025.419189453125 1023.3494873046875 1023.35943603515625 1026.42041015625 1030.3642578125 1035.9034423828125 1042.002685546875 1049.5390625 1057.26513671875 1065.3372802734375 1068.87890625 1069.9190673828125 1073.3212890625 1071.787353515625 1069.611328125 1067.6695556640625 1064.7890625 1065.609375 1069.295654296875 1074.554443359375 1081.505615234375 1087.0325927734375 1092.1761474609375 1098.579345703125 1107.347412109375 1117.131103515625 1135.2012939453125 1148.3419189453125 1155.7347412109375 1158.385986328125 1158.860595703125
1008.4444580078125 1012.7933349609375 1008.2816162109375 1005.73907470703125 1008.79229736328125 1011.44500732421875 1015.48492431640625 1018.45758056640625 1021.76177978515625 1023.0159912109375 1024.041259765625 1022.49615478515625 1019.85919189453125 1020.89886474609375 1021.66986083984375 1024.133056640625 1028.224609375 1033.2724609375 1039.1533203125 1046.498291015625 1053.775390625 1058.5906982421875 1062.711669921875 1063.19287109375 1061.9381103515625 1059.70263671875 1056.8916015625 1055.6199951171875 1056.2109375 1059.356689453125 1065.5888671875 1072.14794921875 1080.4627685546875 1089.3592529296875 1093.2733154296875 1098.5263671875 1105.51220703125 1114.168701171875 1121.6719970703125 1138.8555908203125 1153.1365966796875 1156.7139892578125 1157.9990234375 1158.3896484375
1011.791259765625 1016.46484375 1011.612060546875 1007.78839111328125 1006.0067138671875 1006.67828369140625 1007.68017578125 1008.72210693359375 1010.339599609375 1011.29888916015625 1013.71710205078125 1015.7252197265625 1018.4185791015625 1023.35382080078125 1025.662353515625 1028.6630859375 1033.567626953125 1038.8878173828125 1043.8939208984375 1050.3260498046875 1053.6451416015625 1056.81494140625 1056.2928466796875 1055.0533447265625 1052.1732177734375 1049.2181396484375 1048.322265625 1050.193603515625 1054.1810302734375 1061.462158203125 1069.1055908203125 1079.5391845703125 1089.73193359375 1098.254150390625 1103.2257080078125 1107.6788330078125 1113.711669921875 1120.5421142578125 1127.6265869140625 1141.53564453125 1154.4930419921875 1156.6153564453125 1157.2958984375 1157.60595703125
1016.9852294921875 1020.4495849609375 1018.552490234375 1013.399169921875 1010.85107421875 1011.1715087890625 1010.81341552734375 1010.23291015625 1010.040283203125 1010.28485107421875 1011.79071044921875 1013.9703369140625 1021.92718505859375 1029.648193359375 1033.0093994140625 1035.00439453125 1038.6116943359375 1042.83154296875 1047.07275390625 1050.5462646484375 1050.527587890625 1049.1170654296875 1045.1820068359375 1043.25390625 1043.154052734375 1044.22509765625 1045.7313232421875 1050.1883544921875 1057.698974609375 1066.872802734375 1075.5855712890625 1085.7947998046875 1096.3546142578125 1104.1138916015625 1111.91064453125 1116.46044921875 1120.8861083984375 1126.4827880859375 1135.0186767578125 1145.0904541015625 1154.6383056640625 1156.512451171875 1156.6092529296875 1156.4996337890625
