testing/data/parsers/inputs/dem.asc
ncols        101
nrows        118
xllcorner    4476996.709136780351
yllcorner    8275295.145282519981
cellsize     30.000000000000
NODATA_value -99999
[rows 60 to 79 of 118, columns 0 to 43 of 101]
1027.234130859375 1033.886962890625 1034.2625732421875 1030.76025390625 1026.4439697265625 1027.01513671875 1028.0118408203125 1033.81201171875 1045.4320068359375 1056.6005859375 1064.849853515625 1068.7691650390625 1068.700927734375 1067.6754150390625 1063.7147216796875 1059.5699462890625 1053.4384765625 1044.85888671875 1031.9654541015625 1018.3634033203125 1014.118896484375 1016.8995361328125 1028.1214599609375 1038.1446533203125 1041.1854248046875 1042.380615234375 1039.4063720703125 1035.0859375 1031.5400390625 1028.0338134765625 1028.5428466796875 1030.2938232421875 1034.127685546875 1040.53857421875 1048.9666748046875 1058.3551025390625 1066.8751220703125 1074.8978271484375 1082.9652099609375 1103.0189208984375 1122.1160888671875 1136.7386474609375 1144.6580810546875 1144.2845458984375
1020.1712646484375 1024.3173828125 1024.7286376953125 1021.48028564453125 1022.930908203125 1027.2064208984375 1029.4935302734375 1038.5601806640625 1049.3861083984375 1059.3262939453125 1068.2364501953125 1069.1588134765625 1063.5068359375 1058.925048828125 1057.2032470703125 1053.1624755859375 1048.7774658203125 1039.6708984375 1028.5411376953125 1017.79168701171875 1013.88671875 1018.657958984375 1027.16552734375 1033.5697021484375 1036.5350341796875 1032.9251708984375 1026.419189453125 1022.426025390625 1021.38787841796875 1022.1551513671875 1024.6968994140625 1029.267333984375 1034.4805908203125 1041.7606201171875 1051.436279296875 1062.470458984375 1070.6195068359375 1079.3931884765625 1087.5396728515625 1102.5386962890625 1117.05712890625 1132.6060791015625 1142.52880859375 1143.1998291015625
1015.702392578125 1016.32489013671875 1017.56103515625 1019.4010009765625 1023.56842041015625 1028.268310546875 1035.5435791015625 1046.306396484375 1057.056884765625 1066.2100830078125 1071.156005859375 1069.0833740234375 1060.243896484375 1051.5211181640625 1045.9683837890625 1041.8807373046875 1039.2216796875 1031.6485595703125 1021.87310791015625 1013.259765625 1013.06365966796875 1017.30291748046875 1022.92596435546875 1027.158935546875 1026.04736328125 1021.194580078125 1018.8975830078125 1019.373779296875 1021.52801513671875 1024.136474609375 1026.810302734375 1031.669189453125 1039.98388671875 1048.77099609375 1056.918212890625 1067.2291259765625 1075.3553466796875 1082.6485595703125 1093.2664794921875 1103.7691650390625 1115.1195068359375 1133.1517333984375 1139.2799072265625 1140.6959228515625
1018.2650146484375 1018.048828125 1018.844482421875 1022.8829345703125 1027.869140625 1032.4720458984375 1041.7276611328125 1052.796142578125 1063.107177734375 1071.34326171875 1074.5576171875 1069.024658203125 1058.6783447265625 1050.502197265625 1042.1649169921875 1034.3880615234375 1028.0712890625 1023.94403076171875 1016.1912841796875 1010.98455810546875 1010.04425048828125 1012.11865234375 1018.13360595703125 1019.65911865234375 1018.1915283203125 1017.53912353515625 1019.270263671875 1022.587158203125 1030.838623046875 1037.9825439453125 1041.73828125 1044.5943603515625 1049.9903564453125 1058.62353515625 1067.1478271484375 1071.735595703125 1082.7301025390625 1087.29345703125 1098.615478515625 1111.3443603515625 1123.4906005859375 1128.0921630859375 1131.5552978515625 1131.8704833984375
1027.5994873046875 1029.845947265625 1029.2315673828125 1029.1693115234375 1030.5484619140625 1037.9205322265625 1043.8841552734375 1055.5244140625 1065.053955078125 1072.6563720703125 1076.46337890625 1072.8126220703125 1064.441650390625 1052.486572265625 1041.5206298828125 1033.70849609375 1025.31982421875 1021.02685546875 1016.26007080078125 1009.73101806640625 1008.06951904296875 1007.60064697265625 1008.9256591796875 1010.263671875 1013.33746337890625 1018.1063232421875 1024.057373046875 1030.45166015625 1038.7369384765625 1046.59130859375 1054.06298828125 1060.6917724609375 1063.7120361328125 1067.2957763671875 1072.4979248046875 1082.695068359375 1084.442626953125 1092.2142333984375 1098.65625 1113.3184814453125 1118.403564453125 1123.9864501953125 1121.216552734375 1120.910400390625
1032.3707275390625 1041.0137939453125 1040.549072265625 1040.665283203125 1040.8941650390625 1044.389892578125 1049.6380615234375 1058.50244140625 1062.2852783203125 1069.135009765625 1074.4249267578125 1073.37255859375 1063.28857421875 1051.619384765625 1042.3162841796875 1040.9351806640625 1029.9498291015625 1024.7996826171875 1020.3671875 1011.6265869140625 1007.03875732421875 1006.47467041015625 1007.51055908203125 1008.927734375 1014.4990234375 1020.3990478515625 1027.8740234375 1034.8056640625 1043.39697265625 1054.896484375 1062.534423828125 1070.48974609375 1077.243896484375 1081.6448974609375 1084.203369140625 1085.139892578125 1086.2615966796875 1092.07080078125 1097.4483642578125 1111.6405029296875 1113.5203857421875 1113.53955078125 1105.767333984375 1105.0843505859375
1041.939697265625 1046.0703125 1050.5406494140625 1051.7325439453125 1051.7657470703125 1052.4979248046875 1060.4288330078125 1063.4156494140625 1066.6817626953125 1068.8153076171875 1069.342041015625 1068.9781494140625 1062.1990966796875 1054.0035400390625 1047.7403564453125 1042.1075439453125 1039.9830322265625 1031.7935791015625 1024.994384765625 1018.12432861328125 1006.9608154296875 1005.094482421875 1006.83685302734375 1012.69219970703125 1017.5897216796875 1026.1197509765625 1030.0194091796875 1036.1148681640625 1043.045654296875 1056.8494873046875 1067.89794921875 1077.6771240234375 1082.80810546875 1085.5517578125 1086.1416015625 1086.0506591796875 1086.199951171875 1089.0457763671875 1095.6763916015625 1110.41162109375 1107.726318359375 1106.2313232421875 1097.3209228515625 1090.894775390625
1043.7401123046875 1053.091796875 1059.5185546875 1060.513427734375 1061.9630126953125 1064.254638671875 1070.43603515625 1070.747802734375 1069.85595703125 1069.523681640625 1066.216552734375 1062.504638671875 1055.60791015625 1055.84912109375 1055.686279296875 1050.2255859375 1043.498046875 1037.731201171875 1029.1297607421875 1016.71160888671875 1005.53704833984375 1004.6341552734375 1010.4383544921875 1016.02288818359375 1021.357666015625 1025.7227783203125 1030.4449462890625 1035.6954345703125 1043.24169921875 1056.8494873046875 1067.7952880859375 1076.5478515625 1082.580078125 1082.5037841796875 1079.1688232421875 1077.5440673828125 1080.60693359375 1085.4251708984375 1093.5638427734375 1107.3822021484375 1106.9320068359375 1101.635498046875 1089.9486083984375 1081.237548828125
1046.9693603515625 1058.7557373046875 1066.385986328125 1071.6082763671875 1074.971435546875 1076.618408203125 1076.870361328125 1075.555419921875 1069.1488037109375 1063.3310546875 1057.7393798828125 1055.0167236328125 1055.189208984375 1055.5316162109375 1055.49755859375 1050.3211669921875 1042.8189697265625 1035.0362548828125 1021.92181396484375 1012.56365966796875 1005.73046875 1006.34210205078125 1014.78857421875 1021.1903076171875 1025.1351318359375 1027.391357421875 1031.1884765625 1035.8671875 1042.66015625 1050.73193359375 1062.2030029296875 1072.3421630859375 1079.79443359375 1077.4178466796875 1072 1073.6837158203125 1075.2120361328125 1081.7979736328125 1092.3402099609375 1100.873046875 1103.7052001953125 1094.9599609375 1082.3685302734375 1073.1942138671875
1055.076416015625 1060.55078125 1073.056640625 1078.3050537109375 1080.6099853515625 1082.6136474609375 1079.489990234375 1074.876220703125 1067.0521240234375 1060.0489501953125 1053.568115234375 1046.373779296875 1043.004638671875 1043.0777587890625 1046.623779296875 1043.0321044921875 1038.3651123046875 1024.639404296875 1022.841552734375 1009.0751953125 1008.36004638671875 1006.54595947265625 1016.7567138671875 1025.0391845703125 1031.096435546875 1035.4442138671875 1035.2125244140625 1038.3475341796875 1045.53662109375 1051.5804443359375 1061.113037109375 1074.1441650390625 1075.307861328125 1073.7142333984375 1066.7982177734375 1066.7122802734375 1073.209716796875 1076.6551513671875 1090.1949462890625 1095.2515869140625 1097.132568359375 1090.426025390625 1078.5687255859375 1067.597412109375
1062.1612548828125 1071.7694091796875 1074.265869140625 1078.8040771484375 1080.802001953125 1080.08251953125 1077.1180419921875 1072.6163330078125 1068.128662109375 1059.7171630859375 1051.891357421875 1044.285888671875 1037.7357177734375 1033.6065673828125 1028.7843017578125 1030.5072021484375 1026.3795166015625 1023.232177734375 1012.02197265625 1007.5313720703125 1007.46197509765625 1007.92816162109375 1017.73931884765625 1025.483154296875 1033.775634765625 1040.6505126953125 1044.467041015625 1047.18359375 1051.7633056640625 1058.0877685546875 1071.0887451171875 1071.12744140625 1072.64111328125 1068.6107177734375 1062.591064453125 1058.2994384765625 1063.5181884765625 1073.5933837890625 1077.863525390625 1084.9149169921875 1086.6485595703125 1076.9083251953125 1075.5223388671875 1065.2982177734375
1069.450439453125 1073.037841796875 1074.0811767578125 1074.7047119140625 1075.1898193359375 1073.369384765625 1071.25244140625 1069.464599609375 1065.969482421875 1059.5562744140625 1053.1883544921875 1045.7359619140625 1036.1141357421875 1028.6302490234375 1021.7513427734375 1018.8984375 1014.995849609375 1012.42608642578125 1009.5989990234375 1006.9349365234375 1004.614990234375 1008.061279296875 1016.8465576171875 1024.603515625 1032.732666015625 1041.8623046875 1050.7318115234375 1056.87841796875 1062.9058837890625 1069.11279296875 1071.203125 1070.3192138671875 1069.636474609375 1061.83984375 1055.4683837890625 1052.084228515625 1058.6357421875 1061.286376953125 1067.7470703125 1071.257568359375 1073.5694580078125 1073.152099609375 1071.683837890625 1065.378173828125
1069.677978515625 1071.9044189453125 1069.5181884765625 1065.9415283203125 1065.8975830078125 1063.951171875 1057.3260498046875 1055.9573974609375 1059.3984375 1059.120361328125 1055.9073486328125 1044.9615478515625 1035.297607421875 1028.0721435546875 1021.46746826171875 1017.43341064453125 1014.44256591796875 1010.62103271484375 1007.39556884765625 1004.9091796875 1004.36572265625 1009.33441162109375 1016.80322265625 1023.6925048828125 1031.3658447265625 1042.532958984375 1055.037841796875 1064.2894287109375 1071.9825439453125 1075.5052490234375 1074.01611328125 1070.2711181640625 1068.349609375 1060.5445556640625 1049.86474609375 1044.9844970703125 1045.50732421875 1047.012451171875 1050.1092529296875 1053.4755859375 1057.1693115234375 1061.680908203125 1064.8914794921875 1064.583984375
1063.128662109375 1062.568359375 1062.486328125 1060.281005859375 1055.6693115234375 1053.8193359375 1049.1978759765625 1046.3050537109375 1050.4310302734375 1058.329345703125 1056.5980224609375 1048.5338134765625 1039.1624755859375 1033.027587890625 1028.43505859375 1026.376708984375 1023.08905029296875 1012.9368896484375 1009.1602783203125 1003.1153564453125 1005.9364013671875 1010.505859375 1016.4139404296875 1024.8543701171875 1031.66064453125 1039.8280029296875 1051.676025390625 1065.5660400390625 1075.0098876953125 1080.202392578125 1079.2723388671875 1074.9969482421875 1066.8817138671875 1060.4384765625 1046.86669921875 1040.31787109375 1037.84033203125 1037.0582275390625 1038.012451171875 1039.042236328125 1042.814208984375 1047.8900146484375 1052.700439453125 1056.768798828125
1053.703369140625 1050.5859375 1050.8564453125 1052.2659912109375 1048.58251953125 1043.787109375 1038.3084716796875 1036.5174560546875 1041.779541015625 1051.45947265625 1057.0274658203125 1054.810791015625 1046.4847412109375 1042.076171875 1039.0604248046875 1033.6883544921875 1027.121826171875 1019.5091552734375 1011.85003662109375 1003.72607421875 1003.843994140625 1009.7757568359375 1015.10101318359375 1022.1104736328125 1029.732177734375 1038.3565673828125 1048.63330078125 1061.652587890625 1074.7080078125 1080.8663330078125 1081.78271484375 1078.2845458984375 1070.1688232421875 1060.2376708984375 1046.825927734375 1039.248291015625 1035.6455078125 1034.137939453125 1034.2750244140625 1029.645751953125 1030.5439453125 1034.2413330078125 1038.6942138671875 1043.3074951171875
1044.7894287109375 1040.9837646484375 1039.377685546875 1041.3228759765625 1042.4974365234375 1035.112548828125 1032.635009765625 1031.801025390625 1034.2449951171875 1043.87109375 1053.869140625 1056.302734375 1050.9703369140625 1047.1812744140625 1042.47509765625 1035.8033447265625 1028.230224609375 1021.6781005859375 1013.6065673828125 1004.8143310546875 1003.1044921875 1007.984375 1012.8524169921875 1017.9874267578125 1026.1053466796875 1034.3271484375 1044.8160400390625 1058.9202880859375 1068.095703125 1073.896240234375 1078.4703369140625 1077.0186767578125 1069.46533203125 1059.3076171875 1049.108154296875 1042.9578857421875 1037.9603271484375 1034.6361083984375 1033.0394287109375 1026.3701171875 1023.344482421875 1023.74267578125 1025.954345703125 1030.45361328125
1038.787841796875 1033.7640380859375 1031.0263671875 1030.4884033203125 1032.9205322265625 1029.5692138671875 1027.2989501953125 1024.9942626953125 1028.62353515625 1037.01904296875 1046.68310546875 1054.7197265625 1052.7847900390625 1044.35791015625 1040.0614013671875 1029.2630615234375 1024.090087890625 1018.1588134765625 1009.74859619140625 1004.657470703125 1000.62725830078125 1003.0411376953125 1009.19964599609375 1014.60919189453125 1021.81756591796875 1031.565673828125 1043.8636474609375 1053.121826171875 1060.8758544921875 1067.196533203125 1072.2535400390625 1071.5911865234375 1069.082763671875 1063.10693359375 1054.804443359375 1050.1966552734375 1046.8701171875 1045.3499755859375 1042.46044921875 1030.7098388671875 1023.9561767578125 1019.3349609375 1019.12493896484375 1020.40289306640625
1037.4737548828125 1032.42138671875 1027.767578125 1024.4730224609375 1023.276123046875 1020.2652587890625 1019.314453125 1017.35595703125 1022.297607421875 1032.1942138671875 1042.7415771484375 1053.022705078125 1052.11669921875 1040.72021484375 1032.997314453125 1023.934326171875 1018.094482421875 1013.08251953125 1008.35308837890625 1003.966796875 998.0311279296875 997.19140625 1005.3824462890625 1013.94842529296875 1019.55035400390625 1031.25341796875 1039.0413818359375 1046.1124267578125 1051.8319091796875 1055.5709228515625 1059.0135498046875 1069.1500244140625 1069.1907958984375 1068.120849609375 1065.5357666015625 1060.80224609375 1060.1121826171875 1058.7110595703125 1053.7144775390625 1042.72119140625 1032.5147705078125 1023.95654296875 1017.39971923828125 1014.15380859375
1041.140869140625 1033.38330078125 1030.551025390625 1024.63720703125 1019.728759765625 1015.99517822265625 1013.93194580078125 1012.3197021484375 1017.63140869140625 1028.4188232421875 1039.45703125 1047.9056396484375 1048.911376953125 1040.860595703125 1030.24853515625 1022.71685791015625 1016.0941162109375 1011.63421630859375 1009.15594482421875 1005.11187744140625 998.26324462890625 994.3907470703125 998.381103515625 1009.4793701171875 1018.24267578125 1027.2025146484375 1031.330322265625 1035.8323974609375 1038.883544921875 1042.2628173828125 1051.679931640625 1058.7930908203125 1068.3946533203125 1069.9918212890625 1070.6522216796875 1070.0966796875 1069.9063720703125 1068.2041015625 1063.8653564453125 1057.0831298828125 1045.0888671875 1035.2943115234375 1024.43115234375 1015.0357666015625
1047.8388671875 1039.10791015625 1033.0927734375 1028.3319091796875 1023.19720458984375 1018.04571533203125 1010.8280029296875 1008.5050048828125 1011.28759765625 1020.91259765625 1032.517822265625 1041.953857421875 1046.4520263671875 1044.14599609375 1035.60986328125 1026.0181884765625 1018.87481689453125 1014.796875 1011.3489990234375 1007.29302978515625 1000.07366943359375 994.18017578125 993.37957763671875 1001.6893310546875 1013.00811767578125 1018.97833251953125 1021.3238525390625 1023.42608642578125 1026.464599609375 1034.2021484375 1043.8221435546875 1052.3380126953125 1066.1412353515625 1068.327880859375 1068.9093017578125 1071.552734375 1072.589599609375 1070.9688720703125 1068.094482421875 1064.7694091796875 1057.0489501953125 1047.2498779296875 1034.85498046875 1016.5206298828125
