samples/map_hand.asc
ncols        596
nrows        402
xllcorner    -53.750156036121
yllcorner    -28.497165926595
cellsize     0.000269494585
NODATA_value  -1
[rows 130 to 194 of 402, columns 192 to 287 of 596]
20 21 21 21 22 23 23 25 28 32 34 35 37 40 42 44 42 44 45 55 55 55 56 55 55 41 40 57 56 56 57 39 37 34 33 32 32 31 28 25 24 23 22 21 18 15 13 12 11 9 11 8 5 6 4 3 1 0 5 4 13 11 10 10 10 9 8 8 8 9 8 7 7 8 7 6 5 2 0 0 0 0 0 0 0 0 0 0 0 2 4 5 7 10 13 16
23 24 24 24 25 26 27 28 30 32 34 35 37 40 43 45 46 45 55 54 54 53 54 54 54 41 59 58 57 56 56 56 37 35 33 32 31 30 28 26 25 24 23 21 19 16 14 13 12 14 12 8 8 7 7 4 2 2 0 0 3 2 1 10 9 8 7 7 8 9 9 8 8 9 8 7 6 3 2 0 0 0 0 0 0 0 0 0 0 2 4 5 7 10 13 16
26 27 27 27 28 29 30 30 32 33 34 36 38 41 43 45 46 48 54 53 53 52 53 53 53 59 58 57 56 55 54 54 54 35 33 32 31 31 29 27 26 24 23 22 19 16 18 16 15 14 15 11 10 8 7 6 4 3 6 4 0 1 4 7 6 8 7 6 7 9 10 10 10 10 9 8 6 4 3 2 0 0 0 0 0 0 0 0 1 3 4 5 7 10 14 17
27 28 29 30 31 31 32 33 34 34 36 37 40 42 43 44 46 54 53 53 53 52 53 53 53 58 57 56 55 54 53 53 53 52 51 50 50 49 48 31 29 28 26 21 19 20 19 19 17 16 15 14 11 14 12 10 9 8 6 3 1 0 3 6 5 5 7 6 6 8 9 14 14 13 13 8 7 5 4 3 0 0 1 1 1 1 2 2 2 4 6 7 9 11 15 17
28 29 31 32 33 34 34 34 35 36 37 39 42 43 44 44 45 52 52 52 53 52 52 52 52 51 55 54 54 54 53 52 52 51 50 49 49 48 47 45 44 27 25 23 22 21 22 22 19 17 16 20 17 16 14 11 10 9 7 4 5 3 0 1 3 3 3 6 6 7 7 10 11 11 11 15 11 9 8 2 0 1 3 2 5 4 5 5 6 5 7 8 10 12 15 17
29 30 32 34 35 35 35 35 35 36 38 40 42 44 51 51 51 51 51 52 52 51 51 50 50 49 49 53 53 52 52 52 51 50 49 48 47 46 45 43 42 27 25 23 22 24 24 23 20 18 22 21 20 18 16 14 11 14 11 8 6 3 1 0 3 3 3 3 5 4 4 6 8 8 9 13 13 8 7 5 2 0 3 4 4 3 3 4 6 8 11 9 10 12 15 17
31 33 34 35 35 35 35 36 36 38 39 40 42 50 50 50 50 51 51 50 49 48 48 48 48 47 47 47 51 50 51 51 50 48 46 46 45 44 43 42 41 26 25 23 38 25 24 23 21 25 23 22 21 20 18 16 14 15 13 9 7 4 1 0 0 3 2 1 4 2 2 4 6 6 7 11 11 7 6 4 3 0 2 2 3 3 3 4 7 10 12 12 14 13 16 18
34 35 35 35 35 36 36 37 38 39 40 47 47 48 49 49 49 49 49 49 48 47 47 47 47 46 46 46 45 49 49 50 49 46 44 43 43 42 42 42 41 41 40 38 37 25 24 23 27 26 25 24 23 22 21 18 19 17 15 12 9 5 2 0 0 0 0 0 0 0 0 2 4 4 5 9 9 5 4 3 1 0 1 2 3 3 3 5 9 12 14 14 15 18 17 19
35 36 36 36 36 37 38 38 45 46 46 46 47 48 48 48 48 49 49 49 48 47 47 47 47 46 45 44 43 48 48 48 47 44 42 42 42 42 42 42 42 41 40 38 37 37 36 28 27 27 27 27 26 25 23 23 20 19 17 14 10 7 4 2 2 3 3 2 12 10 5 0 2 2 6 7 7 3 2 1 0 1 3 4 4 4 5 8 11 14 15 15 16 19 20 21
43 38 39 39 39 39 45 45 44 45 45 46 46 47 47 47 47 48 49 48 47 46 46 47 47 46 44 43 42 48 47 45 44 42 41 41 41 41 41 41 41 40 39 38 37 36 35 35 34 34 28 28 27 29 26 23 21 20 18 16 12 9 7 6 5 6 6 5 13 10 7 2 0 4 4 5 5 1 0 0 0 1 2 4 5 6 9 10 12 14 16 16 17 19 20 21
44 46 41 48 47 45 44 43 43 43 44 44 45 45 45 45 46 46 47 46 46 45 45 46 46 45 44 42 42 47 45 43 42 41 40 38 37 38 39 39 38 37 37 37 36 35 34 33 33 34 47 47 46 28 26 24 22 21 19 17 14 12 11 9 8 9 8 17 13 9 6 4 0 2 3 4 5 1 0 0 0 1 2 4 7 10 10 11 13 15 16 16 18 20 21 23
44 46 47 46 45 43 41 40 40 42 42 42 43 42 42 43 44 44 44 44 44 43 43 43 43 43 42 41 41 40 44 43 41 39 37 35 34 34 35 35 35 34 35 34 34 34 33 32 32 33 46 45 44 44 43 40 23 22 20 18 16 15 13 11 13 11 20 16 12 8 5 3 2 0 2 3 6 2 1 0 0 1 4 5 7 10 12 14 14 15 16 16 18 20 24 26
41 43 43 43 42 40 38 37 37 39 39 39 40 40 40 40 41 41 41 41 41 40 40 40 40 39 39 39 39 38 43 42 40 37 34 32 31 31 31 32 32 32 32 31 31 31 31 30 31 32 32 44 43 42 42 41 37 37 35 33 31 29 28 15 26 23 20 15 12 7 4 3 1 0 0 3 6 7 2 0 1 2 3 4 6 9 12 16 19 20 22 17 23 21 23 25
37 39 39 39 38 36 34 34 35 36 35 36 37 37 36 36 37 38 38 37 37 37 36 35 35 35 34 35 35 35 40 39 37 34 32 30 29 28 29 29 29 29 29 29 29 29 28 29 30 31 31 30 42 41 40 39 38 35 33 31 28 27 26 26 26 23 19 15 11 8 5 2 0 0 0 1 4 5 4 0 0 2 2 3 6 9 13 15 17 20 21 21 19 20 21 22
32 33 34 35 34 32 32 32 33 33 32 32 33 33 32 32 33 34 35 34 33 33 32 32 32 31 31 32 32 33 38 37 35 33 30 28 27 25 25 26 26 26 26 27 27 27 26 27 28 29 29 29 28 40 38 37 36 34 32 30 27 25 25 25 25 21 18 14 10 7 4 2 0 0 0 0 1 3 3 1 0 1 1 2 5 9 10 11 15 18 19 17 18 18 19 20
24 26 28 30 30 29 29 30 30 29 29 29 29 29 28 28 29 30 31 30 29 30 29 29 29 29 30 31 31 32 37 36 34 31 29 28 26 23 22 21 21 22 23 24 24 23 24 25 26 26 27 26 27 26 38 36 35 35 31 29 27 25 24 24 22 19 16 13 10 7 4 1 0 0 0 0 1 3 4 2 1 0 0 1 3 6 7 10 12 15 14 14 15 15 16 17
18 19 22 24 24 25 25 25 25 25 27 27 26 26 25 25 26 27 27 27 27 27 27 28 28 29 30 31 32 33 37 35 33 31 30 28 26 22 20 18 18 19 20 21 21 21 21 22 23 24 24 24 24 24 37 35 33 33 32 31 27 25 23 22 20 18 16 13 9 6 3 1 0 0 1 2 2 3 7 7 5 1 0 0 3 5 7 9 10 9 10 10 10 11 12 14
14 15 16 18 20 22 22 21 21 23 25 25 25 23 23 24 25 25 26 27 27 28 28 29 30 31 33 33 33 38 37 36 34 32 32 30 27 22 19 18 17 16 16 17 18 18 20 20 21 22 22 22 22 22 22 34 32 32 31 30 28 24 23 21 19 16 13 10 8 6 3 1 0 0 1 3 3 6 6 5 4 5 3 0 2 5 8 9 6 6 7 7 7 8 9 12
11 11 12 14 17 18 17 18 18 19 21 23 23 23 23 23 24 25 27 29 30 30 31 32 33 34 36 36 35 39 38 37 35 34 34 32 28 24 21 19 18 16 15 14 15 16 18 18 19 20 20 19 19 20 21 33 31 31 29 28 26 24 21 20 18 14 10 8 6 4 3 1 0 1 3 3 6 5 5 4 3 3 2 0 2 5 6 6 5 5 6 6 5 6 7 10
9 9 9 11 13 14 13 14 15 15 19 22 23 23 23 23 24 26 29 31 33 34 35 35 35 36 37 38 42 41 40 38 37 36 35 33 30 26 23 21 19 17 15 14 13 14 15 15 16 17 17 17 17 19 20 32 30 30 28 27 25 23 21 18 15 12 8 5 3 1 1 0 1 2 3 6 6 4 3 2 1 1 0 0 0 2 3 4 4 4 4 4 4 5 6 8
7 7 7 8 9 9 10 10 12 14 19 24 26 26 26 26 27 29 32 34 36 36 37 38 38 39 39 39 43 41 40 40 39 51 49 33 30 27 25 23 21 19 17 15 13 12 11 11 12 13 14 15 17 18 18 18 29 29 27 25 24 22 20 18 13 11 8 4 1 0 0 0 0 1 5 4 4 3 2 1 0 0 0 1 2 0 1 1 2 1 1 1 2 3 5 7
5 5 5 5 6 7 8 9 12 16 22 27 30 30 30 30 30 32 34 36 38 38 39 39 39 39 40 45 45 43 42 41 54 52 49 46 43 40 25 24 22 19 18 16 14 12 10 9 8 9 10 12 14 15 15 15 27 27 25 23 22 21 19 16 13 9 7 4 1 0 0 0 0 1 3 3 3 2 1 0 1 2 2 3 3 1 0 0 0 0 0 0 1 2 4 6
4 4 4 4 5 6 7 9 13 17 23 28 31 32 32 31 32 34 36 38 39 39 40 40 40 39 40 60 59 58 56 55 53 51 49 46 42 40 38 24 22 20 18 16 14 12 10 7 6 6 7 8 9 11 11 12 25 25 23 21 19 18 17 14 11 9 6 3 1 0 0 0 1 5 3 2 2 1 0 1 2 3 4 4 4 3 1 0 0 0 0 0 1 2 3 4
3 3 3 3 4 5 7 10 14 17 22 27 29 30 32 32 33 35 38 40 41 65 65 65 40 40 40 59 58 57 56 54 52 50 48 46 43 40 38 37 23 21 19 16 14 12 9 7 5 4 4 5 7 7 8 9 22 22 21 19 17 16 15 12 10 8 6 4 3 2 0 2 3 5 3 1 1 0 1 2 3 4 6 6 6 6 3 2 1 2 1 1 0 1 1 1
3 2 2 2 3 7 10 13 16 19 22 25 27 29 31 32 33 36 38 39 63 64 64 65 65 65 59 58 57 56 55 53 50 48 46 44 41 38 35 35 35 35 19 17 15 12 9 7 5 3 3 4 4 5 6 7 20 20 20 18 17 15 12 10 9 7 6 5 5 4 2 0 2 3 2 1 0 1 2 4 5 6 8 9 10 10 4 3 4 4 3 3 1 0 0 0
2 1 1 1 4 6 10 13 16 18 21 23 26 29 31 33 34 36 38 39 62 63 63 64 64 64 58 57 56 56 54 51 49 47 43 40 38 35 32 31 31 32 32 31 16 12 10 8 6 4 2 2 2 4 6 7 19 19 18 17 16 13 12 10 9 8 8 7 6 4 2 0 2 2 1 0 0 0 2 3 4 5 7 9 9 10 11 4 5 6 6 6 4 2 2 2
1 1 1 2 3 6 10 13 16 18 21 23 25 28 31 33 34 36 38 62 62 61 61 62 62 62 62 55 55 54 52 50 48 45 42 39 36 33 30 28 27 29 29 30 15 13 11 10 8 6 3 1 1 3 5 7 20 20 19 19 16 14 13 12 11 10 9 8 8 5 3 1 0 0 0 0 0 0 1 1 2 3 5 8 9 10 11 5 7 8 8 7 7 5 5 5
2 0 2 3 3 6 10 13 16 19 21 23 25 27 30 32 34 36 37 61 60 60 60 60 60 60 60 54 53 52 51 49 47 45 42 38 35 32 29 26 25 26 27 28 28 13 26 24 23 7 4 1 1 3 6 7 8 21 21 20 19 17 16 15 14 12 11 9 8 6 4 2 1 0 0 1 0 1 1 1 1 2 4 7 9 10 11 13 8 9 10 9 8 6 6 6
2 0 2 3 3 6 9 12 16 20 22 23 25 27 29 31 33 35 41 59 59 59 59 58 58 58 59 53 52 51 49 48 47 44 41 38 35 32 29 26 24 23 24 25 26 26 25 22 21 19 17 16 1 2 5 7 8 8 22 21 20 19 18 17 15 15 12 10 8 6 4 2 0 0 0 1 1 1 1 1 1 2 4 7 9 11 12 15 16 10 10 10 9 7 7 7
1 0 2 3 4 5 8 12 17 20 26 28 31 27 29 31 33 38 39 57 58 58 57 57 56 57 58 59 52 51 50 48 46 44 40 37 34 31 28 25 23 22 22 22 23 24 23 21 19 17 15 14 0 2 5 7 8 17 18 22 21 21 20 17 17 16 14 11 9 6 4 2 0 0 0 2 1 1 1 1 1 3 6 8 10 12 14 16 17 18 12 12 10 9 9 9
0 5 7 9 9 10 13 17 21 24 26 28 31 32 34 36 38 56 57 57 58 58 57 56 56 57 58 58 58 51 50 48 46 44 40 37 34 31 28 25 23 21 21 22 23 23 22 21 18 16 14 0 4 6 9 11 17 22 23 22 21 21 20 19 17 16 14 11 9 6 4 2 0 0 0 2 1 1 1 1 1 4 6 8 10 12 14 16 17 18 19 19 10 9 9 9
0 3 6 8 8 9 12 16 20 22 24 27 30 32 34 36 38 55 55 56 57 56 55 55 55 55 56 57 57 51 49 47 45 43 40 37 34 31 27 25 22 19 18 19 20 21 21 19 16 14 12 0 2 5 8 15 22 22 26 28 23 22 22 19 18 17 14 12 9 7 4 1 0 1 1 2 1 1 1 1 3 5 7 8 10 13 15 17 19 20 20 20 11 11 11 11
0 1 3 5 6 7 10 15 19 21 23 27 30 43 45 47 48 55 54 55 55 54 53 53 53 53 53 54 55 55 48 46 45 43 40 38 35 31 28 25 22 18 16 16 17 18 17 16 14 12 10 0 3 6 11 18 20 24 27 28 29 24 22 20 19 17 14 12 9 6 3 1 0 2 3 1 1 1 1 1 3 5 7 8 10 13 16 18 20 21 22 22 12 13 13 14
0 0 0 2 4 6 10 14 18 21 23 37 39 41 43 45 46 53 53 52 52 51 51 50 50 51 51 52 53 53 47 45 44 43 40 38 36 32 28 25 23 19 16 15 14 14 13 12 12 10 8 0 3 7 14 16 21 24 26 28 29 25 23 20 19 16 15 12 9 5 2 0 1 2 3 1 1 1 1 1 3 5 6 8 10 14 17 19 20 22 23 14 14 15 17 17
0 0 0 2 5 8 10 12 16 19 32 35 37 39 41 42 44 52 51 51 50 49 49 48 48 49 49 49 50 51 45 44 42 40 39 37 35 33 29 26 24 20 17 15 13 11 10 10 9 7 7 0 3 10 12 17 18 21 24 26 28 25 22 19 17 16 14 11 7 4 2 0 1 3 4 1 1 1 1 1 2 5 6 8 11 15 19 21 22 23 24 15 16 18 19 20
0 0 2 5 8 10 10 11 14 27 29 31 35 37 39 40 41 49 49 48 47 47 47 46 46 46 47 48 48 49 49 42 40 39 38 36 34 32 30 28 25 21 17 15 13 11 10 9 7 6 5 0 2 7 10 13 14 17 19 22 26 23 21 19 16 16 14 9 5 2 1 0 1 3 4 2 1 1 1 1 1 4 5 8 11 15 18 21 22 25 25 17 18 20 21 21
0 1 6 10 12 12 21 21 23 24 25 28 31 34 37 40 41 47 47 46 45 45 44 44 44 44 44 45 45 46 47 47 40 39 38 35 33 32 30 28 25 22 18 15 13 12 11 9 7 5 4 0 5 5 7 10 11 14 16 20 23 26 19 17 16 14 11 8 5 3 1 0 1 3 4 1 1 1 1 1 0 2 5 8 11 15 18 20 23 25 27 28 20 21 22 22
0 2 7 14 17 22 20 19 19 20 22 24 28 32 36 39 47 46 46 45 43 42 42 42 42 42 42 41 42 44 46 46 45 45 38 35 34 32 30 28 25 21 17 15 13 12 12 17 14 12 5 4 0 2 4 7 8 11 13 17 20 23 22 16 13 12 9 6 3 1 0 1 1 2 3 1 1 1 1 0 0 3 6 9 12 14 17 20 23 26 27 28 30 22 22 23
3 4 8 13 21 20 18 16 16 17 19 23 27 32 36 38 45 45 45 44 42 41 40 41 41 41 40 40 40 42 44 44 43 43 43 35 34 32 30 27 24 20 17 16 14 13 19 17 15 12 11 3 1 0 1 4 8 8 11 14 19 20 19 18 11 9 7 3 1 0 1 5 6 3 2 1 1 1 0 0 2 5 7 10 12 15 18 21 24 25 26 27 28 29 30 24
2 4 7 15 17 17 15 14 15 16 19 22 27 32 36 38 44 44 44 42 41 40 39 39 39 39 39 38 39 40 41 41 40 40 41 40 32 31 30 26 23 20 18 17 22 21 19 17 15 12 10 9 6 5 0 2 5 6 9 13 15 17 17 15 13 7 5 2 0 1 4 4 5 6 2 1 1 0 0 1 2 5 8 11 14 16 19 21 22 24 26 26 27 29 30 32
2 5 12 12 12 13 13 14 15 17 19 23 27 32 36 38 45 44 42 40 39 38 37 37 37 37 37 37 37 38 39 39 38 38 39 38 38 31 30 27 24 21 19 25 22 19 17 15 13 10 9 8 6 4 3 0 2 3 7 10 12 14 15 12 10 9 3 1 0 1 3 3 3 4 1 1 0 1 0 1 2 5 8 12 14 16 17 19 21 23 24 25 27 29 31 32
4 6 10 10 10 11 13 15 17 18 21 24 28 32 36 38 45 44 42 40 38 37 37 36 36 35 34 34 34 35 36 37 37 37 38 37 37 31 30 28 25 23 28 25 21 18 16 13 11 9 8 8 7 6 3 1 0 3 4 7 8 10 11 10 7 6 5 0 2 3 3 3 1 0 0 0 1 2 1 0 2 5 8 11 13 14 16 18 21 24 26 26 28 29 31 33
3 6 7 7 8 11 14 16 18 20 23 26 29 32 36 38 45 44 43 41 38 37 36 35 35 33 32 31 31 32 34 35 35 36 36 36 36 37 37 28 26 31 29 25 22 19 16 13 10 9 8 7 6 5 4 3 0 2 3 4 5 5 6 5 3 2 2 0 1 3 3 1 0 0 0 1 3 3 2 2 3 6 8 10 12 15 16 19 22 25 28 28 29 30 31 33
3 3 5 6 9 12 15 17 20 22 25 27 28 31 35 43 43 43 42 40 38 37 35 34 34 32 30 29 29 30 30 30 31 32 32 33 34 35 36 34 33 31 28 25 22 20 17 13 11 10 8 7 5 3 2 1 0 1 2 3 3 2 2 2 1 0 0 0 2 3 1 0 0 0 2 3 4 4 5 5 5 7 8 10 12 15 17 19 22 26 28 28 29 30 31 32
1 4 4 5 8 12 15 18 21 29 31 33 34 36 39 41 42 42 42 41 39 37 36 34 34 32 30 27 26 26 25 25 27 28 29 31 33 34 34 33 32 30 28 26 23 20 17 13 11 9 8 6 5 3 1 0 0 0 1 2 2 2 1 1 0 1 2 4 0 1 0 0 0 2 4 5 6 7 8 8 7 7 9 10 12 14 16 19 22 25 27 27 28 29 31 32
0 2 6 8 11 14 18 24 26 28 30 32 34 36 37 39 40 41 42 40 39 37 35 34 33 32 29 26 24 22 21 22 24 25 26 28 31 32 32 32 31 30 29 26 23 20 16 13 10 8 7 5 4 3 1 0 0 0 0 1 1 1 1 0 1 2 3 4 6 0 0 0 1 4 6 9 10 11 12 10 9 9 10 11 13 14 16 19 22 25 26 26 28 30 31 32
0 3 6 9 12 15 19 22 25 26 29 32 35 37 38 38 39 40 41 40 38 37 36 34 34 31 28 26 23 21 19 19 21 21 23 26 28 29 30 31 31 30 28 25 22 19 15 12 9 8 6 5 4 3 1 1 0 0 1 1 2 1 0 1 1 2 3 5 8 3 2 2 4 7 10 12 14 14 12 12 11 11 11 11 13 15 17 19 21 24 26 27 28 30 31 32
0 3 6 8 11 15 16 19 22 25 28 31 34 36 37 37 38 40 41 39 38 37 36 35 34 31 28 26 24 21 19 18 17 18 20 23 26 27 29 31 30 28 26 23 19 17 13 11 9 8 6 5 4 3 1 0 1 1 2 2 2 1 0 1 2 3 5 7 9 11 5 6 8 11 13 15 15 15 15 15 14 14 13 12 13 15 18 19 21 23 26 27 29 31 32 33
0 2 4 7 11 13 15 17 21 24 26 28 31 34 35 36 37 39 51 47 46 45 36 34 33 31 28 26 23 20 18 17 16 17 19 21 24 26 28 30 29 27 24 21 17 14 12 10 8 8 6 4 2 1 0 0 0 0 2 3 2 1 0 0 3 5 7 9 12 15 10 10 11 14 17 18 18 18 18 18 16 16 15 13 14 15 18 19 21 24 27 28 30 32 33 34
0 1 3 7 11 13 15 17 20 22 24 26 29 31 33 34 36 49 50 46 45 44 43 33 32 30 27 24 21 18 17 17 16 16 18 20 23 24 26 27 27 25 21 18 15 13 11 9 8 8 7 4 2 0 0 0 0 0 2 2 1 0 0 0 3 6 9 11 14 17 13 14 15 17 20 21 21 20 21 19 19 19 17 15 15 16 17 19 22 25 27 28 30 32 33 35
8 0 3 6 9 13 15 17 19 21 23 26 28 30 32 34 46 47 48 45 44 42 41 39 30 28 25 22 19 16 15 15 14 15 16 17 20 22 23 23 23 22 19 17 14 12 10 8 8 8 8 6 3 0 0 0 0 0 1 1 0 0 0 1 4 7 10 12 16 19 21 16 17 20 22 23 23 22 22 21 21 21 20 18 17 17 18 20 22 25 28 29 32 33 34 35
6 0 1 4 8 12 15 17 19 21 24 26 27 29 31 45 45 45 43 43 42 40 39 36 28 25 23 21 18 15 13 12 12 12 13 14 16 19 20 20 20 21 19 17 14 11 9 8 8 8 7 6 3 1 0 0 0 0 0 0 0 0 1 3 6 9 11 15 18 21 22 24 20 22 23 24 24 24 24 25 23 23 23 22 21 20 20 21 22 24 27 29 32 34 35 37
5 0 1 3 6 10 13 15 18 21 23 24 26 28 42 43 44 45 42 41 40 38 36 33 33 22 21 18 16 13 11 10 10 9 10 11 14 17 18 20 21 21 19 17 14 11 8 8 7 7 6 5 3 1 0 0 0 0 0 0 0 1 4 7 9 12 15 18 20 22 23 25 28 24 25 25 25 25 25 26 25 24 24 24 24 23 22 22 23 24 27 28 31 34 36 37
0 0 1 3 7 10 13 15 17 19 21 22 24 38 40 42 43 43 40 39 38 35 32 30 29 28 18 16 14 12 10 9 8 8 8 9 11 14 17 19 21 19 17 14 11 9 7 6 5 5 5 4 3 1 0 0 0 0 0 0 1 4 7 10 13 15 17 19 21 22 24 26 28 30 31 31 32 26 26 27 28 26 26 27 26 25 24 23 23 25 26 27 31 35 37 38
3 2 2 4 7 10 13 15 17 19 20 22 35 36 38 39 40 41 38 37 35 32 28 26 25 25 24 14 13 11 10 9 9 7 7 7 10 12 15 18 22 18 16 14 10 7 5 4 4 4 4 4 3 1 0 0 0 0 0 0 3 6 9 12 14 16 18 20 21 23 25 27 29 31 32 33 33 28 27 28 29 27 29 29 27 26 25 24 24 26 28 29 32 35 37 38
6 7 9 6 9 12 14 15 16 18 20 33 34 35 36 37 37 39 36 35 32 29 25 23 22 23 22 21 13 12 11 10 9 8 6 6 9 11 14 19 18 17 15 13 10 7 5 4 4 4 3 3 2 0 0 0 0 0 0 1 4 7 10 12 15 17 19 21 22 24 27 29 31 33 33 34 35 29 29 29 30 29 30 30 29 28 27 26 26 28 31 32 34 36 37 38
6 7 10 12 16 13 15 16 16 17 30 31 33 34 35 36 36 34 34 32 29 26 23 21 21 21 20 20 20 21 13 12 10 8 5 5 7 10 16 18 19 15 14 13 10 7 5 4 5 5 4 4 3 1 0 0 0 0 1 3 6 8 10 12 15 17 19 22 24 25 27 30 33 34 34 35 36 31 31 31 31 32 31 31 30 30 30 29 28 29 32 32 35 37 38 38
7 9 11 15 18 20 16 28 28 28 29 30 31 32 33 34 35 32 31 30 26 23 21 20 20 19 18 18 19 20 16 16 11 6 4 4 9 11 14 16 17 17 14 12 10 7 6 5 5 5 5 5 3 1 0 0 0 0 2 5 7 9 11 13 15 18 21 23 25 27 29 32 34 35 35 36 37 38 32 33 33 34 34 33 32 32 32 32 30 30 32 33 35 37 38 38
10 13 14 16 19 20 21 28 27 27 27 28 29 30 30 32 33 34 30 28 25 22 20 18 17 17 17 17 17 18 14 13 10 5 2 2 6 8 11 13 15 16 13 12 11 9 8 8 7 7 6 5 3 1 0 0 0 0 2 5 7 9 11 13 15 18 21 23 24 27 30 32 34 36 37 36 37 38 33 34 35 36 36 34 34 34 34 33 32 32 33 33 34 36 38 39
13 16 17 17 18 20 21 28 28 27 26 26 27 28 28 30 32 33 29 27 25 21 18 16 16 15 15 15 15 16 11 10 8 5 2 0 3 5 8 11 13 15 13 13 13 12 12 11 9 9 8 5 2 0 0 0 0 0 1 3 5 8 11 13 15 17 20 22 24 26 29 31 34 35 37 38 38 39 40 42 36 43 42 42 42 42 33 33 33 32 32 32 33 35 37 39
15 17 19 20 19 20 21 21 28 27 25 24 25 26 27 28 29 30 27 25 22 19 16 15 15 14 13 13 14 15 10 9 7 5 3 0 2 4 7 10 12 14 15 15 21 14 14 13 12 12 11 7 3 0 0 0 0 0 0 1 3 5 9 12 13 16 20 22 24 26 28 31 32 34 36 37 38 39 41 42 43 42 42 42 42 42 33 33 33 33 32 32 33 34 37 39
17 19 22 22 23 21 21 28 28 27 24 23 23 24 24 24 25 27 27 22 20 17 14 13 13 12 12 13 14 14 12 9 7 6 3 0 0 3 6 9 11 12 13 19 20 21 21 14 14 14 13 10 5 1 0 0 0 0 0 0 1 4 8 10 12 15 20 22 24 25 28 30 31 32 34 35 36 38 40 41 41 41 41 41 42 43 34 34 34 34 33 33 34 35 37 37
17 19 23 25 24 29 28 28 27 26 24 22 21 21 22 22 22 23 23 24 19 17 14 12 12 11 11 11 12 13 11 11 7 5 2 0 0 0 4 6 9 10 16 18 19 19 19 20 20 21 13 10 7 3 2 1 0 0 0 0 0 3 7 10 12 16 19 21 22 25 26 27 28 29 31 32 34 36 37 37 38 38 39 40 41 42 43 44 35 35 35 36 36 36 37 37
18 20 23 25 26 29 28 27 27 25 23 21 20 19 20 20 20 21 21 22 19 16 13 13 12 11 10 10 11 12 10 9 6 5 1 0 0 0 1 4 7 14 15 16 17 17 17 18 18 13 11 9 7 4 2 1 0 0 0 0 0 3 6 9 12 15 19 20 22 22 23 24 25 27 28 29 31 33 34 34 34 35 35 36 38 40 42 43 44 45 36 36 37 38 38 38
18 20 23 25 26 29 28 27 26 25 23 21 19 19 19 19 20 20 21 22 18 16 14 13 13 11 10 10 11 12 10 8 8 4 1 0 0 2 5 8 11 13 15 16 16 16 16 17 16 13 11 9 7 4 2 1 0 0 0 0 0 3 6 9 11 15 18 20 21 22 22 23 24 26 27 28 30 32 33 33 33 33 34 35 37 40 42 43 44 45 45 45 46 47 47 38
