samples/map_hand.asc
ncols        596
nrows        402
xllcorner    -53.750156036121
yllcorner    -28.497165926595
cellsize     0.000269494585
NODATA_value  -1
[rows 0 to 64 of 402, columns 384 to 479 of 596]
19 18 32 30 27 24 21 19 17 17 17 16 16 17 19 22 24 26 28 37 37 35 32 30 29 31 30 29 39 29 28 26 24 24 22 18 12 6 2 1 0 11 11 11 10 12 14 17 19 19 22 23 20 16 12 7 4 1 0 0 0 0 0 0 0 2 4 4 7 10 14 18 21 24 26 29 32 35 38 39 41 43 46 48 50 52 54 56 58 60 61 62 61 60 61 61
15 16 30 29 26 24 21 19 17 16 16 16 16 17 18 21 23 25 34 34 33 32 29 28 27 26 28 27 26 37 37 27 26 26 24 29 23 17 11 0 3 6 9 8 7 9 11 14 16 17 16 17 18 14 10 5 3 3 3 2 0 0 0 0 0 2 3 4 7 10 13 17 20 23 26 28 32 36 39 40 42 44 47 49 51 54 55 57 59 61 63 64 62 62 62 63
12 14 14 27 25 24 22 20 17 16 16 16 16 16 18 20 22 24 32 31 30 28 27 26 24 24 24 26 25 24 35 35 35 35 33 29 24 18 12 8 0 3 7 5 5 6 9 11 12 11 11 12 14 11 7 4 3 1 3 2 0 0 0 0 0 0 1 2 5 9 12 14 16 20 24 28 33 37 40 42 44 47 49 51 53 55 57 59 61 63 64 64 64 64 64 64
9 10 11 11 25 24 23 22 20 18 17 16 16 16 17 19 20 21 29 29 27 25 25 24 22 21 22 25 24 22 34 33 33 33 32 28 23 17 11 6 4 0 3 3 2 3 5 7 7 6 5 7 9 7 4 3 0 0 1 0 1 1 0 0 0 0 1 2 5 9 11 13 15 18 23 28 33 37 40 43 46 49 51 52 53 55 58 60 62 64 65 66 66 65 66 66
6 7 9 12 13 25 24 23 20 18 18 17 16 15 15 17 18 19 27 26 25 23 22 21 20 19 20 23 21 20 29 31 30 29 28 24 18 12 6 3 1 0 2 1 1 2 3 3 3 3 3 6 4 5 3 0 0 0 0 3 2 2 1 0 0 1 3 3 6 9 11 13 15 18 23 28 32 36 40 43 46 50 52 53 54 56 59 60 61 63 66 67 67 66 67 67
3 4 8 10 12 14 14 24 21 19 18 17 16 15 14 15 16 24 24 23 21 20 19 19 18 18 18 21 19 19 19 27 28 27 24 19 12 6 2 1 0 0 0 1 1 1 1 1 2 3 4 6 4 1 0 0 0 0 2 4 3 3 1 0 1 2 4 4 7 10 14 16 17 19 24 28 32 35 39 43 46 49 51 54 56 57 59 60 62 64 66 68 69 68 68 68
1 4 6 8 11 12 15 14 22 21 20 19 18 16 14 14 22 22 22 20 19 18 18 17 17 16 17 19 18 17 17 16 23 25 20 13 7 2 0 0 0 0 0 0 1 1 1 1 1 3 4 6 4 1 0 0 0 2 4 7 6 4 2 0 2 3 5 6 10 14 16 17 18 20 24 28 31 34 40 44 47 49 51 54 57 58 60 62 63 64 66 68 65 66 66 67
0 2 3 6 7 9 12 12 11 11 11 20 20 18 16 14 21 20 19 18 16 15 15 15 14 13 13 16 15 15 13 12 10 17 15 9 4 1 0 0 0 0 0 0 0 1 1 1 1 2 6 5 3 1 0 0 1 3 5 8 7 4 2 0 1 2 5 6 10 13 15 15 17 20 23 26 29 33 39 43 46 48 50 53 56 55 57 59 61 64 65 63 63 64 64 64
1 0 1 2 4 5 8 8 8 9 10 18 19 18 16 14 13 18 17 16 13 12 11 10 9 8 8 11 10 10 9 8 6 14 9 4 0 0 1 0 0 0 0 0 0 0 1 1 1 1 1 3 3 1 0 0 2 4 6 9 7 4 2 0 2 3 4 5 8 11 12 14 16 20 23 26 29 33 39 43 45 48 50 53 53 53 55 59 61 62 62 62 62 61 61 55
4 2 0 1 1 2 5 5 5 6 8 16 17 16 14 12 11 9 15 14 12 10 8 6 3 2 3 6 6 5 4 3 2 6 3 0 4 3 3 3 2 1 1 1 0 0 0 1 1 1 0 0 3 0 1 1 3 4 6 9 7 3 2 1 0 2 3 3 5 8 10 12 16 19 22 26 30 34 39 42 45 47 47 49 51 52 54 57 59 60 61 60 60 59 60 53
4 2 1 0 0 1 3 3 3 4 5 13 12 11 10 9 8 7 7 13 12 10 8 4 0 0 0 4 3 2 1 1 0 5 0 8 6 7 8 8 6 5 5 4 3 1 0 1 0 0 0 0 0 3 3 2 3 4 5 6 4 2 1 0 0 0 2 2 4 7 9 12 15 19 22 26 28 33 37 40 43 44 46 48 50 52 53 55 56 57 57 57 56 57 58 51
3 2 1 0 0 1 3 2 2 3 12 11 9 8 8 7 5 4 5 5 11 10 8 4 0 0 0 0 2 1 0 0 0 0 11 10 9 10 12 12 11 10 9 7 6 3 1 0 0 0 1 0 0 0 4 5 5 5 6 5 5 3 1 0 0 0 0 2 3 6 6 9 13 16 19 22 27 32 36 39 40 41 43 45 47 49 51 52 53 53 53 53 53 55 56 48
3 2 2 1 1 0 0 2 2 2 10 9 7 6 8 7 4 2 1 2 2 8 7 0 2 1 1 1 0 0 2 2 2 2 13 14 13 13 13 14 14 13 12 10 7 5 3 1 0 0 0 0 0 1 3 7 8 8 7 7 6 5 2 1 0 0 0 0 1 2 4 7 10 13 15 19 24 29 33 36 37 38 40 42 44 45 47 47 48 49 49 49 51 52 54 54
6 4 2 6 5 0 1 2 1 1 9 8 8 6 7 5 3 0 0 0 0 0 0 6 4 4 4 4 4 4 5 5 5 6 18 18 18 18 17 18 16 15 14 11 8 6 3 1 0 0 0 2 2 3 6 11 12 12 11 10 10 8 5 3 2 1 0 0 0 1 2 4 7 9 12 15 20 25 28 31 33 35 37 39 40 41 42 43 44 45 46 47 49 50 52 52
9 10 7 5 4 1 0 2 1 0 1 9 8 6 4 3 1 0 0 0 0 1 8 7 7 8 9 8 7 8 10 10 10 10 22 22 21 21 20 19 17 17 14 10 7 5 3 1 0 0 1 3 4 5 7 11 16 16 16 15 14 12 8 5 3 2 1 1 0 0 1 2 4 6 9 13 17 20 23 26 29 31 33 35 36 37 40 41 42 44 46 47 48 51 52 52
14 12 9 5 3 3 3 0 0 1 4 4 7 5 4 1 0 0 0 2 3 4 11 10 10 12 13 12 11 12 14 13 13 13 12 23 23 23 22 20 19 17 13 9 6 5 3 2 0 2 3 4 5 7 10 13 15 19 19 17 16 14 9 5 2 1 0 0 0 0 1 2 3 5 8 11 15 17 19 22 24 26 28 29 31 33 37 39 42 44 46 48 50 52 53 53
15 12 9 6 4 3 3 3 2 0 2 2 1 4 3 0 2 2 3 4 4 5 13 13 14 16 16 16 15 15 15 14 14 14 14 24 24 24 24 21 19 16 12 9 8 8 7 5 0 5 5 6 8 10 13 16 18 22 21 19 17 13 9 4 1 0 1 2 1 1 2 3 4 6 8 11 14 16 19 21 22 23 24 25 27 29 33 37 41 44 46 48 50 51 53 53
17 15 12 8 5 3 3 3 1 0 0 0 0 0 0 5 5 6 6 6 6 6 6 7 16 18 19 19 18 19 18 17 17 17 27 26 27 25 23 20 18 14 11 10 10 11 11 9 0 8 8 9 11 14 16 19 21 24 24 22 17 14 10 6 2 0 2 3 3 3 4 5 7 8 11 13 15 18 20 22 22 23 23 24 25 27 30 35 40 43 45 47 49 50 52 54
20 18 14 10 7 5 5 4 2 1 2 2 1 2 3 8 8 9 9 8 8 7 7 9 11 20 21 22 24 23 22 21 20 30 29 29 26 23 20 18 16 14 12 11 12 13 13 12 0 11 11 12 13 16 18 21 22 25 25 22 19 16 12 7 3 0 1 1 4 5 6 8 10 12 15 17 19 21 23 25 25 25 26 27 28 29 31 35 38 41 44 46 49 51 53 55
23 20 16 12 9 8 7 6 5 4 5 5 3 4 6 6 10 10 10 11 11 10 10 11 12 14 22 26 26 25 24 33 31 33 30 28 25 22 20 17 16 15 14 13 13 13 1 0 2 3 14 15 16 18 20 21 22 22 22 21 20 17 13 8 3 0 0 1 2 3 4 6 9 12 17 20 22 25 28 29 30 30 31 32 33 33 33 35 37 40 42 46 49 52 54 56
24 22 20 16 14 12 10 8 7 8 9 8 6 7 8 8 12 13 13 12 13 14 14 13 14 16 17 37 36 35 34 33 32 33 31 27 24 21 19 17 16 15 15 14 13 0 1 0 1 5 17 18 19 20 21 22 22 22 21 20 18 15 12 9 5 2 0 0 1 2 3 5 9 12 16 19 24 29 31 33 34 34 35 36 36 36 37 38 39 40 42 46 49 51 53 55
23 24 23 21 20 17 13 11 10 10 12 10 9 10 10 10 16 16 16 15 16 17 17 16 17 18 18 40 38 37 36 35 34 34 18 14 10 7 5 3 2 1 2 1 0 0 0 1 3 5 10 21 21 22 22 22 23 23 22 20 18 16 13 9 5 3 1 1 0 1 3 4 7 10 15 21 26 29 33 35 37 39 40 40 41 41 41 42 43 42 43 45 47 50 53 55
24 24 24 23 23 21 17 14 13 13 14 12 12 13 14 14 15 19 19 19 20 21 21 20 20 20 20 18 16 15 17 16 19 19 18 15 10 7 6 3 1 0 0 0 0 0 1 4 7 9 11 24 24 24 24 24 25 25 24 22 19 16 13 9 5 2 1 1 0 0 2 3 6 9 14 20 26 30 33 38 40 42 43 44 45 46 45 46 46 45 45 46 47 50 54 56
25 24 24 24 24 23 20 17 16 16 17 16 16 17 17 17 17 20 22 23 24 24 24 24 23 23 22 19 16 14 12 14 14 17 16 13 9 6 5 4 0 3 3 1 0 1 5 11 13 14 15 27 27 27 27 27 27 27 25 22 20 17 13 9 5 4 3 3 2 0 3 5 7 10 15 21 26 31 34 37 41 43 37 46 48 48 48 48 49 49 49 48 49 52 55 57
25 25 25 25 25 23 21 19 18 20 20 20 20 20 19 19 22 23 25 26 27 26 27 26 26 25 22 19 16 12 10 9 11 11 13 11 9 3 1 0 2 5 4 3 4 7 13 17 19 19 19 30 30 29 30 30 29 28 26 23 21 17 14 11 10 9 9 8 7 0 3 7 9 11 16 21 28 33 35 36 32 34 36 38 41 50 50 50 50 51 51 52 53 55 57 57
27 27 26 25 25 23 21 21 21 23 23 23 23 23 22 25 25 25 27 28 28 28 28 29 28 26 23 18 14 11 9 8 7 9 8 7 5 3 1 0 7 6 6 7 10 15 21 22 22 22 33 32 31 31 31 32 31 29 27 23 20 17 15 14 15 15 14 13 5 1 0 2 4 6 10 16 23 28 30 31 31 33 36 39 41 42 43 51 52 52 54 55 57 58 58 58
27 27 26 25 25 23 22 22 22 24 24 24 24 24 27 26 26 26 27 28 29 28 29 29 29 27 24 19 14 11 9 8 6 7 6 5 3 2 0 1 7 6 6 8 12 18 23 23 35 34 33 33 32 31 31 32 31 29 27 23 20 17 15 15 17 17 15 9 6 1 0 1 3 6 9 15 23 28 30 31 31 33 36 39 41 42 43 43 44 45 54 56 58 59 58 58
28 27 26 25 25 24 24 25 25 27 27 26 27 30 29 29 28 28 29 30 30 29 30 31 31 29 25 20 15 12 10 7 6 7 6 5 2 0 1 2 8 7 8 12 18 23 25 26 38 36 35 35 35 33 32 32 32 31 28 25 21 18 16 17 20 20 12 10 5 1 0 0 1 4 7 13 21 28 31 31 32 33 36 38 40 42 43 45 46 47 48 57 59 59 59 60
27 27 27 27 26 26 26 27 27 30 29 29 33 32 31 31 30 31 31 32 31 30 24 24 24 22 24 20 15 12 10 7 5 5 6 4 2 0 2 3 9 9 10 16 23 26 27 27 40 39 39 39 37 35 34 35 35 33 31 28 24 20 18 19 15 15 11 10 4 0 0 0 0 1 5 11 18 26 30 32 32 33 35 37 39 42 43 45 47 49 49 51 60 60 61 62
27 27 27 28 29 29 30 31 29 32 31 32 36 35 33 32 32 32 23 23 21 20 20 22 20 19 16 14 10 10 7 4 2 5 4 3 1 0 3 4 10 11 13 19 25 28 27 27 41 41 40 40 39 37 36 37 37 36 33 30 26 18 14 12 12 12 9 7 3 0 0 0 0 0 5 11 17 24 29 31 32 33 35 37 40 41 43 45 47 49 51 53 54 63 63 63
27 27 28 29 31 32 33 34 32 34 33 34 38 37 35 33 24 23 22 21 19 19 18 17 17 17 15 11 8 7 4 2 0 2 1 0 0 1 2 6 12 13 16 21 25 28 28 28 29 42 41 41 41 40 39 39 38 32 29 25 22 18 14 11 10 8 6 5 2 0 0 0 0 3 8 13 18 23 27 30 32 32 34 37 40 41 43 45 47 50 52 54 56 56 63 63
28 29 31 31 32 34 36 36 35 36 37 36 40 29 27 24 23 22 20 18 17 16 15 14 12 14 13 10 6 4 3 1 0 0 0 3 1 2 2 3 5 16 18 22 26 27 29 30 31 44 45 46 45 43 43 42 35 33 31 27 23 19 14 11 8 6 5 4 2 0 0 0 1 5 10 14 18 22 26 29 30 33 35 37 40 42 43 46 48 50 52 54 41 42 41 41
32 33 34 35 35 36 38 38 40 39 39 33 31 29 26 24 21 19 16 14 13 13 11 9 8 10 10 8 6 3 1 0 1 2 1 3 3 4 4 4 7 10 21 24 27 28 29 31 33 47 50 51 50 48 46 39 37 35 32 29 25 20 14 9 6 5 5 5 3 0 1 1 2 5 10 14 16 20 24 27 30 32 35 38 40 41 43 46 48 49 51 39 40 41 41 34
34 36 37 38 38 38 39 43 42 41 36 34 32 29 27 24 21 17 14 11 10 9 7 6 5 7 7 5 3 1 0 1 2 6 4 3 4 5 5 6 8 12 14 26 28 29 31 32 34 50 52 54 45 42 39 37 35 36 34 31 27 23 16 10 6 4 4 4 2 0 0 1 1 4 8 11 15 19 24 28 30 33 36 38 40 41 43 45 34 35 36 37 38 39 33 33
36 36 38 40 40 40 40 41 43 42 37 36 33 30 26 23 20 15 12 10 8 7 5 4 3 6 5 4 2 1 0 2 6 6 5 5 5 6 7 7 10 14 16 19 30 31 33 35 36 37 45 45 43 40 38 36 34 33 33 31 29 25 20 14 8 5 4 3 2 0 0 0 2 6 11 14 16 20 25 28 32 34 37 39 40 41 43 31 32 34 35 36 37 38 31 30
38 38 39 40 31 31 32 44 44 44 38 36 33 29 25 22 18 14 12 9 7 6 5 4 3 2 5 4 3 3 0 7 7 7 7 8 7 8 9 10 13 16 18 21 23 33 35 37 38 37 43 43 41 39 38 36 34 32 31 31 29 27 24 18 11 6 3 3 2 1 0 1 5 11 17 19 19 20 24 28 32 34 37 35 37 42 30 30 30 33 34 38 38 31 30 29
39 40 41 41 32 31 31 32 32 31 30 35 33 28 25 22 18 14 11 9 7 5 4 3 3 3 2 1 0 0 9 9 9 9 10 11 10 11 11 13 16 18 20 22 24 26 36 38 44 44 43 42 41 39 37 35 33 31 30 30 29 28 26 21 14 8 4 2 0 0 2 3 9 16 22 22 20 19 23 28 31 29 31 35 36 29 28 27 28 29 33 36 32 31 29 27
40 41 32 32 31 29 29 30 29 28 27 26 32 28 25 22 18 14 11 9 8 7 6 4 4 3 2 1 0 0 1 11 11 12 12 12 11 12 14 15 18 21 22 23 24 26 27 29 44 43 43 42 41 40 38 35 32 30 29 28 27 26 24 21 15 8 2 1 0 0 1 3 8 16 21 22 16 15 19 24 26 28 30 33 26 26 25 25 24 26 29 27 28 28 26 25
40 32 32 30 29 28 28 27 26 24 24 24 23 29 26 23 19 15 12 10 10 9 7 7 5 4 3 2 0 0 1 2 3 3 3 2 3 14 15 17 20 23 25 25 26 28 29 29 43 43 42 41 41 39 37 34 31 28 27 26 24 23 22 19 14 8 2 0 0 0 0 1 4 10 16 18 15 15 18 22 25 26 28 22 23 22 22 21 21 22 23 20 21 22 22 22
31 31 30 29 29 28 27 25 23 21 21 21 21 20 18 15 12 8 13 12 11 9 8 7 6 3 4 3 0 1 1 1 1 1 2 3 5 5 16 18 21 24 26 27 28 29 30 45 44 43 42 40 39 37 35 33 30 27 26 24 22 21 19 17 13 8 3 1 0 1 2 0 2 5 9 11 11 11 14 19 22 24 21 19 19 19 19 18 18 19 19 15 16 17 18 20
32 30 29 28 27 27 26 23 20 19 19 19 18 16 14 12 9 7 5 5 4 2 6 5 4 2 1 0 1 2 2 1 1 1 2 4 7 8 19 20 22 25 27 28 29 30 30 45 45 44 42 40 38 37 35 33 30 28 26 24 22 20 19 18 13 8 4 2 0 1 1 1 0 1 3 4 4 6 10 14 18 16 15 16 17 16 16 15 16 17 13 13 14 16 18 20
31 28 26 25 24 24 24 21 18 16 16 16 15 13 11 9 7 6 5 4 3 2 0 1 0 0 0 0 0 2 2 2 2 2 2 5 8 11 22 23 24 26 27 28 29 30 31 46 45 44 43 41 40 39 37 34 31 29 27 25 23 22 22 20 15 9 4 2 0 0 1 1 1 0 0 0 0 3 6 10 8 8 10 12 13 13 13 12 13 10 12 14 15 18 20 22
30 27 24 23 21 20 20 18 15 13 13 13 12 11 10 8 7 6 4 3 2 1 0 0 3 3 3 1 1 2 2 3 4 4 6 8 10 12 14 26 26 28 29 30 31 32 33 47 46 45 43 42 40 39 37 34 32 31 29 27 26 24 24 22 18 11 5 3 0 0 0 1 1 1 0 1 3 0 0 2 4 3 5 7 8 10 9 10 6 9 12 14 17 20 22 24
29 26 23 21 20 18 17 16 14 12 12 11 10 10 9 8 8 7 4 2 2 1 0 0 4 7 5 4 5 4 4 6 8 8 10 12 14 15 16 18 29 31 32 33 33 34 34 48 47 45 44 41 39 38 36 34 34 32 31 30 29 28 26 24 19 14 9 7 1 0 0 0 1 2 3 4 6 7 3 0 0 0 1 2 4 6 7 3 4 8 11 12 15 19 22 25
29 26 24 22 20 18 17 16 14 14 13 11 10 10 10 9 9 7 4 3 2 1 1 0 1 8 8 7 6 5 6 9 11 11 13 16 17 18 19 20 32 33 34 34 34 35 50 48 47 46 44 42 40 38 36 35 35 34 33 33 32 30 27 24 21 17 13 11 5 1 0 0 1 4 8 8 9 10 10 6 3 1 0 0 0 4 3 1 2 5 8 11 14 19 23 25
31 28 26 24 21 20 19 17 16 16 15 13 12 11 11 10 9 8 6 4 3 3 1 0 1 8 7 6 5 6 8 11 13 13 16 19 21 21 21 22 24 34 35 34 34 49 49 48 47 46 45 43 42 40 38 37 36 35 35 34 33 21 18 15 11 18 15 13 8 4 0 2 4 8 11 13 14 14 14 10 7 4 1 1 3 0 0 1 0 2 7 12 15 19 22 25
34 31 29 26 23 22 20 18 17 17 16 14 12 12 11 10 9 9 8 6 5 4 2 1 1 8 7 5 5 6 9 12 15 16 18 21 23 24 24 25 26 36 36 36 35 50 49 47 46 45 45 44 43 42 40 38 37 36 19 23 21 18 17 13 10 7 4 12 8 0 3 6 8 11 14 16 18 17 17 14 9 6 5 5 6 7 3 0 0 3 8 13 16 18 21 23
37 35 32 29 26 23 21 19 18 17 16 15 13 12 10 9 9 9 8 7 7 5 3 2 2 8 6 5 5 7 11 14 17 19 21 23 24 25 27 28 29 39 38 38 37 51 49 47 46 46 45 45 44 42 41 40 22 20 19 18 20 17 13 10 8 5 2 0 0 6 7 10 11 13 16 19 21 20 20 22 11 9 8 9 9 9 9 2 3 0 9 13 17 9 8 9
40 38 35 32 28 25 22 20 18 17 16 15 14 12 11 10 10 10 10 9 8 6 3 2 10 9 7 6 6 9 13 17 20 21 23 24 25 27 29 30 30 40 39 39 54 52 50 48 48 48 47 29 27 43 26 25 23 20 17 16 15 14 13 8 4 2 0 2 1 11 13 16 16 18 20 24 26 25 24 23 12 12 12 13 13 13 13 6 7 8 0 3 6 5 7 7
42 40 38 34 30 27 24 22 19 18 17 16 15 13 12 12 12 12 12 11 9 6 3 3 4 11 9 9 10 13 16 20 22 23 24 25 26 28 30 30 31 41 41 40 54 52 51 50 50 50 32 30 27 25 26 24 22 19 16 14 12 11 9 4 2 0 5 5 6 9 19 22 22 23 25 28 30 30 28 26 15 15 17 18 18 18 18 11 10 11 12 0 1 3 4 5
43 41 40 37 33 30 27 23 20 18 17 16 15 14 15 15 15 14 14 12 9 6 4 4 5 12 11 12 13 15 19 22 24 24 24 25 27 29 30 31 32 42 42 56 54 53 52 52 34 33 31 29 27 25 25 23 22 19 17 14 11 9 5 1 0 3 9 9 10 13 16 25 25 26 28 31 33 33 31 29 18 19 20 21 21 21 22 15 14 15 14 14 0 1 1 3
43 42 41 38 35 31 28 24 21 19 18 17 17 17 18 18 17 16 15 12 9 6 6 7 7 13 12 13 15 17 20 23 24 24 25 26 28 30 31 32 33 43 58 56 55 54 54 36 35 32 31 29 27 25 24 22 20 18 17 14 10 7 4 2 0 2 6 11 13 15 17 18 27 28 30 33 35 35 34 33 21 20 22 23 24 25 27 19 18 19 18 17 2 2 2 3
44 43 41 39 37 34 30 27 23 22 21 21 20 21 22 21 20 18 16 13 10 8 8 9 15 14 14 15 17 19 21 23 25 25 26 27 29 30 31 32 33 31 58 57 56 37 36 35 35 33 31 29 28 26 24 22 19 17 14 13 10 7 4 1 0 1 4 12 13 15 17 19 10 12 16 35 37 37 37 36 24 22 23 25 27 28 31 23 23 23 21 20 5 5 5 5
44 43 42 41 40 37 34 31 28 26 25 24 24 25 26 25 23 20 18 15 12 10 10 17 16 16 16 17 18 20 21 23 25 25 26 27 29 30 29 30 31 31 30 39 38 36 35 34 34 33 31 29 27 25 24 22 19 15 12 10 9 7 5 2 0 2 4 4 4 6 8 9 11 13 16 19 20 20 38 27 26 25 27 29 30 32 35 28 28 27 25 23 8 6 6 6
44 44 44 43 42 40 38 35 33 31 30 28 27 27 28 28 25 22 20 17 14 12 12 19 18 18 19 20 21 22 23 24 25 25 26 26 28 27 28 28 29 29 29 28 36 35 34 33 33 31 30 29 26 24 22 22 19 15 12 10 8 7 6 3 1 0 2 3 4 8 12 13 14 14 15 17 19 21 23 29 28 29 32 34 34 36 38 38 31 30 27 11 9 8 8 9
45 45 44 44 43 42 41 38 36 35 34 32 30 31 30 29 26 23 21 19 16 14 13 20 19 20 21 23 24 25 26 27 27 27 26 24 24 25 25 26 26 27 26 26 26 26 35 34 33 32 31 28 25 23 21 19 18 15 12 9 7 6 5 4 1 0 0 0 3 9 14 16 16 15 14 15 18 22 24 31 31 33 36 38 38 39 40 40 31 30 14 12 10 10 10 12
39 39 39 44 43 43 43 41 39 37 36 34 33 33 32 30 27 24 22 20 17 16 15 21 21 22 24 26 27 27 28 29 30 30 29 25 24 23 23 23 24 24 24 24 25 25 26 35 34 33 32 29 25 22 20 18 17 15 11 8 7 6 5 3 0 0 0 0 3 7 11 14 16 15 15 15 17 22 25 27 34 36 38 40 41 42 42 34 34 18 16 14 13 12 13 15
38 39 39 44 44 44 44 42 40 38 37 36 35 34 32 30 27 25 22 19 18 17 24 24 25 25 26 27 28 29 30 31 31 31 28 27 25 23 22 21 21 21 21 22 22 23 24 25 25 26 32 29 27 23 20 18 16 14 11 9 7 6 5 2 0 0 1 2 4 6 10 13 16 17 18 17 19 22 25 27 29 32 39 41 43 44 46 38 24 22 20 18 17 17 18 20
38 39 39 44 45 45 45 43 41 40 39 38 36 33 31 28 25 24 21 18 17 17 17 26 27 27 27 28 30 31 32 33 32 30 30 29 27 24 22 20 19 18 18 19 19 19 21 23 24 23 22 20 26 24 21 19 17 14 12 10 7 5 4 2 0 1 3 3 5 8 12 16 19 20 21 20 20 22 25 27 29 32 34 42 44 46 48 42 27 26 24 23 22 21 23 25
38 40 41 46 46 46 45 44 43 42 41 39 36 32 29 26 24 23 21 18 17 17 17 19 20 20 21 24 33 34 34 34 34 32 32 31 29 26 24 21 18 17 16 16 17 18 19 21 21 20 19 18 16 23 21 19 16 14 12 10 7 5 5 2 0 0 2 2 5 9 14 18 22 22 22 22 22 23 26 28 30 32 34 37 40 48 50 51 30 29 28 26 25 24 26 27
38 40 41 41 41 46 45 44 43 43 41 39 36 32 29 26 24 23 21 18 17 17 17 19 21 21 22 24 26 27 35 35 33 32 32 31 29 27 24 21 18 16 15 16 17 17 18 20 20 20 18 16 15 14 16 14 11 9 7 5 2 0 0 0 1 0 2 3 5 9 13 18 22 23 22 22 23 24 27 29 30 32 34 37 40 43 50 52 52 30 28 27 25 25 26 28
35 38 39 40 41 41 45 45 44 43 41 37 34 32 28 26 25 24 23 20 17 17 18 19 21 22 23 25 26 28 29 37 34 34 34 33 31 28 26 23 19 16 15 15 15 15 16 18 19 18 16 14 12 11 11 13 10 8 6 4 2 0 3 4 3 0 2 4 6 10 15 21 24 25 25 24 24 26 29 31 32 34 36 39 42 45 46 53 53 31 30 28 27 27 28 29
32 34 36 38 39 40 40 45 44 43 40 35 33 31 29 27 27 27 26 23 21 20 20 21 23 24 26 27 27 29 31 36 36 36 36 35 32 29 26 23 21 18 15 14 13 13 15 16 16 15 13 11 9 8 8 10 8 7 5 3 1 0 6 6 3 0 3 4 7 12 19 25 28 28 27 26 26 29 32 34 35 36 38 41 43 46 47 48 54 32 31 29 29 29 30 31
29 31 33 35 37 38 39 44 43 41 38 35 33 31 30 29 29 29 28 26 24 23 22 23 25 27 29 30 30 32 33 38 37 37 37 37 33 30 27 25 23 20 17 15 14 13 13 13 11 10 10 8 7 6 7 9 8 6 5 3 1 0 0 0 0 1 2 6 9 14 19 25 27 29 29 28 29 31 34 35 37 39 40 42 44 47 49 49 55 33 32 31 31 31 32 33
26 28 31 33 36 37 38 43 42 40 39 37 35 33 33 32 31 30 29 28 26 25 24 24 25 27 31 33 34 34 34 39 38 38 27 37 35 32 30 27 25 22 20 18 16 14 12 9 8 8 8 7 6 6 6 6 7 5 4 2 0 0 0 0 0 2 3 5 11 14 18 23 26 27 31 31 32 33 36 38 40 42 44 45 47 49 51 51 57 35 35 34 33 34 35 36
