samples/map_hand.asc
ncols        596
nrows        402
xllcorner    -53.750156036121
yllcorner    -28.497165926595
cellsize     0.000269494585
NODATA_value  -1
[rows 65 to 129 of 402, columns 192 to 287 of 596]
5 4 3 3 5 5 5 1 2 3 4 3 2 3 2 0 0 0 4 8 10 6 0 0 0 0 3 6 9 12 15 18 20 23 24 26 28 30 32 35 36 37 37 36 34 35 34 32 31 30 29 26 23 22 21 18 15 14 14 13 10 7 4 1 0 1 2 3 5 8 10 12 15 19 23 22 20 17 16 14 9 6 3 1 0 2 3 6 7 10 13 14 16 17 19 22
9 8 7 7 8 8 7 3 5 7 8 7 5 4 1 0 0 0 1 5 5 0 4 3 4 6 8 10 12 15 17 19 22 25 27 28 30 32 35 37 38 39 39 38 36 36 35 33 31 30 28 26 24 24 22 19 16 17 17 15 12 9 6 3 2 0 1 2 4 6 9 13 16 28 29 31 20 17 16 15 11 7 4 2 0 1 3 5 8 11 14 15 17 20 21 23
12 12 12 12 12 12 11 7 9 12 13 13 10 8 3 2 2 1 0 0 0 2 6 9 7 10 12 14 15 17 18 20 23 26 28 30 32 34 36 37 38 39 40 40 37 36 35 34 37 35 28 26 26 25 25 22 19 20 17 14 11 8 5 3 1 0 1 2 4 8 10 13 25 26 27 30 28 25 15 13 10 6 3 1 0 1 3 6 9 12 15 15 17 29 31 34
16 15 15 16 16 15 14 10 13 17 21 21 18 14 7 6 6 4 2 3 3 6 5 8 12 16 20 15 16 18 19 20 23 26 28 30 32 33 35 37 37 38 39 40 41 40 41 39 37 35 32 31 30 27 25 22 22 20 17 14 11 8 5 3 1 0 1 4 5 6 10 21 22 24 29 28 26 24 22 11 8 5 2 0 0 1 4 7 9 11 14 25 26 28 30 32
19 18 18 18 19 18 17 13 15 20 24 24 22 14 11 10 9 7 5 6 7 6 7 9 10 15 20 22 17 19 20 22 24 27 28 30 33 34 36 37 38 38 38 39 40 39 38 38 36 35 32 31 29 28 27 24 21 20 17 14 22 18 15 13 12 11 0 2 3 5 17 18 19 25 26 25 24 23 21 19 8 5 2 0 1 1 3 5 8 11 23 24 26 28 30 32
22 22 21 22 21 21 20 16 16 19 21 23 19 17 15 14 12 10 9 9 9 9 7 9 10 15 19 21 23 25 27 23 25 27 29 31 33 35 37 38 39 39 39 39 40 38 37 35 36 34 32 31 30 28 26 23 22 31 28 25 22 18 16 13 11 10 9 0 2 13 14 16 17 22 23 22 22 21 19 17 14 3 1 0 0 0 2 14 17 20 22 23 26 34 36 39
25 25 25 25 24 23 23 19 19 20 21 23 21 20 19 18 15 14 13 13 12 11 9 11 12 14 16 19 22 25 27 29 31 34 30 32 34 36 37 39 40 40 41 40 39 37 36 34 33 32 30 29 28 26 24 21 32 31 28 25 22 19 17 14 11 9 7 0 11 11 12 13 14 18 19 19 18 16 15 13 11 9 9 9 2 0 11 12 15 18 21 28 30 32 35 38
33 26 26 27 26 26 26 22 22 23 24 26 27 23 22 21 18 17 17 17 15 13 11 13 13 14 16 18 21 24 26 28 31 34 37 33 34 36 44 39 46 41 40 40 39 36 34 33 31 31 30 29 27 25 23 20 19 30 27 25 22 19 17 14 10 8 6 0 9 9 10 11 11 15 17 17 14 12 10 8 7 6 7 8 3 0 9 11 20 23 25 26 29 30 33 37
24 25 26 28 29 29 29 25 25 25 26 28 29 25 24 23 20 19 20 19 17 15 13 15 15 16 17 19 21 24 26 28 31 34 37 39 40 41 43 44 40 40 39 39 38 36 34 32 30 30 29 27 25 23 20 19 17 29 27 24 21 18 15 12 8 5 4 0 7 7 8 9 9 13 14 13 12 9 7 5 4 4 5 3 0 8 8 15 18 21 23 24 26 29 32 36
26 28 29 31 32 32 32 28 27 27 27 29 30 27 27 25 23 22 24 23 21 19 17 18 18 19 20 22 23 25 27 29 31 34 37 39 40 41 42 38 39 39 38 37 37 35 33 31 30 28 27 25 24 21 19 18 16 28 27 24 21 17 14 10 7 3 2 0 5 5 5 5 6 10 10 9 8 7 4 2 1 1 2 0 6 8 15 14 15 17 20 21 24 28 32 36
28 30 32 34 34 34 34 30 30 29 30 30 32 33 29 27 25 26 27 26 24 23 20 20 20 22 24 26 27 27 29 30 31 34 36 38 40 41 36 37 37 36 36 35 35 33 31 30 29 27 26 24 22 20 18 17 15 20 26 23 19 16 13 10 6 2 0 0 2 2 2 2 2 6 6 6 4 3 1 0 0 0 0 4 6 8 14 13 13 15 18 19 23 28 32 35
29 32 34 35 36 37 37 33 33 33 33 33 34 35 30 28 28 29 30 29 27 23 22 23 23 24 26 28 29 30 30 31 32 34 36 38 39 35 35 35 34 33 32 32 31 30 28 27 26 25 23 22 20 19 17 15 14 14 17 22 18 15 12 10 7 3 2 1 0 0 0 0 1 5 4 3 2 1 1 1 0 2 2 3 7 13 13 12 11 13 16 18 22 27 30 33
27 30 35 37 39 39 39 35 35 36 35 35 36 37 32 31 31 32 32 30 26 24 23 24 24 25 27 29 31 33 33 33 34 35 36 38 38 33 33 32 31 30 28 28 27 26 25 24 24 22 20 19 17 16 15 13 11 11 15 13 18 15 13 10 8 6 4 5 2 0 0 0 1 5 3 2 2 1 1 1 1 0 0 2 9 10 10 10 9 11 15 17 21 25 28 38
28 31 33 38 39 41 41 37 38 39 38 38 38 35 35 34 34 33 32 29 27 25 25 26 26 27 28 31 34 35 35 34 35 36 37 38 39 33 31 29 27 26 25 24 24 23 22 22 22 20 18 16 15 14 13 11 9 9 8 12 10 8 6 3 2 7 8 3 0 2 1 0 0 4 3 3 3 2 1 2 5 3 2 0 5 5 6 6 8 10 14 15 20 24 27 35
30 31 33 36 40 42 43 40 40 41 41 40 40 40 37 36 35 35 32 31 29 27 27 29 30 30 31 33 35 36 36 36 38 39 39 40 34 33 30 27 25 23 22 22 21 20 19 19 18 17 15 14 12 10 9 8 7 7 6 10 10 7 3 2 0 0 5 0 6 5 2 3 0 0 2 2 2 3 3 4 6 4 2 0 4 4 4 5 7 10 13 14 17 21 30 31
30 32 35 37 39 43 44 45 41 42 43 42 42 42 38 38 37 37 33 32 30 28 29 31 32 32 33 35 36 37 37 38 39 40 41 36 34 33 30 27 24 22 21 20 19 18 17 17 15 13 12 10 8 7 7 7 6 5 4 8 7 5 2 0 0 0 0 9 8 6 6 3 1 0 0 0 1 3 5 8 8 6 4 1 0 4 4 5 7 10 12 13 15 25 27 28
32 35 37 38 40 41 45 45 42 43 44 44 43 43 40 40 39 35 33 32 30 29 29 32 32 33 34 36 38 38 38 39 40 40 41 36 35 33 31 28 25 22 21 20 18 17 17 15 13 11 9 7 7 7 7 6 5 4 3 2 5 2 0 2 1 1 1 10 9 10 7 4 2 1 0 0 1 3 11 11 8 7 5 3 1 0 4 5 6 8 10 11 19 22 25 25
33 36 37 39 41 42 47 47 48 44 44 45 45 45 45 41 38 35 33 32 30 30 30 32 33 33 35 38 39 40 40 41 41 41 42 37 36 35 33 30 27 24 22 21 19 18 17 15 12 10 8 7 7 7 7 6 4 4 3 2 0 0 1 3 3 3 2 11 13 10 7 5 3 1 0 0 1 9 9 9 14 14 6 5 3 2 0 4 4 6 8 15 17 21 22 22
34 37 38 39 41 43 45 49 50 45 45 45 45 45 45 39 38 36 34 33 31 31 32 34 34 35 36 39 40 41 41 42 43 43 43 38 37 35 33 30 27 25 23 21 19 19 18 16 13 11 9 9 9 8 7 5 4 4 4 3 3 3 3 6 5 4 3 14 13 12 9 6 4 3 1 0 1 7 7 7 11 12 13 5 4 2 1 0 3 3 11 12 15 18 19 18
35 37 39 40 42 44 45 46 47 46 45 45 45 46 46 46 39 31 28 27 25 25 26 28 29 29 31 39 41 41 42 43 44 39 38 38 37 36 34 31 28 26 23 20 19 18 17 15 14 13 11 10 10 9 7 5 4 4 4 6 6 5 6 8 6 5 16 15 15 13 11 8 6 5 4 1 0 1 5 5 9 10 11 12 4 3 6 4 0 1 8 9 11 14 15 16
34 36 39 41 42 43 44 46 47 47 46 46 47 47 47 33 33 31 28 26 25 25 26 27 28 30 32 34 42 42 43 44 38 39 38 38 37 36 34 32 30 27 24 21 19 18 17 16 16 15 14 13 11 10 8 7 6 5 5 10 9 8 8 9 8 18 17 17 16 15 12 11 9 9 7 3 1 0 5 4 8 8 8 9 11 10 10 9 1 0 6 7 8 10 12 13
35 37 40 42 42 42 43 45 46 46 47 48 48 48 35 34 33 31 28 27 25 24 24 25 26 28 31 34 36 37 43 37 37 38 38 37 36 35 34 32 30 27 24 22 21 20 19 19 19 17 15 14 12 12 11 10 9 9 8 7 11 10 11 11 22 20 18 17 17 16 14 13 12 12 9 5 3 1 0 4 3 5 5 6 8 7 6 6 0 6 6 7 7 8 9 9
36 38 40 42 42 43 44 45 46 47 34 35 35 35 35 33 32 30 29 28 25 23 22 23 24 27 30 33 35 37 37 37 36 37 37 36 34 34 32 31 29 27 26 25 24 23 21 21 21 19 17 15 14 13 13 13 12 11 10 10 14 14 14 14 25 23 20 19 18 18 16 14 15 13 11 8 5 3 3 0 0 0 2 2 3 3 2 3 0 4 4 5 6 6 6 5
38 39 41 43 44 45 45 32 33 33 34 34 34 34 34 32 32 31 29 27 24 22 22 23 24 27 30 32 34 36 36 36 35 36 35 34 33 32 32 31 30 29 29 29 28 26 24 23 22 21 20 18 16 15 14 14 13 12 12 12 18 17 18 17 27 25 22 21 20 20 18 18 17 16 14 11 8 14 10 6 3 2 0 0 1 0 0 1 0 2 2 3 3 4 4 4
39 40 42 44 45 46 46 31 32 32 33 33 33 33 32 32 32 31 28 25 22 21 22 24 25 27 29 31 33 34 35 35 35 35 35 34 33 32 32 32 32 32 32 31 30 28 26 25 24 24 23 20 19 17 17 15 14 14 14 15 21 20 21 32 31 28 26 24 23 23 23 21 20 19 17 15 19 16 13 9 6 6 3 1 0 1 1 0 0 2 1 2 2 2 3 4
39 40 42 43 44 45 44 30 30 31 32 32 32 32 32 33 32 30 27 24 21 20 21 23 24 26 27 29 30 31 31 32 33 34 35 34 33 33 33 33 33 34 34 33 33 31 29 27 26 26 25 24 22 20 19 18 17 17 17 17 23 22 22 34 33 31 28 27 26 27 25 24 22 21 27 24 21 18 17 14 11 9 5 2 1 1 4 2 0 1 2 2 2 2 2 3
39 40 41 42 42 43 43 29 29 29 30 30 30 31 32 32 30 28 25 23 21 19 19 20 21 22 24 26 27 28 29 30 32 33 34 35 34 34 34 35 36 35 35 36 36 34 31 29 28 28 27 26 25 24 24 23 21 20 20 19 25 23 23 35 34 32 30 29 30 28 26 26 24 30 27 25 22 21 19 16 15 11 7 3 2 4 3 2 0 2 2 2 1 1 2 3
38 39 40 41 42 42 42 28 28 29 29 29 30 31 31 31 28 26 24 23 21 19 18 17 18 20 22 24 25 26 28 30 32 32 34 36 36 36 36 37 38 38 38 38 37 35 32 31 30 29 28 27 26 26 26 24 22 22 21 21 26 25 24 36 35 33 31 32 31 28 27 27 34 31 28 25 24 22 22 18 15 12 8 8 5 4 2 1 0 0 0 0 0 0 1 2
39 40 41 42 42 42 28 28 28 29 29 28 29 30 30 30 27 25 24 23 21 19 17 17 17 19 21 23 25 26 28 30 32 32 34 35 35 36 37 38 39 38 38 38 37 35 33 31 30 29 28 27 26 27 26 24 43 42 41 41 40 39 38 38 37 35 33 32 31 42 40 35 34 32 28 31 29 27 25 21 18 15 11 8 5 4 2 1 0 0 0 0 0 0 1 2
39 39 39 40 41 41 27 27 27 28 28 27 27 28 27 26 24 23 23 22 20 18 16 15 15 16 18 21 23 24 27 29 31 32 34 36 36 37 37 39 39 39 39 39 38 36 34 33 32 31 30 28 27 27 26 45 43 43 43 43 41 40 39 39 38 36 35 34 45 43 41 40 39 37 34 32 31 29 26 22 19 16 13 8 5 2 1 0 0 0 0 0 0 0 1 3
39 38 38 39 39 40 26 26 26 26 25 24 24 24 23 23 22 21 20 19 17 15 13 12 12 13 16 18 20 22 25 28 31 33 35 36 36 36 37 37 52 52 52 52 38 37 36 36 35 33 32 30 29 28 47 46 45 45 45 44 42 41 54 53 52 50 49 47 46 44 42 41 39 37 35 34 32 30 27 22 19 17 14 9 5 2 1 0 0 0 0 0 0 0 2 3
37 37 37 37 38 36 36 24 23 23 23 22 22 21 20 20 19 19 17 16 13 11 9 8 9 10 13 16 18 20 24 28 31 33 35 36 36 36 36 37 51 51 51 50 51 51 50 49 48 47 32 31 30 49 48 40 38 59 59 57 43 56 54 52 50 49 48 47 46 45 42 41 39 37 35 34 32 30 26 22 19 17 14 10 6 4 2 1 1 1 1 1 0 1 2 3
37 37 37 34 35 34 34 33 21 21 20 20 20 19 17 17 17 16 14 12 10 7 6 6 6 8 10 13 15 19 23 26 29 32 34 35 36 36 36 50 51 50 49 48 49 49 48 47 46 45 44 44 43 42 41 40 38 59 58 56 56 55 52 50 49 48 47 46 45 44 42 40 39 37 35 34 31 29 26 22 19 17 13 11 8 6 5 3 3 3 2 2 0 1 1 2
36 37 37 34 34 33 32 31 20 20 18 18 17 16 15 14 13 11 9 8 7 6 4 5 5 6 8 11 14 18 22 25 28 31 33 34 35 36 50 50 50 48 47 47 46 46 44 43 42 41 41 42 42 41 40 39 37 58 57 56 54 53 51 49 49 48 47 46 44 43 42 40 37 36 35 33 31 29 27 23 19 17 14 12 11 7 4 2 2 2 0 0 0 0 0 2
35 37 37 34 33 32 31 25 25 18 16 15 15 14 12 10 9 7 5 5 5 4 4 4 4 5 7 10 14 18 21 25 27 29 31 33 34 49 49 49 48 45 44 43 42 41 39 38 36 36 36 38 39 39 38 37 36 36 56 55 53 52 50 49 48 47 45 43 42 41 40 38 37 36 35 33 31 30 27 24 21 18 16 15 12 7 4 2 1 1 0 0 0 0 0 2
34 36 36 36 32 31 30 24 24 22 15 13 12 11 10 7 5 3 2 3 4 4 4 5 5 6 8 11 14 17 21 24 28 30 32 33 48 47 46 46 45 42 40 39 37 36 35 34 32 32 32 34 35 35 35 35 35 35 34 54 53 51 49 47 45 44 42 39 38 38 37 37 38 37 37 35 32 30 27 25 22 19 18 16 12 9 5 3 3 1 0 0 0 1 1 2
32 34 34 34 34 30 29 23 23 21 19 13 11 9 7 4 1 0 1 2 4 6 6 6 6 8 11 13 15 18 22 25 29 32 32 47 46 45 43 42 41 39 37 35 34 33 32 31 29 29 29 30 32 32 32 33 34 33 32 32 52 50 48 45 43 41 38 36 35 35 35 35 37 38 38 36 33 29 26 24 24 21 18 17 14 10 8 6 4 3 1 1 0 1 1 1
29 31 32 33 33 32 28 28 21 20 18 17 10 8 4 1 0 0 0 3 5 16 17 8 8 10 12 14 16 19 23 26 29 31 45 44 43 42 40 38 36 34 32 31 31 30 29 28 27 26 26 27 28 29 30 31 31 31 30 30 29 49 47 45 42 39 37 34 33 32 33 34 34 35 35 34 31 28 27 25 24 21 18 17 14 11 9 7 6 4 2 2 0 0 1 0
27 28 30 31 31 30 27 27 26 18 16 14 13 6 2 0 0 0 2 3 14 15 16 18 18 20 22 24 27 19 23 25 27 29 43 42 41 40 38 35 32 29 28 27 27 25 25 25 24 23 23 23 24 25 27 28 28 28 28 28 26 46 45 44 42 39 37 34 32 31 32 32 32 32 32 30 28 27 27 25 23 21 19 17 16 14 11 9 7 5 3 2 1 0 0 1
25 26 28 28 28 27 24 24 23 21 13 11 9 6 2 0 1 2 2 12 13 15 16 18 19 21 23 26 27 30 22 25 27 28 42 41 40 38 35 33 30 27 26 25 24 22 21 21 20 20 20 20 20 21 22 24 24 24 24 24 24 23 43 42 41 39 36 34 31 30 31 31 30 29 28 26 25 26 25 24 22 21 19 18 17 15 12 9 5 3 2 1 1 0 1 3
22 23 25 25 25 24 20 19 19 18 16 8 6 3 0 5 6 7 11 12 14 16 19 21 21 23 25 27 28 30 33 25 26 37 37 40 39 36 33 31 28 25 24 23 22 20 19 18 18 18 18 18 17 17 18 19 20 20 20 20 21 22 22 41 40 38 36 35 32 30 29 29 28 26 24 23 23 23 23 22 21 20 19 17 16 14 11 7 4 2 0 0 0 0 1 3
19 20 22 23 22 21 17 17 16 15 12 8 3 0 3 7 11 11 11 13 15 18 21 23 24 25 27 28 29 30 33 35 35 35 40 39 38 34 31 29 26 24 21 20 20 18 16 15 15 15 16 16 15 15 15 16 16 16 16 16 18 19 20 19 39 37 36 35 32 30 28 27 26 24 22 21 20 20 20 20 20 18 18 16 15 13 10 6 3 1 0 0 0 0 0 1
17 17 18 19 19 18 15 14 13 11 9 5 3 0 3 8 10 10 12 14 17 20 22 25 25 27 28 29 30 31 33 34 34 34 39 38 37 34 31 28 25 22 20 19 18 17 15 14 14 14 14 14 13 13 13 13 13 13 12 13 14 15 17 17 17 37 35 34 32 30 28 26 25 24 22 19 17 16 17 18 18 17 16 15 14 12 9 6 3 1 0 0 0 0 0 0
15 14 15 15 15 15 11 10 8 7 7 7 3 0 4 6 8 10 13 16 18 21 23 25 26 29 30 30 31 32 33 34 35 35 40 38 36 34 31 28 25 22 20 19 18 16 14 13 13 12 12 12 11 10 10 10 10 9 9 10 11 12 13 14 15 15 35 34 32 30 28 26 24 23 21 18 15 13 13 14 14 15 15 14 12 10 8 5 2 0 0 0 0 0 0 0
14 12 10 11 11 12 8 5 3 3 3 4 3 0 2 4 7 10 14 16 19 21 23 25 27 29 31 32 32 33 34 35 41 41 40 38 35 32 30 28 26 24 21 19 17 15 13 12 12 11 11 10 9 9 9 9 8 8 7 7 8 8 9 11 13 14 14 34 32 30 28 25 22 20 18 16 14 11 9 9 10 12 12 12 10 8 5 2 0 0 0 0 0 0 0 0
12 10 8 8 9 9 5 2 0 0 0 1 0 1 3 5 8 11 13 16 19 21 24 26 27 30 32 34 34 34 40 40 40 39 38 36 33 30 28 27 26 24 22 20 17 14 14 14 13 12 11 10 9 8 8 7 6 6 5 5 5 6 7 9 11 12 13 34 32 30 28 25 22 19 17 14 12 9 7 7 8 8 8 8 7 6 4 1 0 0 0 0 0 0 0 0
12 10 7 6 6 6 2 0 0 0 0 0 1 3 4 6 9 12 14 17 20 23 26 27 28 31 33 34 39 39 39 38 37 36 34 32 31 30 29 27 26 24 23 21 19 18 18 17 16 14 12 11 10 10 8 7 5 5 3 3 4 5 6 7 9 11 12 34 33 31 30 27 24 21 17 14 12 10 8 7 6 5 5 5 5 5 4 3 1 0 0 0 0 0 0 0
11 9 7 5 4 4 1 1 0 0 0 2 4 7 6 7 10 13 15 17 20 24 27 29 29 31 36 38 38 38 37 35 34 33 31 29 29 29 28 28 27 26 24 23 23 22 22 20 19 16 14 12 12 11 8 6 4 3 2 2 1 2 4 6 8 10 12 13 33 32 30 28 25 21 18 17 14 11 9 8 5 4 3 2 3 3 4 4 3 0 0 0 0 0 0 0
16 8 7 6 4 3 4 2 2 0 2 3 5 7 9 8 11 14 18 20 23 26 29 31 32 33 34 36 36 35 34 32 31 30 27 26 25 27 27 27 28 27 26 25 25 25 24 22 21 19 16 14 12 11 8 6 4 3 2 1 0 0 2 5 7 9 11 12 32 31 29 27 25 22 20 18 15 12 10 8 5 2 1 0 0 1 3 4 3 1 0 0 0 0 0 0
14 13 11 9 4 3 4 2 2 0 1 2 4 6 9 10 12 15 17 19 22 25 27 29 30 31 32 34 33 31 30 28 28 27 24 22 22 24 25 25 27 27 27 26 26 26 24 23 23 21 19 16 14 12 9 6 6 5 4 2 0 0 0 3 6 7 9 11 28 30 27 26 25 22 20 18 15 13 10 8 5 1 0 0 0 0 1 2 2 0 0 0 0 0 0 0
12 11 9 8 6 2 3 2 0 1 1 3 4 7 9 10 12 13 15 17 19 22 26 28 28 30 31 33 31 29 26 26 24 23 21 20 20 22 22 24 25 26 25 24 24 24 25 25 23 22 20 18 16 13 10 7 7 7 6 5 4 1 0 1 3 5 7 16 17 25 27 25 24 22 19 18 16 12 9 7 4 1 0 0 0 0 0 0 1 0 0 0 0 0 0 0
10 9 8 4 3 0 0 0 0 1 3 5 7 9 11 12 12 13 14 15 17 20 24 27 28 29 30 32 30 27 24 23 22 20 19 18 18 19 20 21 22 22 22 22 22 23 24 24 23 27 20 19 17 15 11 8 8 8 8 8 6 3 1 0 1 3 12 14 15 15 23 22 24 22 19 18 15 12 8 5 2 0 0 0 0 0 0 0 0 0 0 0 0 0 0 0
6 4 4 1 0 3 5 1 1 2 5 8 10 12 13 14 15 15 16 17 18 21 24 26 27 28 31 31 29 26 22 20 19 18 18 17 16 17 17 18 19 19 19 19 20 20 21 21 21 25 25 40 38 15 12 9 29 29 29 9 13 9 6 5 0 4 9 11 12 12 19 20 23 22 19 16 13 9 6 3 0 0 0 0 0 0 0 0 0 0 1 1 1 0 0 0
2 1 2 0 1 5 9 4 3 5 8 10 11 13 15 16 18 19 20 21 22 24 25 26 27 30 29 28 27 24 21 19 19 17 16 15 15 15 15 15 16 16 15 14 15 16 17 18 19 20 23 22 37 34 32 30 29 29 29 29 28 24 5 3 0 2 6 7 8 13 17 19 19 21 18 15 11 8 4 1 0 0 0 0 0 0 0 0 0 0 1 1 0 0 0 0
0 0 0 2 5 8 10 6 6 7 11 13 14 16 17 19 21 23 24 25 26 26 27 27 27 28 29 27 25 23 21 19 18 16 16 15 14 13 13 13 13 12 11 11 11 12 13 14 15 17 20 19 17 31 30 29 28 28 27 26 24 21 19 9 2 0 4 5 8 10 15 17 17 16 17 14 11 8 4 0 0 0 0 0 0 0 0 0 0 0 0 0 0 0 0 1
2 3 3 5 7 9 11 12 8 10 13 16 18 20 22 24 25 27 28 28 29 29 29 30 30 31 29 27 24 23 22 19 17 16 15 15 14 12 12 12 11 10 9 9 9 9 9 10 12 13 16 15 14 29 28 26 25 25 23 22 20 19 18 18 7 0 3 6 8 9 14 13 14 13 14 12 10 7 4 0 0 0 0 0 0 0 0 0 0 0 0 0 0 0 0 2
5 6 7 7 9 10 12 14 15 12 14 18 21 24 26 27 28 30 31 31 32 32 32 32 34 33 31 28 25 23 22 20 18 16 15 15 13 12 12 12 11 9 8 8 8 8 7 7 8 8 12 12 12 12 27 25 23 23 21 18 17 17 16 16 6 4 0 3 5 6 8 9 10 9 8 8 7 5 1 0 0 0 0 0 0 0 0 0 0 0 0 0 0 0 0 2
6 8 10 11 10 11 13 16 17 19 17 20 22 26 28 29 31 32 32 32 33 35 35 34 36 35 33 30 27 24 23 21 20 18 16 15 14 13 12 12 10 8 7 8 7 6 5 5 5 5 8 9 9 9 9 24 22 22 19 16 14 14 14 14 5 3 2 0 1 2 5 7 4 4 3 3 3 1 0 0 0 0 0 0 0 0 0 0 0 0 0 0 0 0 0 2
7 9 11 13 14 13 16 18 20 21 24 22 24 27 29 31 33 33 33 34 35 37 37 36 38 36 33 31 29 27 26 24 23 21 19 17 16 15 14 13 11 9 7 7 6 5 4 4 4 3 3 6 6 6 6 7 21 20 17 14 12 12 12 13 14 3 2 0 0 0 2 4 2 0 0 0 0 0 0 0 0 0 0 0 0 0 0 0 0 0 0 0 0 0 1 3
6 9 11 14 16 17 18 19 21 24 27 29 26 28 30 32 33 35 36 37 37 38 38 37 39 37 35 33 33 32 30 29 28 26 24 22 21 18 16 16 14 11 9 8 7 6 5 4 4 3 2 6 5 4 4 4 3 18 16 13 12 12 12 12 14 4 3 2 0 0 0 0 0 3 3 2 3 0 0 0 0 0 0 0 0 0 0 1 1 1 1 1 1 2 4 5
7 10 12 14 17 19 20 22 22 26 29 31 33 29 31 33 34 36 38 38 37 38 38 38 40 39 38 36 36 35 33 32 31 30 28 26 25 22 20 19 17 14 12 11 9 8 7 6 5 3 2 2 1 4 3 2 1 17 16 14 13 12 12 12 13 13 13 2 2 2 3 2 5 6 6 5 4 2 0 0 0 0 0 0 0 0 0 1 2 3 4 4 5 6 7 7
8 10 12 15 16 18 21 24 27 27 30 33 34 35 31 33 35 37 39 39 38 39 39 40 42 41 39 38 37 36 35 34 33 32 31 29 27 25 22 20 19 17 16 15 12 10 10 9 7 5 3 2 0 4 2 1 0 16 16 15 14 13 12 12 12 13 12 12 12 4 5 8 6 8 7 6 3 1 0 0 0 0 0 0 0 0 0 0 1 3 5 5 7 8 9 10
8 10 12 15 16 18 21 24 27 30 34 33 35 35 36 38 40 43 39 39 39 39 40 40 42 41 39 38 37 37 36 35 34 33 31 30 28 27 24 21 19 18 17 16 13 11 10 9 7 5 3 2 0 3 2 1 0 1 16 15 14 13 12 12 12 13 12 12 12 12 12 11 9 8 7 5 3 1 0 0 0 0 0 0 0 0 0 0 1 3 5 5 7 8 9 11
11 13 14 15 17 18 20 23 27 31 34 37 35 36 37 38 41 43 45 40 40 41 41 42 43 42 40 38 38 38 38 37 36 35 33 32 31 29 27 23 21 20 19 17 15 13 11 9 7 6 4 3 2 0 0 0 1 2 7 16 15 13 12 12 12 12 11 10 11 11 10 10 9 7 6 4 2 0 0 0 0 0 0 0 0 0 0 0 0 2 5 5 7 10 12 13
16 17 18 18 18 20 21 23 27 31 34 37 38 39 41 39 41 43 45 46 41 56 57 57 43 41 40 38 38 39 39 38 37 35 33 33 32 31 28 25 23 21 20 19 16 14 12 10 9 8 6 5 2 3 3 1 0 1 6 6 14 12 11 11 11 11 10 9 9 9 8 8 8 7 6 4 3 0 0 0 0 0 0 0 0 0 0 0 0 2 4 5 7 10 13 15
