samples/map_hand.asc
ncols        596
nrows        402
xllcorner    -53.750156036121
yllcorner    -28.497165926595
cellsize     0.000269494585
NODATA_value  -1
[rows 65 to 129 of 402, columns 384 to 479 of 596]
23 25 29 32 35 37 38 43 42 41 41 40 38 37 37 36 34 32 31 30 28 27 26 25 26 28 31 34 35 35 35 29 27 27 26 25 23 21 18 17 26 23 21 20 19 16 13 9 8 8 9 8 5 6 5 4 3 3 1 0 0 0 0 0 0 2 5 6 9 13 19 22 26 29 31 34 35 37 39 41 44 46 47 47 49 51 52 53 59 37 37 37 36 37 38 38
22 24 28 32 34 36 38 44 44 43 43 43 42 40 39 38 37 35 33 32 31 29 28 27 28 29 32 34 35 36 30 28 26 25 24 22 20 18 17 15 14 12 10 9 8 17 14 11 10 10 2 3 3 3 3 1 0 0 0 0 0 0 0 0 2 4 6 8 12 16 18 24 28 32 34 38 39 40 41 43 46 48 48 49 50 51 53 54 61 39 39 39 39 39 39 40
27 27 29 32 34 35 38 40 45 45 44 44 44 42 41 40 40 38 36 35 34 32 31 31 31 32 33 35 35 36 30 28 26 24 22 20 18 16 14 13 13 11 8 7 6 5 14 2 11 2 1 0 0 0 0 0 4 2 1 0 0 0 0 1 3 5 7 9 14 18 21 23 30 34 36 37 41 42 43 45 47 49 51 52 53 53 54 55 56 41 42 42 41 40 40 41
33 32 32 33 35 36 38 39 41 46 45 45 44 43 42 43 43 41 39 37 37 36 34 32 32 32 34 35 35 36 30 28 26 24 22 19 17 14 13 12 11 9 7 6 5 4 2 2 0 0 0 3 3 3 2 2 6 4 3 2 0 1 1 2 3 6 9 10 14 18 21 24 28 32 37 39 40 44 46 47 49 50 52 54 55 55 55 56 57 59 44 43 42 41 41 40
35 35 35 36 37 38 39 41 42 47 46 45 45 45 45 45 45 43 41 39 38 37 36 33 32 33 34 36 36 37 31 29 26 24 22 18 16 13 12 10 9 8 7 6 6 4 2 0 1 2 2 7 7 6 5 3 7 4 2 1 0 0 1 3 4 7 10 11 14 17 21 24 27 31 34 28 41 43 47 27 28 30 53 55 56 57 57 58 59 60 39 44 43 41 40 39
35 36 36 37 38 39 40 42 43 48 48 47 48 48 48 47 45 44 42 40 39 32 37 34 27 27 28 30 30 30 31 28 25 23 21 18 16 14 12 10 10 10 9 9 8 7 4 2 3 4 5 12 11 9 7 8 6 5 3 1 0 0 0 3 6 9 12 13 15 17 21 23 26 30 25 28 29 29 25 26 28 30 32 34 35 36 36 37 38 38 38 38 42 41 39 37
37 38 38 39 39 40 42 43 44 49 49 49 50 50 50 48 46 45 44 36 33 32 30 27 26 26 27 28 28 27 27 25 23 22 21 19 18 15 13 13 14 14 13 12 11 9 7 5 6 7 8 16 14 11 13 11 9 7 4 2 0 0 1 3 5 9 11 12 14 17 20 23 26 20 23 26 26 23 24 26 27 30 32 33 34 35 35 35 35 35 35 36 36 40 38 37
40 41 41 40 40 41 42 44 44 44 50 50 50 51 50 49 47 46 39 36 33 31 29 26 24 24 24 24 24 23 22 21 20 20 20 20 19 17 16 16 17 17 16 14 12 10 9 7 8 9 10 19 17 14 14 13 11 8 5 3 1 0 0 2 4 8 11 11 13 15 17 20 16 19 20 23 19 21 23 25 26 28 31 32 33 33 33 33 32 32 33 35 35 40 39 39
43 43 42 41 41 42 43 43 44 44 46 51 51 51 51 50 48 41 39 36 33 30 28 24 24 24 24 24 24 22 19 19 19 19 20 20 19 18 18 18 19 18 16 13 12 10 9 8 10 12 13 21 19 19 16 14 11 8 6 4 2 0 0 0 2 6 8 10 12 14 10 13 15 15 18 15 17 19 21 23 24 26 29 30 30 31 31 31 30 30 31 33 35 41 42 42
44 43 43 43 43 44 44 44 45 45 46 47 52 52 45 44 42 41 39 36 32 29 26 24 24 24 24 26 26 23 19 19 19 19 19 19 19 18 18 19 19 17 14 12 11 10 10 10 13 15 15 23 24 21 18 16 12 9 7 5 3 0 0 0 0 3 6 7 10 6 9 12 11 11 11 13 15 17 19 21 22 25 27 28 28 29 29 28 28 29 31 34 36 37 43 43
44 43 43 44 46 47 47 47 47 47 47 47 47 46 46 45 43 41 38 34 31 28 25 24 24 26 28 30 29 26 22 21 20 20 20 21 21 20 20 19 18 16 13 11 10 10 10 12 14 16 17 28 26 23 21 17 14 10 7 5 3 1 0 0 2 0 0 1 3 5 8 8 6 8 7 9 12 14 16 18 21 25 27 27 26 26 26 26 27 28 31 35 38 39 39 44
45 44 45 46 47 48 49 49 48 49 48 48 48 48 47 46 44 41 39 35 31 28 25 24 26 29 32 33 32 29 26 24 23 23 24 24 24 22 21 20 19 16 12 10 10 10 11 14 15 16 18 30 28 26 23 20 16 12 9 6 3 0 2 3 4 6 4 0 2 2 4 5 3 3 5 7 9 12 14 17 20 24 26 26 25 25 26 26 27 29 32 36 38 40 42 47
45 46 46 47 48 49 50 50 49 48 48 48 48 48 47 46 44 42 40 37 33 30 27 28 30 32 34 35 34 31 28 27 28 28 28 27 26 24 22 20 19 16 12 11 10 11 13 15 16 17 20 31 30 27 24 21 18 12 7 3 1 0 0 2 6 8 9 1 0 1 2 0 0 2 4 6 8 10 13 16 19 22 24 24 24 26 20 27 28 30 34 37 39 41 43 49
47 47 47 48 50 51 51 50 48 47 47 47 48 49 47 45 43 42 41 39 36 34 32 32 33 35 36 37 35 32 30 30 31 31 30 28 26 24 21 19 18 15 13 12 12 13 14 16 18 19 20 33 31 29 26 23 18 13 8 4 1 0 0 2 4 6 6 7 7 0 0 3 3 0 4 6 8 9 11 14 17 20 22 23 24 18 20 21 30 33 36 38 39 41 43 44
59 59 48 48 49 50 50 48 46 46 46 46 46 48 46 45 43 41 40 39 36 35 35 35 35 37 38 38 37 35 33 33 33 33 31 27 24 23 20 18 16 15 15 15 15 16 17 20 21 22 22 34 32 30 28 23 19 14 9 5 1 0 1 4 6 7 8 8 8 1 2 5 8 7 0 7 7 8 10 12 15 18 20 22 16 17 19 21 24 28 37 39 39 41 43 44
48 48 48 48 48 48 48 46 46 46 46 46 46 47 48 46 44 42 40 37 35 35 36 35 35 37 39 39 39 38 38 36 35 34 31 26 24 22 20 18 17 17 19 20 20 21 22 24 24 24 36 34 33 31 27 23 19 15 10 6 3 0 3 6 9 10 11 11 11 4 4 6 8 11 9 0 0 1 3 5 8 11 13 14 15 17 19 22 25 28 31 40 40 41 43 44
48 48 49 48 47 48 47 46 46 46 46 46 46 46 47 46 44 42 40 38 36 35 35 35 35 36 38 39 40 40 41 39 36 34 30 26 24 22 20 18 19 21 24 25 25 25 26 27 27 27 39 36 34 30 26 23 19 15 11 8 0 4 5 9 11 13 13 14 15 8 7 7 9 12 13 2 2 3 5 6 8 11 13 14 16 18 21 24 26 28 31 33 41 41 42 43
46 47 47 47 46 47 47 46 46 46 46 46 46 47 47 45 44 42 41 39 37 35 35 35 35 35 37 38 39 40 41 39 36 35 30 26 24 22 20 20 22 26 28 30 29 29 29 29 30 42 41 36 33 30 26 23 20 16 11 0 3 8 9 10 13 15 17 17 18 11 10 10 11 13 15 5 6 7 8 8 9 11 14 16 17 19 21 24 26 28 31 33 35 43 43 36
45 45 45 44 43 44 46 46 46 46 46 47 48 48 48 45 43 41 40 39 37 36 35 35 35 36 37 38 39 39 39 38 35 34 30 26 24 23 22 22 25 29 31 32 32 32 32 32 31 28 25 23 34 30 26 23 21 17 0 3 7 11 11 12 14 18 20 21 22 14 14 15 15 15 16 18 21 11 12 11 11 13 15 17 18 19 20 22 24 27 30 33 34 35 35 35
44 44 43 41 40 41 43 46 47 46 46 47 48 49 47 45 43 42 41 40 39 37 36 35 36 37 37 38 39 39 38 36 35 34 31 27 25 24 24 25 28 31 33 34 35 35 35 34 30 28 25 23 20 16 13 10 8 5 0 7 11 15 14 16 18 20 23 24 25 18 19 20 20 20 20 22 24 26 15 14 13 14 16 18 19 18 18 20 22 26 29 31 33 34 34 34
42 41 40 39 38 39 41 44 46 46 46 47 48 48 47 46 44 42 41 41 40 38 37 36 36 36 37 38 38 38 38 37 35 35 32 28 26 26 26 28 30 33 34 36 37 35 33 32 31 28 25 23 19 16 13 8 5 2 0 9 13 17 16 18 20 23 25 27 28 22 23 24 25 25 25 26 28 29 16 16 16 16 17 18 18 18 18 19 22 26 29 30 32 33 32 32
39 38 38 37 38 38 39 42 43 44 46 47 47 47 46 45 43 42 41 40 39 38 37 37 36 36 36 37 37 37 37 37 36 36 33 30 29 28 29 31 33 35 37 39 39 37 35 33 31 29 27 24 19 16 11 8 5 2 0 1 1 17 18 20 23 26 28 28 30 31 26 27 27 28 28 29 30 30 17 17 17 17 18 18 18 18 18 20 21 25 27 28 30 31 30 31
38 37 35 35 37 39 40 41 42 44 45 46 46 46 44 43 42 42 40 39 38 38 37 36 35 35 35 35 36 36 37 37 37 37 35 33 32 32 34 36 37 38 40 41 41 39 37 36 34 31 28 26 22 16 13 10 7 3 2 1 1 2 19 22 25 28 30 31 33 33 35 28 29 29 29 29 30 18 18 18 18 18 19 20 19 18 18 19 21 23 26 27 28 28 28 30
35 34 33 33 36 39 40 41 41 42 43 43 43 44 42 41 41 41 40 38 37 36 35 34 33 32 33 34 35 36 37 37 37 37 37 36 34 35 37 39 39 39 41 41 41 40 38 37 35 33 30 27 21 17 15 12 8 5 4 3 2 3 5 24 28 31 32 33 34 36 37 31 31 31 31 30 30 30 18 19 19 20 21 22 21 19 18 19 20 22 24 25 25 25 27 30
33 32 30 31 33 36 38 39 40 40 41 41 42 43 41 40 40 39 39 38 36 34 34 33 31 30 31 32 33 34 36 37 38 38 38 37 37 37 39 40 40 40 42 43 43 40 38 36 35 34 32 26 22 20 17 13 10 8 6 5 4 5 6 10 29 32 35 35 36 36 39 40 34 34 34 33 32 32 21 21 21 22 22 23 23 22 21 21 22 23 23 24 24 25 27 30
31 29 28 29 31 34 37 38 38 39 40 40 41 42 42 40 39 39 38 36 35 33 32 31 29 28 29 30 32 33 34 36 38 38 38 38 39 39 40 40 41 41 42 44 42 41 39 37 37 36 31 27 24 21 19 16 13 11 9 7 6 6 7 10 13 16 19 19 21 38 39 42 43 36 36 36 36 35 24 24 23 23 24 26 27 26 25 25 25 25 25 25 25 26 27 30
28 26 26 27 30 33 35 36 36 37 38 39 39 40 40 40 37 37 35 35 34 32 30 29 27 27 28 29 31 32 34 36 37 37 38 39 40 41 41 41 41 41 42 44 42 42 40 39 38 35 32 29 26 23 21 19 16 14 12 10 8 8 9 11 13 16 19 20 22 24 42 43 44 38 38 39 39 38 38 25 25 25 26 28 29 28 28 29 29 29 29 28 28 28 28 30
24 24 23 26 29 31 33 34 35 36 37 37 37 37 37 37 35 34 33 33 33 31 29 27 26 26 27 28 30 32 33 34 36 37 39 41 42 42 42 42 42 42 43 45 43 43 42 41 39 34 32 30 28 25 23 20 18 16 14 12 10 9 10 12 14 17 20 21 24 26 27 43 45 47 41 41 41 41 28 28 27 27 28 29 30 30 30 31 31 32 31 30 29 29 30 31
23 23 22 25 28 31 33 34 35 35 36 36 35 36 36 36 34 33 32 32 32 31 29 27 26 25 27 28 30 32 33 34 36 37 39 41 42 42 42 42 42 42 43 45 39 39 38 37 35 34 32 30 28 26 23 21 19 17 15 13 11 10 11 12 14 17 20 22 24 26 27 27 29 47 48 42 42 29 29 28 28 28 28 30 30 30 30 31 31 32 32 30 30 29 30 31
21 20 21 23 26 29 31 33 34 34 34 33 32 33 33 32 31 30 30 30 30 29 27 26 25 25 26 29 32 33 33 34 36 37 39 41 43 43 43 43 43 44 45 46 40 39 38 37 36 35 33 31 29 28 25 23 21 20 18 16 14 12 12 13 15 18 20 22 24 26 27 29 31 32 50 51 32 32 30 30 30 30 30 31 31 31 32 32 32 33 33 32 31 31 31 35
19 19 19 22 26 29 31 32 32 32 30 29 29 30 29 28 28 28 28 27 26 25 25 25 26 26 27 30 33 34 35 36 37 37 39 41 43 44 44 45 45 46 45 39 39 38 37 36 36 35 34 32 30 29 28 26 25 23 20 17 16 14 13 15 17 19 21 22 25 27 29 31 33 34 35 53 34 33 33 32 32 33 33 33 33 34 35 35 34 34 34 34 34 33 36 35
18 17 18 21 24 27 28 29 29 28 27 27 28 28 26 26 25 26 26 24 23 22 23 25 27 29 30 32 33 35 36 36 38 38 39 41 43 44 45 46 47 47 45 39 39 39 38 37 37 36 35 33 32 31 30 29 28 25 22 19 17 15 15 17 19 22 24 25 28 31 32 33 35 36 37 38 36 36 35 35 35 35 35 35 36 37 37 36 35 35 36 35 35 38 37 36
16 16 17 20 22 24 25 26 25 25 26 26 26 26 24 23 23 23 23 22 20 20 22 25 31 36 38 37 36 35 36 37 38 38 40 42 43 44 45 46 47 47 46 40 41 41 40 40 39 38 37 36 35 33 33 32 30 28 25 21 18 17 17 18 21 23 26 27 30 33 34 35 36 38 38 39 37 37 37 38 38 38 39 39 39 39 39 37 36 36 36 36 39 38 37 36
15 15 16 19 21 22 22 22 22 23 23 23 23 23 21 20 20 20 20 19 19 20 24 29 36 41 43 41 39 37 37 37 38 38 40 41 42 43 44 46 47 47 47 42 43 43 42 42 41 41 40 38 37 35 34 33 31 29 26 23 20 19 19 21 23 25 28 29 31 34 36 37 38 40 41 41 38 38 39 40 39 40 40 41 41 41 40 39 38 38 38 42 41 39 38 37
13 14 15 18 20 21 19 19 18 18 19 19 18 19 17 17 18 19 19 19 20 23 29 36 41 44 44 42 41 39 37 37 37 38 39 40 41 43 44 45 47 47 48 44 45 45 45 44 42 42 41 40 38 36 35 34 32 29 27 25 22 21 21 22 24 27 29 30 32 35 38 39 39 41 42 40 40 40 41 40 40 40 40 40 41 42 42 41 40 40 40 44 42 41 40 39
12 13 14 17 20 20 17 15 14 14 14 15 14 14 13 14 17 20 21 22 24 30 35 40 43 44 43 42 41 39 38 38 38 38 39 40 42 44 45 45 47 43 43 43 44 44 44 43 44 42 41 40 39 37 37 36 33 31 28 26 24 22 21 22 24 27 30 30 32 35 39 40 41 42 42 43 41 41 41 41 41 41 40 40 42 43 43 42 42 42 42 45 44 43 41 39
11 11 13 17 19 18 15 13 11 10 11 11 11 11 10 13 17 21 24 26 29 34 38 40 41 41 42 42 41 40 39 40 40 40 41 42 44 45 45 45 47 43 42 42 43 43 42 42 43 43 43 40 38 38 37 37 35 33 31 27 24 21 21 22 25 29 31 32 34 38 40 41 42 43 43 43 43 41 42 42 42 42 41 41 42 44 44 43 43 44 48 46 45 44 42 40
8 9 11 13 14 14 13 11 9 8 9 9 9 8 9 11 15 20 23 26 30 33 36 37 38 39 40 40 40 39 40 41 42 42 43 43 44 45 45 41 42 42 41 41 42 42 42 41 42 42 41 40 38 38 38 37 36 35 32 29 25 22 22 24 28 31 33 34 37 39 40 41 41 42 42 43 44 42 43 43 43 42 42 42 43 43 43 43 44 45 49 48 47 46 44 42
7 6 7 9 9 9 9 8 6 5 5 5 6 5 6 8 11 15 19 23 27 30 31 33 35 37 38 39 39 39 40 40 42 42 43 43 44 45 46 42 41 41 40 41 42 41 41 41 41 40 39 39 37 37 37 37 36 34 33 30 27 25 24 26 29 32 34 35 38 40 40 40 40 40 40 42 43 44 45 43 42 42 42 42 43 43 44 45 45 46 50 50 49 47 45 43
5 5 5 7 7 6 6 6 4 2 1 1 3 2 4 5 7 11 15 19 23 25 26 28 32 35 36 37 38 39 39 40 41 41 42 44 45 45 42 41 40 39 39 40 40 39 39 39 40 39 39 39 39 37 37 36 35 34 33 31 29 26 25 27 29 32 35 36 38 40 39 39 39 39 39 41 43 44 44 45 43 43 42 42 43 44 45 45 49 50 50 50 49 48 46 44
3 3 4 5 5 4 3 3 1 0 0 0 0 2 3 4 6 9 12 17 20 21 23 25 28 32 35 36 37 39 40 40 41 41 42 43 44 45 42 41 40 38 38 38 38 38 38 39 40 39 39 39 39 39 37 35 34 33 33 32 29 27 26 27 30 33 35 36 38 39 39 40 40 39 40 41 43 45 45 46 44 44 44 44 44 44 45 49 49 50 50 49 49 48 47 45
1 1 1 2 2 1 0 0 0 0 0 1 3 3 4 5 6 9 12 15 17 20 22 24 27 31 34 36 37 39 40 41 41 41 42 44 45 41 41 40 38 38 38 37 37 37 38 38 39 39 39 39 39 39 37 36 34 33 33 32 30 29 28 29 30 32 35 36 37 39 40 41 41 41 42 44 45 46 46 47 46 46 46 45 44 44 44 48 49 50 50 49 48 48 47 46
0 0 0 0 0 0 0 0 0 0 0 2 4 6 5 7 8 10 13 15 18 20 22 24 26 29 32 34 36 38 40 41 41 41 43 44 40 40 39 38 36 37 36 35 34 34 36 36 36 37 37 37 38 39 39 38 35 36 33 32 32 31 31 31 31 33 35 36 38 40 41 42 43 43 44 46 46 46 47 48 48 48 46 46 46 45 49 48 48 49 49 49 48 48 48 48
0 0 0 0 0 0 0 0 0 0 3 5 7 9 9 10 11 13 14 17 20 22 23 24 25 27 30 32 34 36 38 40 41 37 38 39 39 38 37 36 34 34 34 32 32 32 33 34 34 35 35 36 36 37 37 37 36 35 34 35 33 33 33 33 33 34 36 36 38 40 42 43 43 44 46 47 47 48 48 48 50 51 51 51 50 50 49 48 48 48 48 48 47 47 49 50
0 0 0 0 0 0 1 3 3 4 7 9 12 15 14 15 15 16 17 19 22 24 25 26 26 27 30 31 32 34 36 38 39 35 36 37 37 37 36 34 33 32 31 31 30 30 31 31 32 34 35 35 35 35 35 35 35 33 33 34 35 36 34 34 35 35 36 36 38 40 44 45 46 45 46 49 49 50 50 50 50 50 50 50 49 49 48 47 47 47 46 46 46 47 49 50
1 2 1 1 1 4 7 7 6 7 10 14 17 20 19 18 19 20 21 23 24 25 26 27 27 28 29 31 32 34 35 37 34 34 34 34 35 35 34 32 31 30 30 30 29 29 29 30 31 33 33 33 32 32 32 32 32 31 31 32 34 35 36 37 36 36 36 38 40 41 43 44 45 46 47 48 48 49 49 49 49 49 48 48 47 47 47 47 47 47 46 46 46 47 48 49
3 4 4 4 5 7 10 9 9 10 13 16 19 23 22 22 23 25 27 28 28 28 29 29 29 30 30 31 32 34 31 31 32 32 32 32 32 32 31 30 29 28 28 28 27 27 27 28 29 31 31 30 29 29 30 29 29 29 30 31 33 35 36 37 37 38 38 38 39 40 41 42 43 45 46 47 47 47 48 47 47 47 46 45 45 45 46 47 47 47 46 46 46 47 48 48
5 7 7 7 7 8 9 10 11 15 18 20 23 26 25 27 29 30 31 32 31 31 31 31 31 32 32 32 33 34 30 29 29 29 30 30 30 29 29 28 27 26 25 25 24 24 25 27 28 29 28 27 26 27 27 26 26 28 29 31 33 34 35 35 35 36 37 38 38 38 39 40 42 42 44 45 45 46 46 45 45 44 43 43 43 44 45 46 46 45 45 45 46 48 48 47
8 9 9 8 8 8 9 11 14 19 22 26 28 29 28 30 31 33 33 32 32 32 33 33 34 35 35 34 34 34 30 29 29 29 29 29 29 28 26 26 25 23 22 21 22 21 23 25 26 26 27 26 24 24 24 24 25 27 30 31 33 33 33 33 33 34 35 36 35 35 36 38 39 40 40 41 43 44 44 43 42 41 41 42 42 42 44 44 44 44 44 45 47 49 50 48
11 11 11 11 11 12 11 13 16 20 25 30 31 31 31 31 32 33 33 33 33 33 34 35 36 37 37 36 36 37 33 32 30 30 29 29 29 27 25 23 21 20 19 19 20 20 21 23 24 24 25 24 23 22 22 23 24 26 28 30 31 31 31 30 31 32 32 32 32 32 34 35 37 37 38 39 40 41 42 41 40 40 40 41 41 41 42 43 44 45 45 46 48 51 52 51
20 22 13 14 15 15 15 16 18 21 26 31 33 32 32 33 35 34 35 34 35 35 35 36 37 37 37 37 38 39 36 35 33 32 31 30 30 28 24 21 19 18 18 19 20 21 22 24 23 23 23 23 23 22 22 22 23 24 26 28 28 28 28 28 29 30 29 29 29 31 33 33 34 35 36 37 38 39 39 39 39 38 39 39 39 39 40 42 43 45 45 47 49 52 53 52
20 22 24 16 17 18 18 19 20 23 27 31 33 33 34 35 36 37 36 36 36 36 37 37 37 37 37 38 40 41 42 38 37 36 35 33 31 29 24 21 19 18 18 19 19 21 24 25 24 23 23 25 25 24 22 21 22 23 25 26 26 26 26 26 27 27 27 27 26 28 30 31 31 32 34 35 36 37 37 37 37 37 37 37 37 38 40 42 42 43 44 46 49 51 52 53
21 23 25 27 19 20 20 21 22 25 28 30 32 33 35 36 37 38 39 37 37 38 39 39 38 37 38 39 40 42 43 40 39 38 37 34 32 30 26 23 20 19 19 18 16 17 21 22 22 21 22 23 24 23 22 21 22 22 22 23 24 24 24 24 24 24 25 25 24 25 26 27 27 28 31 32 33 34 36 36 35 34 35 35 36 38 40 41 41 41 41 43 46 48 49 50
22 25 27 28 29 31 23 24 25 26 28 29 31 33 36 37 38 38 40 39 39 39 40 40 40 39 40 40 41 43 44 44 40 39 37 35 33 31 28 24 21 20 19 17 14 13 15 17 17 16 17 19 21 21 21 21 22 21 20 21 21 21 22 22 22 23 22 22 21 22 23 24 24 25 27 29 30 32 34 34 33 32 32 34 35 37 40 41 41 41 41 42 43 44 46 46
24 26 28 28 30 32 35 26 27 28 30 31 33 35 37 38 39 39 41 42 40 41 42 42 42 41 41 42 43 43 44 44 40 40 37 36 35 32 28 24 21 20 18 15 11 9 9 11 11 11 13 17 20 22 21 21 21 20 19 19 19 19 19 20 20 20 19 19 19 20 21 22 22 23 25 26 28 29 31 31 30 30 31 34 35 38 40 42 43 42 41 41 41 42 43 43
25 27 29 30 31 33 35 37 28 30 32 33 35 36 38 39 39 40 42 43 41 43 44 44 44 42 41 42 43 52 44 52 52 40 38 36 36 33 29 24 21 19 17 14 10 7 5 6 6 7 11 18 23 23 21 20 20 19 18 17 17 16 16 16 17 17 16 16 16 17 18 18 19 20 23 24 25 26 27 27 27 28 31 34 37 40 42 44 44 43 41 40 40 40 41 40
25 27 35 37 33 35 37 38 39 31 33 50 51 52 54 56 40 42 43 43 42 43 44 53 44 43 42 42 50 52 52 52 52 40 38 37 35 33 29 25 21 19 17 14 10 6 4 3 4 6 10 19 26 26 23 20 19 19 18 16 15 13 13 13 13 13 13 13 14 15 15 14 15 17 20 21 23 24 24 24 25 27 32 37 41 44 46 47 46 44 43 41 40 39 39 38
31 32 34 36 38 41 43 44 45 46 48 49 50 52 54 56 41 42 43 43 44 45 52 52 51 51 50 50 50 52 52 52 51 39 38 36 34 31 28 25 22 19 17 14 10 6 4 3 3 4 8 17 25 28 25 20 18 18 17 15 13 11 11 11 11 11 11 11 12 13 12 11 12 15 17 18 21 22 22 22 24 27 33 39 44 46 48 48 47 44 42 41 38 38 37 36
30 32 33 35 38 40 42 43 44 46 47 49 50 53 55 56 58 42 42 43 44 45 51 50 50 50 49 49 50 51 51 51 50 38 37 34 33 31 28 25 22 20 17 14 10 6 4 4 2 2 5 13 21 25 22 18 15 15 15 14 12 10 9 9 10 10 9 9 10 11 9 9 9 12 14 15 18 20 21 21 23 27 33 38 43 46 48 47 45 42 40 39 37 37 36 35
29 30 32 35 38 39 41 43 44 46 48 49 51 54 56 57 58 43 43 43 44 45 50 49 49 49 48 48 49 50 50 50 50 49 35 33 32 30 28 26 24 21 18 14 10 7 5 4 2 1 4 9 15 18 17 14 12 12 12 12 11 9 7 7 8 8 8 8 8 8 7 6 7 9 11 12 15 17 18 20 23 27 30 34 39 44 45 44 41 39 38 36 36 36 35 34
26 28 30 34 36 38 40 42 44 46 48 50 52 54 55 56 58 59 59 59 43 44 50 49 48 48 48 48 49 49 49 49 48 47 46 45 31 29 27 26 24 20 17 14 10 7 5 3 2 0 2 6 10 12 13 11 10 10 10 10 9 7 5 5 6 6 6 6 5 4 4 4 4 6 8 10 12 14 16 19 22 24 26 29 34 39 39 38 36 36 35 34 34 35 34 33
25 27 29 32 34 36 38 40 43 45 48 50 52 53 54 55 57 59 59 59 59 59 59 49 47 47 47 47 47 48 47 46 45 44 44 43 41 27 26 25 23 21 18 14 11 8 5 3 0 0 1 4 7 9 11 10 9 8 8 7 6 5 4 3 4 4 4 3 2 1 0 1 1 2 5 8 10 12 14 17 19 21 23 25 29 32 33 33 33 33 33 33 34 35 35 34
24 27 29 31 33 35 38 40 42 45 48 50 52 53 54 55 57 58 59 59 59 59 49 49 47 47 47 47 47 47 47 45 44 43 42 42 40 38 25 24 23 21 18 14 11 8 5 3 0 0 0 3 6 8 10 9 8 7 7 6 5 4 3 3 3 3 3 2 1 0 0 0 0 1 4 7 10 12 13 16 18 20 22 24 27 30 31 32 32 33 33 33 34 35 36 35
24 26 28 30 32 34 36 39 41 45 47 49 51 52 53 55 56 57 58 58 58 58 49 48 46 45 45 46 45 45 45 43 41 40 39 38 38 36 24 23 22 21 18 15 12 9 6 4 1 0 0 2 4 6 7 7 5 4 3 3 2 2 1 1 1 1 0 0 0 0 0 0 0 0 1 4 8 10 11 13 16 18 19 21 24 26 28 29 30 31 32 32 33 35 36 37
23 25 27 29 31 33 35 38 41 43 45 48 50 51 53 55 56 56 56 57 57 58 48 47 45 44 44 44 42 42 42 40 39 38 37 36 35 34 22 21 20 18 16 14 12 10 7 4 1 0 0 0 1 3 3 3 1 0 0 0 0 1 1 0 0 0 0 0 0 0 0 0 0 0 0 2 5 8 9 12 14 15 17 19 21 23 24 26 27 29 30 31 32 34 37 38
