samples/map_dem.asc
ncols        596
nrows        402
xllcorner    -53.750156036121
yllcorner    -28.497165926595
cellsize     0.000269494585
NODATA_value  -1
[rows 126 to 167 of 402, columns 94 to 187 of 596]
406 407 408 408 407 407 405 403 401 400 398 395 390 387 385 385 384 384 385 385 385 385 385 386 386 386 387 389 390 390 391 391 391 391 391 393 397 402 404 406 406 407 409 409 408 407 406 404 402 400 399 398 399 400 402 402 404 404 404 406 409 411 413 413 411 409 408 407 406 405 405 405 406 405 405 405 406 407 407 408 408 408 408 408 409 410 411 411 411 411 412 412 412 413
406 408 408 408 407 407 405 403 401 400 398 394 390 386 385 385 384 384 385 385 385 385 385 386 386 385 386 388 389 389 389 390 390 390 390 392 397 402 405 406 406 407 408 408 407 406 405 403 401 399 398 398 398 399 401 402 404 404 404 406 409 411 412 412 410 408 407 406 405 404 405 405 405 404 404 405 406 407 407 408 408 408 409 409 410 411 412 412 412 412 412 412 413 414
406 408 408 408 407 407 406 404 403 401 398 394 390 387 385 384 384 385 385 385 385 385 385 385 385 385 385 386 387 387 387 388 389 389 390 392 396 401 404 404 404 405 406 406 405 404 404 402 398 396 395 395 395 397 400 401 404 404 405 406 407 408 409 409 408 406 404 404 404 404 404 403 403 403 403 404 405 406 408 408 409 409 410 411 413 415 415 416 415 415 415 415 415 416
406 408 408 407 407 408 407 406 404 402 400 396 391 387 385 384 384 385 385 385 385 385 385 385 385 385 385 386 387 387 387 388 390 390 390 391 394 396 399 400 401 402 404 404 403 403 402 399 396 393 393 393 394 397 400 402 404 406 406 405 405 405 405 405 405 404 403 402 403 404 404 403 403 403 403 403 404 405 407 408 408 409 413 415 417 418 418 418 418 419 418 418 419 419
407 408 409 408 408 408 408 407 405 404 402 398 393 390 388 387 386 386 385 385 385 385 385 385 385 386 387 387 388 388 388 389 390 390 390 390 390 392 393 395 397 400 402 402 402 401 399 396 393 393 393 393 393 397 401 402 405 406 405 403 402 402 402 402 403 403 402 401 402 403 403 403 403 403 403 404 405 406 408 410 410 413 416 418 419 420 421 421 421 422 421 420 421 422
408 409 410 409 409 409 409 409 408 406 403 400 396 393 392 391 390 389 388 387 386 386 386 387 388 389 389 389 388 388 389 390 391 391 390 390 390 390 390 392 395 398 399 399 399 398 396 393 393 393 393 393 394 397 400 401 403 403 402 400 399 399 399 400 401 402 401 400 401 403 404 404 404 404 405 406 407 409 411 413 414 416 418 419 420 422 423 424 424 425 424 422 423 424
408 410 411 410 410 410 410 411 410 408 405 402 398 396 396 396 395 393 390 389 388 388 389 391 392 392 391 390 390 390 390 391 392 392 392 391 390 390 390 390 392 395 396 395 395 395 393 393 393 393 393 393 394 396 398 399 399 398 398 398 398 398 398 399 400 400 400 400 401 403 405 406 406 406 407 409 410 411 413 415 417 419 420 421 422 424 425 426 426 427 426 424 425 427
409 410 412 412 412 412 411 411 411 409 407 404 402 400 399 399 398 396 394 392 392 392 394 395 395 394 394 393 393 393 392 392 393 393 392 391 391 390 390 390 391 392 393 393 393 393 393 393 393 393 393 395 397 397 398 398 398 398 398 398 398 398 398 399 399 400 401 401 402 404 405 407 408 409 411 412 413 415 417 419 421 422 423 424 426 427 427 427 428 428 428 427 428 430
410 412 413 413 413 413 412 411 411 410 409 408 407 405 404 403 401 399 397 396 397 397 398 398 397 397 398 398 397 396 394 394 395 394 394 394 394 394 393 391 392 392 393 394 393 393 393 393 393 394 396 398 399 399 400 400 399 398 398 398 398 399 399 400 402 404 404 404 405 405 406 407 409 411 413 415 417 419 421 422 423 424 425 427 428 429 429 430 430 431 431 430 431 433
411 413 414 414 414 414 413 412 412 412 412 412 410 408 406 405 403 401 400 400 401 401 401 401 400 400 402 401 400 399 398 398 398 398 397 397 398 399 398 397 395 395 396 396 395 393 393 393 394 397 400 401 402 402 403 403 402 401 400 399 399 400 401 403 406 408 409 408 408 408 408 408 410 412 414 416 419 422 423 424 424 425 426 428 430 431 431 432 432 433 433 432 433 434
410 412 414 415 415 414 414 414 414 414 414 413 412 410 409 408 407 405 404 405 405 405 405 404 404 404 404 403 401 401 402 401 401 400 400 400 401 402 402 400 399 399 400 399 398 396 395 395 397 400 402 403 404 404 405 405 405 405 404 403 402 402 403 405 408 411 412 412 411 411 410 411 412 414 416 419 421 424 425 425 425 427 429 431 432 433 434 434 434 435 435 434 434 435
411 412 414 415 415 415 415 415 414 414 414 413 412 411 411 411 410 408 408 409 409 409 408 407 407 407 406 404 403 403 404 403 401 400 400 401 402 403 403 403 403 402 402 402 402 401 400 400 400 402 403 405 406 406 406 406 406 407 407 406 405 405 406 407 410 413 414 414 414 414 414 413 414 416 419 422 424 426 427 427 428 430 432 432 434 435 435 436 436 436 436 435 434 435
413 414 415 416 416 416 416 416 414 414 414 414 414 413 413 412 411 410 411 411 411 410 409 408 408 409 408 406 406 406 406 405 402 400 400 401 403 405 405 406 406 405 405 406 405 405 405 405 404 405 406 407 408 408 407 407 407 408 408 408 409 410 410 411 412 414 415 416 417 417 417 415 416 418 421 423 425 426 428 429 431 433 434 434 435 436 437 438 438 438 437 436 434 434
413 414 415 416 418 418 417 416 415 414 414 415 415 415 414 413 412 413 413 413 412 411 411 410 410 410 410 408 407 407 407 405 403 401 400 402 404 407 408 408 408 408 408 408 407 407 407 407 408 409 409 410 410 410 410 410 409 409 410 411 413 414 414 414 414 416 417 417 418 419 419 418 418 420 422 424 426 428 429 431 433 435 436 437 437 437 438 439 439 439 438 436 434 433
414 415 416 418 419 419 418 416 415 415 416 416 417 417 416 416 416 416 416 415 414 414 414 414 414 413 412 410 409 408 407 405 403 402 402 404 407 409 410 410 410 411 411 411 410 409 409 409 410 411 412 412 412 412 412 412 411 410 412 413 414 416 417 416 416 418 420 420 421 421 421 421 421 422 423 425 428 431 432 433 434 436 437 438 438 438 438 439 439 439 438 436 434 432
416 416 417 419 420 420 419 418 417 417 419 420 420 419 418 418 419 419 418 418 417 417 417 417 416 414 414 413 411 409 408 407 406 405 406 407 410 411 412 412 412 413 413 413 412 412 412 413 413 413 413 414 414 414 414 414 412 412 413 415 417 418 419 419 419 421 423 425 425 424 424 422 422 423 424 427 430 433 434 435 436 437 438 439 440 440 440 439 439 438 437 435 433 431
417 418 418 419 421 421 420 420 419 420 421 422 422 420 420 420 421 420 419 419 420 420 419 418 416 415 415 415 413 412 411 411 410 408 407 408 410 413 413 413 413 414 415 415 414 414 415 416 417 416 416 416 416 416 415 415 414 413 413 416 419 421 422 422 422 424 426 428 428 428 426 423 423 423 425 428 431 433 435 436 437 438 439 440 441 441 441 440 440 439 437 435 432 430
419 420 420 420 421 421 421 421 421 420 421 423 423 423 423 423 423 422 421 421 421 421 420 419 417 416 416 416 415 414 414 414 412 410 408 408 410 413 414 414 415 416 417 417 417 417 418 419 419 418 418 418 417 416 416 416 415 415 416 419 423 425 425 425 426 427 429 430 431 430 427 425 424 425 426 430 432 434 436 438 438 439 440 440 441 442 441 441 440 439 438 436 432 429
420 421 421 421 421 422 422 422 422 421 421 423 424 425 426 426 425 424 423 423 422 422 421 420 419 417 417 417 416 416 416 416 414 412 410 410 412 415 416 416 417 418 419 420 420 420 420 420 420 420 420 420 419 418 418 418 417 418 420 423 426 427 427 427 429 430 431 431 432 432 429 428 426 427 429 432 434 436 437 438 439 440 440 440 441 441 440 439 439 438 437 435 432 430
420 421 422 422 421 422 423 423 422 422 422 423 425 426 427 427 427 426 426 425 424 424 423 422 420 419 418 418 418 418 418 417 415 414 414 413 414 416 417 417 418 420 422 422 422 422 421 421 421 421 422 422 420 419 418 418 418 420 422 424 426 427 427 428 430 432 433 433 434 433 432 430 429 429 431 433 435 436 437 438 439 439 439 439 439 439 438 437 437 436 436 435 433 431
419 420 421 421 422 423 423 424 424 423 423 425 426 427 427 427 428 427 427 426 425 425 423 422 421 420 419 419 420 421 420 418 417 416 415 414 414 415 416 418 419 421 423 424 424 424 422 422 424 424 423 422 422 421 421 420 420 421 422 424 426 427 429 430 432 434 435 436 436 435 433 431 431 431 431 432 434 435 436 438 439 440 439 438 437 436 435 434 434 434 434 434 432 430
418 419 421 421 422 423 423 424 424 424 425 427 428 428 428 428 428 428 427 427 426 426 424 422 421 420 421 421 422 422 422 420 418 417 416 415 414 415 417 419 422 424 425 425 425 426 425 425 426 425 424 424 424 424 424 424 423 423 424 425 427 429 430 432 434 435 436 437 437 436 435 434 433 432 431 432 433 434 436 437 439 440 439 438 435 433 432 431 431 431 431 431 429 427
417 418 420 421 421 422 422 423 424 424 425 427 428 428 428 427 428 428 428 428 427 426 425 423 421 422 423 423 423 423 423 422 421 420 418 416 415 416 418 421 423 425 426 426 426 427 427 427 427 425 425 425 425 426 426 426 425 425 426 428 429 431 431 432 433 435 436 437 437 437 436 436 435 433 432 432 433 434 436 437 438 439 438 436 433 431 429 428 428 428 428 427 426 424
418 418 419 419 420 421 423 423 424 424 426 427 428 428 428 427 427 427 427 427 427 426 425 424 423 423 425 425 425 424 424 424 423 422 420 417 417 418 420 422 424 425 426 427 427 428 428 429 428 426 426 426 426 427 428 428 427 427 427 428 430 431 431 431 433 434 436 437 437 437 437 437 437 436 434 433 433 434 435 436 437 437 436 433 431 429 427 426 425 424 424 424 423 421
418 417 417 418 419 421 422 423 423 424 425 426 427 427 427 426 426 426 426 426 425 425 425 424 424 425 426 426 426 425 425 424 423 422 420 419 418 420 421 423 424 425 426 427 429 429 429 430 430 428 427 427 428 429 429 429 429 428 428 428 429 430 430 431 433 434 436 439 440 439 439 440 439 438 436 435 435 435 435 436 437 436 435 433 430 428 426 424 424 422 421 421 420 419
418 417 417 417 418 419 419 420 422 423 424 424 425 425 426 425 424 425 425 424 424 424 424 424 425 426 428 428 427 426 426 427 426 423 421 420 420 421 422 423 424 425 426 428 430 430 431 432 432 430 429 429 430 431 431 431 430 429 428 427 427 429 430 431 432 434 437 440 442 442 441 441 441 440 439 438 437 437 437 438 437 436 434 432 430 428 426 424 423 422 420 419 418 416
419 418 417 416 415 415 416 417 419 421 421 422 423 424 424 423 423 423 423 422 423 423 424 425 426 428 429 429 428 427 428 428 427 425 423 421 420 420 422 423 425 427 428 430 431 431 432 432 433 432 431 431 432 433 433 433 432 430 427 426 426 428 429 430 430 432 436 440 443 443 442 441 440 440 441 441 441 440 440 439 438 436 434 432 431 430 428 426 425 424 422 419 417 415
420 419 417 415 413 413 414 415 417 418 419 421 422 422 422 421 420 420 420 421 423 423 425 427 428 429 430 430 430 429 429 429 427 425 424 422 420 420 421 424 426 429 431 432 432 431 431 432 433 433 433 433 433 434 434 434 433 430 427 425 424 425 427 428 428 430 433 437 441 442 441 439 439 440 441 442 441 441 441 440 439 437 435 433 433 432 431 430 429 427 423 420 417 415
420 419 417 414 412 412 413 415 416 417 418 419 420 419 419 418 417 417 418 420 422 422 424 426 428 430 430 431 431 431 430 429 427 425 424 422 420 420 422 425 428 430 432 432 432 431 431 432 433 434 434 434 434 433 433 433 432 430 426 424 423 423 423 424 425 427 429 433 437 439 440 439 438 439 441 441 440 440 440 440 439 438 437 435 435 434 432 430 430 428 425 422 419 415
419 418 417 413 411 410 411 412 414 415 415 416 417 417 416 415 414 415 417 419 421 422 424 427 429 430 431 431 431 431 431 429 428 426 425 423 422 422 425 427 429 431 432 432 432 431 431 432 433 434 435 435 434 434 433 433 431 428 425 423 422 421 421 420 421 423 426 429 432 435 438 438 438 438 439 439 439 440 440 440 439 439 438 437 436 434 432 430 430 428 425 422 420 417
419 418 416 414 411 409 408 408 410 412 413 413 414 414 413 412 413 413 417 420 423 424 426 428 430 431 431 431 430 430 430 430 429 428 427 426 424 424 426 428 430 431 432 432 432 432 431 432 432 433 434 434 434 434 433 432 430 426 424 422 420 419 417 417 419 421 423 424 427 430 434 436 437 437 437 437 438 439 440 441 440 440 439 437 435 433 431 429 429 427 424 421 418 416
421 418 416 414 411 407 406 406 407 410 411 411 411 410 410 411 413 415 419 424 426 427 428 429 430 431 431 431 430 430 430 430 430 429 428 427 425 425 426 429 430 431 431 431 431 431 430 431 431 432 433 433 434 434 432 432 429 426 423 421 418 416 414 414 416 418 420 421 423 426 429 432 434 435 436 436 437 439 440 440 440 439 438 436 433 431 430 428 428 426 423 419 416 414
422 419 417 414 410 406 405 405 406 408 408 408 407 407 409 411 414 418 423 426 428 428 428 429 430 430 431 430 430 430 430 430 429 428 428 426 425 424 425 428 429 429 428 428 428 429 429 430 430 431 432 432 433 433 432 431 429 427 424 421 417 415 412 412 414 417 419 420 421 423 426 428 430 432 434 435 435 437 439 439 438 437 436 433 431 429 428 427 427 425 423 419 415 413
421 418 417 414 409 406 404 404 404 405 406 406 406 406 408 411 415 419 423 427 428 428 428 429 429 430 430 429 429 429 429 428 428 427 427 425 423 423 424 426 428 427 426 426 426 427 428 428 429 431 431 431 431 431 431 431 429 427 424 421 418 415 412 411 413 418 420 420 420 422 423 426 428 430 431 433 434 435 436 437 436 436 434 432 430 428 428 427 427 426 423 419 416 414
420 418 416 414 409 406 404 403 404 404 405 405 405 406 408 411 415 420 423 426 428 428 428 429 429 430 430 429 429 429 429 428 428 427 426 425 423 422 423 425 427 426 425 425 425 426 427 428 429 431 431 431 431 431 431 430 429 427 424 421 418 415 412 411 414 418 420 421 421 421 423 425 427 429 431 432 433 435 436 436 436 436 434 432 430 428 428 427 427 425 423 419 416 414
419 416 415 413 410 406 404 403 402 402 402 403 403 405 408 413 416 419 422 426 428 428 429 429 429 429 429 429 428 427 427 427 426 426 425 424 422 420 421 422 423 423 422 421 422 423 423 425 428 430 430 430 429 429 429 429 429 427 423 420 418 415 412 410 414 420 424 424 423 422 422 423 425 427 428 430 431 433 434 435 436 435 433 431 430 429 428 426 426 424 421 418 415 413
418 416 414 413 410 407 405 402 400 399 400 401 402 405 408 413 417 419 421 424 427 428 429 429 428 429 429 428 427 426 426 426 425 424 423 422 420 419 419 419 419 419 418 417 417 418 420 424 427 429 429 429 429 429 429 429 428 426 423 421 418 415 412 410 414 423 428 429 426 423 421 422 423 424 425 427 429 431 432 433 434 434 432 430 430 428 426 424 424 422 419 416 413 411
417 416 415 413 411 408 404 401 399 397 398 400 403 405 409 413 416 417 420 423 426 427 428 427 427 428 428 427 425 424 425 424 423 422 421 421 420 419 420 418 416 415 414 414 413 414 417 421 425 428 430 430 430 430 428 428 426 425 423 420 417 415 412 410 414 422 429 431 428 424 420 419 420 421 422 425 427 429 430 432 433 433 431 430 429 427 425 423 422 420 417 414 410 407
416 415 414 412 410 407 403 400 397 395 396 399 403 406 410 412 414 416 419 422 425 426 427 427 426 427 427 425 424 423 423 422 421 420 420 419 419 419 420 418 414 412 411 410 409 410 413 417 422 427 429 431 431 430 429 428 427 425 423 420 417 415 412 410 412 417 425 429 429 425 420 417 417 418 420 423 425 427 429 431 431 431 430 429 428 426 423 421 421 418 415 412 408 405
415 413 412 410 407 404 402 399 395 394 395 398 402 406 409 411 414 417 419 420 423 424 426 427 426 425 424 424 423 422 420 419 418 418 417 417 418 419 420 418 414 410 408 406 406 407 410 415 420 424 427 430 431 430 430 430 429 427 425 422 419 416 413 411 410 412 419 424 426 424 420 416 415 417 420 422 424 425 426 428 429 430 430 429 427 425 422 420 419 417 413 409 405 403
413 411 409 408 405 402 400 397 394 393 394 398 402 406 408 410 414 417 418 419 421 422 424 425 425 423 422 421 420 419 417 416 415 415 415 416 417 419 419 417 415 411 407 404 403 404 407 413 419 422 426 429 431 431 430 430 430 428 426 424 421 419 416 412 410 410 413 419 422 421 418 415 415 417 419 421 422 423 424 426 428 429 429 427 425 423 421 419 418 415 411 407 404 401
412 410 408 406 403 399 397 395 393 392 393 396 400 404 408 410 413 415 416 417 418 419 421 423 422 421 420 419 418 417 415 414 413 413 413 415 417 418 417 416 415 411 406 402 401 401 404 408 414 418 422 426 428 429 429 429 429 427 425 423 422 421 418 415 412 410 410 413 416 416 414 413 413 415 417 419 420 421 422 424 426 427 427 425 423 421 419 417 416 414 410 407 403 400
