samples/map_dem.asc
ncols        596
nrows        402
xllcorner    -53.750156036121
yllcorner    -28.497165926595
cellsize     0.000269494585
NODATA_value  -1
[rows 210 to 251 of 402, columns 376 to 469 of 596]
428 426 425 425 423 422 421 420 420 420 421 422 424 424 424 426 429 431 433 435 436 435 434 435 436 438 441 443 447 449 451 452 455 457 460 462 463 464 465 466 467 467 468 467 465 464 462 460 459 457 456 454 453 451 450 450 449 447 446 444 442 438 435 432 430 427 425 424 425 426 425 425 427 428 430 431 433 434 434 433 431 430 428 427 426 425 423 421 420 420 419 419 420 422
430 428 427 426 425 424 424 422 422 422 423 424 424 424 424 425 428 431 432 432 433 433 433 434 435 437 440 443 446 448 450 452 455 457 460 462 463 464 464 466 467 467 467 466 465 464 463 462 461 459 458 456 455 453 452 452 451 449 448 447 444 441 437 435 432 429 425 424 424 424 423 424 425 426 428 429 431 433 432 431 429 427 426 426 425 424 421 419 419 419 419 420 421 423
432 430 429 428 427 427 426 424 424 424 426 426 425 424 424 424 427 429 429 429 430 431 432 433 435 438 441 444 446 448 450 452 454 457 460 461 462 463 463 465 466 466 466 466 465 465 464 463 462 461 460 458 457 456 455 454 452 450 449 448 445 442 439 437 435 431 427 424 424 422 421 421 422 423 425 426 428 429 429 428 427 426 424 423 423 422 420 418 418 419 420 422 424 425
433 432 431 429 428 427 426 426 426 426 428 428 427 425 425 425 426 427 427 427 428 430 432 434 436 439 441 443 445 448 450 451 452 455 459 461 461 462 463 465 466 467 466 465 465 465 465 464 463 463 462 461 459 458 457 455 453 450 449 447 445 443 441 438 436 432 428 425 423 421 419 418 419 421 422 422 424 425 425 425 424 423 421 420 420 420 418 418 418 419 421 423 425 427
434 433 432 431 429 428 427 427 427 428 429 430 430 428 427 426 426 427 427 428 428 430 432 433 435 437 440 442 445 447 449 450 452 455 459 460 460 461 463 465 466 466 465 464 464 465 465 464 463 463 463 461 459 458 457 455 452 451 449 447 446 444 441 439 436 431 427 424 422 419 417 417 417 418 419 419 421 423 423 422 421 420 419 418 418 418 417 417 418 420 422 424 426 428
435 434 433 432 430 429 429 429 429 430 431 432 433 431 430 428 428 428 429 429 430 431 432 432 433 435 438 442 444 446 449 451 453 456 458 459 459 460 463 464 464 464 464 464 464 464 464 463 463 463 463 461 460 458 455 453 451 450 448 446 444 443 440 438 435 430 426 423 421 419 417 416 415 415 416 417 418 420 420 419 418 417 416 416 417 417 416 417 418 420 422 425 427 429
436 434 433 432 431 432 433 432 432 432 432 434 435 434 433 431 431 432 432 431 432 433 434 434 435 436 438 442 444 446 448 451 453 455 457 457 458 460 462 463 463 463 463 463 463 463 463 463 463 463 463 461 460 458 455 452 449 447 445 443 442 441 440 438 434 430 426 422 419 416 415 415 415 415 415 415 415 416 417 417 416 416 415 415 416 416 416 417 418 420 422 425 428 430
437 435 433 432 432 433 435 436 436 435 435 436 437 436 436 435 436 436 435 434 435 436 437 437 437 437 438 440 443 445 446 449 452 454 455 456 457 459 460 461 461 461 462 462 462 462 462 462 463 463 461 459 458 456 454 450 446 443 441 440 440 440 439 438 436 432 427 422 418 415 415 415 415 415 415 415 415 415 415 416 416 416 415 415 416 417 417 417 418 418 420 424 428 431
437 436 434 433 434 435 437 438 439 439 438 437 438 439 439 438 439 438 437 437 438 439 439 438 438 438 439 440 441 442 445 448 451 453 454 455 456 458 459 460 460 460 460 461 461 460 461 461 462 461 459 457 455 454 451 447 442 439 438 438 439 439 439 439 438 434 429 424 419 415 415 415 415 415 415 415 415 415 415 415 415 416 416 415 416 417 417 416 416 417 419 422 427 430
437 436 435 435 436 437 438 440 440 440 440 439 439 440 441 441 441 440 439 440 442 442 441 441 441 441 440 440 441 442 443 447 450 452 453 454 456 457 458 459 459 459 458 459 458 458 459 459 460 459 457 456 454 451 448 443 439 437 437 438 439 440 440 440 439 436 431 426 420 415 415 415 415 415 415 415 415 415 415 415 415 415 415 415 415 415 416 416 416 417 419 422 426 429
436 435 435 436 438 439 439 440 440 441 441 441 442 442 442 443 443 442 442 443 445 445 445 445 445 444 442 442 442 442 443 446 449 451 452 453 455 456 457 458 458 458 457 456 456 456 457 457 457 456 456 455 453 449 445 442 439 437 437 439 440 439 439 439 439 436 431 426 420 415 415 415 415 415 415 415 415 415 415 415 415 415 415 415 415 415 415 415 416 418 419 422 426 429
436 435 436 438 440 441 441 441 441 442 443 444 444 444 444 444 445 444 444 446 448 448 447 448 448 447 445 445 445 444 444 446 447 450 452 453 454 454 454 456 456 456 455 454 454 454 455 456 455 455 455 453 451 448 445 441 438 436 436 438 438 437 437 437 436 434 429 424 419 415 415 415 415 415 415 415 415 415 415 415 415 415 415 415 415 415 415 415 416 418 420 422 425 429
437 437 437 438 441 443 444 443 443 443 444 446 446 447 447 447 447 447 448 449 450 451 450 450 451 451 449 448 449 448 447 447 447 448 450 451 451 452 452 453 453 453 453 452 452 453 454 454 453 453 452 451 450 446 443 440 437 434 434 435 436 435 434 434 433 430 427 422 418 415 415 415 415 415 415 415 415 417 418 418 417 417 418 417 416 415 415 415 416 418 420 422 425 428
439 439 438 439 442 445 446 445 445 444 445 446 447 448 449 450 450 450 450 450 452 453 452 452 453 453 451 451 451 451 450 449 448 449 449 449 449 449 450 450 450 450 449 449 449 450 451 451 450 450 449 449 448 445 441 438 435 433 433 434 434 433 432 432 431 429 426 422 417 415 415 415 415 415 415 415 417 420 422 423 422 423 423 422 421 420 419 418 418 419 420 422 425 428
440 440 441 441 443 445 447 447 447 447 446 446 447 449 451 451 451 451 452 452 454 454 454 453 454 454 453 453 453 453 452 451 451 450 450 449 447 446 447 447 447 446 445 445 445 446 447 447 447 447 446 447 446 443 439 436 434 433 433 434 434 432 431 430 429 427 425 422 418 415 415 415 415 415 416 417 420 422 425 426 427 428 428 427 425 424 423 421 421 420 421 422 425 427
441 441 441 442 443 444 446 447 447 448 448 447 448 450 451 452 451 452 453 454 455 455 455 455 456 455 454 454 454 454 454 453 453 452 450 448 445 444 443 443 442 442 442 441 441 443 445 446 445 445 444 444 442 439 436 435 434 433 433 433 432 430 428 426 425 424 422 421 418 415 415 415 415 418 420 420 421 423 426 429 430 430 431 430 429 429 427 426 424 424 423 423 424 426
440 440 441 442 443 444 444 446 446 447 448 448 450 451 452 452 451 452 453 454 455 455 456 456 457 457 456 455 455 455 455 455 454 453 450 448 444 442 440 439 438 438 439 438 438 440 443 444 444 443 443 442 440 437 435 435 433 432 431 430 428 426 425 424 423 421 420 419 417 415 416 417 418 421 423 423 424 426 429 431 432 432 433 434 434 433 432 430 428 428 426 425 425 426
440 441 442 442 443 443 444 445 445 447 448 449 450 451 452 452 452 452 452 453 454 455 456 456 457 457 456 455 456 456 456 456 455 453 450 447 444 440 438 437 436 436 436 436 436 438 440 441 441 441 441 440 439 437 435 434 433 431 429 427 424 422 421 421 420 419 418 417 416 415 417 419 420 423 424 425 427 429 431 434 434 434 435 436 437 437 435 433 431 430 429 428 428 429
440 441 442 442 443 443 443 445 445 447 448 449 450 451 452 452 452 452 452 453 453 455 456 456 457 457 456 455 456 456 456 456 455 453 450 447 444 439 437 436 436 436 436 436 435 437 439 440 441 440 440 439 438 436 435 433 432 430 428 425 422 420 419 419 419 418 417 416 415 415 417 419 420 423 425 425 427 429 432 434 434 434 435 436 437 438 436 434 433 432 431 430 430 430
440 441 442 442 442 442 443 444 444 446 447 449 450 451 451 451 452 452 452 452 453 455 456 457 457 456 456 456 456 456 456 456 456 454 452 449 445 440 436 435 435 435 435 435 435 436 437 438 438 438 437 435 435 434 432 430 429 428 426 422 419 417 416 417 416 415 414 413 413 414 417 419 421 423 425 426 428 430 432 434 436 436 436 436 438 439 439 437 436 435 434 433 433 433
438 439 440 440 440 441 442 444 444 445 446 448 449 449 449 450 451 452 452 452 453 455 456 457 457 456 457 456 456 456 457 457 456 455 453 451 447 443 438 435 435 435 435 435 435 435 436 435 434 434 433 432 431 430 428 426 425 425 422 419 416 414 413 414 413 412 411 411 412 415 418 421 423 425 427 428 430 432 434 436 437 437 437 438 440 442 442 441 439 437 437 436 436 435
437 437 438 438 439 440 442 444 444 445 446 446 446 447 447 448 449 450 451 452 453 454 456 456 456 457 457 457 456 456 457 457 456 455 453 451 449 445 441 436 435 435 435 436 436 435 433 431 431 431 431 430 429 427 425 423 422 421 418 417 415 413 412 411 411 410 411 412 414 416 419 422 424 427 429 430 432 435 437 438 437 437 438 439 442 444 444 443 442 440 440 439 437 436
435 435 436 437 439 440 442 444 444 445 446 446 446 445 446 447 447 448 450 451 452 453 454 455 456 457 457 457 456 456 456 457 456 455 453 452 449 445 440 436 435 435 435 436 435 434 431 429 428 428 428 428 427 425 423 421 419 417 415 415 413 411 410 410 410 410 412 413 415 418 420 423 425 427 430 431 433 435 438 439 438 438 440 442 444 446 446 444 443 443 443 442 440 439
434 434 435 437 439 440 442 443 443 444 445 446 446 445 446 446 447 448 449 450 451 452 453 454 454 455 456 456 456 456 456 457 456 455 454 452 449 444 440 437 435 435 435 435 434 432 429 427 426 425 425 426 425 423 421 418 415 414 413 413 411 410 409 409 409 410 411 413 416 418 421 424 426 428 431 432 433 435 438 440 439 440 441 443 445 447 447 446 445 445 445 444 442 441
433 434 435 437 438 439 440 441 441 443 444 445 445 445 446 447 448 448 448 449 450 452 453 453 453 453 454 455 455 455 455 456 456 455 453 452 449 445 441 438 437 436 435 433 432 431 430 428 426 425 424 424 422 420 418 415 413 411 411 411 410 409 409 409 409 409 411 412 414 417 421 425 427 430 432 433 434 436 439 440 440 441 442 444 446 447 447 447 447 446 446 445 444 444
433 434 435 437 437 438 439 440 440 442 444 445 445 445 446 447 447 447 447 448 450 452 453 453 452 452 453 454 454 454 454 454 454 454 453 451 449 447 444 441 439 438 435 433 432 431 431 430 428 426 423 422 420 419 416 413 411 410 410 411 410 409 409 409 410 409 410 412 414 418 422 425 428 431 433 434 435 437 439 440 441 442 444 445 447 447 448 448 448 447 447 446 445 445
431 433 434 435 436 437 437 439 439 441 443 443 443 443 444 445 445 446 447 448 450 451 452 452 452 451 452 453 453 453 453 453 453 453 452 452 450 448 446 444 441 439 436 434 433 432 431 431 430 426 422 419 418 417 415 411 409 409 409 410 409 409 410 411 411 410 411 413 416 420 422 424 427 431 434 434 436 438 440 440 440 442 444 445 447 448 449 449 449 448 447 445 445 445
430 431 433 435 435 435 436 437 438 439 441 442 442 442 443 444 445 446 447 448 449 449 450 450 450 450 451 451 452 452 453 453 453 453 452 452 451 449 447 445 442 441 438 436 434 432 430 430 429 425 421 417 415 414 412 410 408 408 408 409 408 409 411 412 412 412 413 415 419 422 424 425 428 431 434 435 437 438 439 439 440 443 445 445 447 448 449 449 449 448 447 445 444 443
430 431 433 434 435 435 435 436 436 438 439 440 441 442 442 444 444 444 446 447 448 449 449 449 450 450 450 451 452 452 453 453 453 453 453 452 450 448 447 445 442 441 439 437 435 432 429 427 425 423 420 416 413 411 409 408 408 408 408 408 408 409 412 414 415 416 416 418 420 423 425 427 430 433 435 435 437 438 438 439 440 443 445 446 447 449 449 448 448 448 447 445 443 442
430 430 432 433 433 434 434 435 435 437 438 439 439 440 441 443 443 443 444 446 447 448 449 449 450 450 451 451 452 452 452 452 452 452 452 451 449 447 446 444 442 441 439 437 435 432 428 425 422 420 419 416 412 410 408 408 408 408 408 408 408 408 411 415 416 418 419 420 422 424 426 429 431 433 435 435 437 438 439 439 441 443 444 446 447 449 449 448 447 447 445 444 442 440
428 429 430 431 431 432 433 434 434 434 435 436 437 438 441 443 443 443 444 445 446 447 447 448 449 450 450 450 450 451 450 450 451 451 451 450 448 446 445 443 441 440 439 437 434 431 428 424 420 418 417 416 413 411 409 408 408 408 408 408 408 408 412 415 417 419 420 422 424 426 427 429 431 434 436 436 437 438 439 439 441 442 444 445 446 448 448 447 447 446 444 442 440 439
427 427 428 428 429 430 431 431 432 432 433 434 435 437 439 442 443 443 444 444 446 446 447 448 449 449 450 450 450 450 450 450 451 450 450 449 448 447 445 443 441 440 437 435 433 431 428 424 419 416 415 414 413 411 410 408 408 408 408 408 408 409 412 415 418 419 421 423 425 426 428 429 431 434 436 436 437 437 437 438 439 440 441 442 444 446 447 446 446 445 443 441 439 437
425 426 426 425 426 426 427 427 427 429 431 433 435 437 439 441 442 443 444 444 445 446 447 448 448 447 448 449 450 450 450 450 450 450 449 448 447 446 444 443 441 440 437 435 433 430 426 422 418 416 414 413 412 411 409 408 408 408 408 408 408 410 413 415 418 421 423 425 426 427 429 430 431 433 435 435 435 435 435 436 437 438 440 441 442 444 445 444 444 443 442 441 438 435
424 425 425 424 423 423 423 424 424 426 429 432 435 437 439 440 441 442 443 443 444 444 445 447 447 446 446 447 448 448 448 448 448 448 447 446 445 444 443 442 441 440 438 436 433 430 426 422 419 416 414 413 411 410 409 408 408 408 408 408 410 412 414 416 419 422 424 426 427 429 430 431 431 432 433 433 433 433 433 434 435 436 437 438 440 441 442 441 441 440 440 439 437 434
422 423 422 421 420 420 422 423 424 425 428 431 434 436 438 439 439 440 441 441 442 443 445 446 446 445 445 446 446 446 446 447 447 446 446 445 445 444 443 441 439 439 437 435 432 430 427 423 420 417 415 414 412 410 408 408 408 408 408 408 411 414 416 418 420 422 424 425 426 428 429 429 429 429 429 429 430 430 430 431 432 433 434 436 436 438 439 439 438 437 437 437 435 433
419 419 419 418 418 419 421 424 424 426 429 431 433 435 436 437 437 437 437 439 440 442 443 444 443 443 444 445 445 445 445 445 445 445 444 444 444 443 441 440 439 438 436 434 431 429 427 424 421 418 417 415 413 411 409 408 408 408 408 409 412 415 417 419 420 422 423 424 424 426 426 426 426 426 426 426 428 428 428 429 430 432 432 433 433 434 436 437 437 436 435 435 433 432
417 416 415 415 416 418 420 423 424 426 428 430 432 433 435 435 434 434 435 436 438 439 441 441 440 441 442 442 442 442 442 443 443 442 442 442 442 441 441 440 438 438 436 434 431 430 428 425 422 420 418 416 415 413 411 409 408 408 409 410 414 416 417 418 420 421 421 421 421 422 422 422 422 423 424 424 425 426 426 427 428 428 428 428 429 431 432 434 435 434 433 432 432 431
415 414 413 414 415 417 420 422 423 424 426 429 430 432 433 434 433 433 434 434 435 437 438 438 438 439 439 438 438 439 439 439 440 441 441 441 441 440 439 438 437 436 435 433 431 430 428 426 423 420 419 417 415 413 410 408 407 407 408 411 415 417 417 419 420 420 419 419 419 419 419 418 418 419 421 421 422 423 423 424 425 424 424 424 425 426 428 430 432 432 431 430 429 428
412 412 412 413 415 417 419 421 421 423 424 426 428 430 431 431 431 432 432 432 433 434 435 436 436 436 436 434 434 435 436 436 438 439 439 439 438 438 437 435 434 434 432 431 430 428 427 426 424 421 419 416 412 410 407 406 405 406 408 411 415 417 418 419 420 419 418 418 418 416 415 414 414 416 418 418 419 419 419 420 421 421 421 421 422 423 425 427 429 429 428 427 426 425
408 409 411 413 415 417 418 419 419 421 422 425 427 429 429 428 428 430 430 429 430 431 433 434 434 433 432 431 430 431 432 434 435 436 437 436 435 435 434 433 432 432 431 430 429 427 426 425 423 420 418 415 411 408 406 405 405 405 407 411 414 416 416 417 417 417 416 415 414 412 411 410 410 412 414 414 415 415 415 416 417 418 419 419 420 421 423 426 427 426 425 423 422 421
406 407 409 411 414 416 417 418 418 419 420 423 426 427 427 426 427 427 427 427 427 428 430 431 431 430 429 428 428 428 429 431 432 433 434 434 432 432 431 430 429 429 428 428 427 425 424 423 421 418 416 414 411 408 405 405 405 405 407 410 411 412 413 414 413 412 412 411 410 410 410 410 410 410 412 412 413 413 414 414 415 416 417 417 418 420 421 422 423 422 420 418 418 418
405 405 406 408 411 414 416 418 418 418 419 421 423 425 424 424 424 424 424 424 424 426 426 427 427 427 426 425 424 425 426 427 429 430 431 431 429 429 428 426 425 424 424 424 423 423 422 420 418 416 415 413 409 406 405 405 405 405 406 407 408 410 411 412 410 410 410 410 410 410 410 410 410 410 410 411 412 413 414 414 415 416 416 417 418 419 419 419 419 418 418 418 418 418
