samples/map_dem.asc
ncols        596
nrows        402
xllcorner    -53.750156036121
yllcorner    -28.497165926595
cellsize     0.000269494585
NODATA_value  -1
[rows 84 to 125 of 402, columns 188 to 281 of 596]
443 445 447 450 454 456 458 459 461 463 464 465 466 465 464 464 464 465 465 465 465 463 460 459 457 457 458 460 461 461 463 465 467 467 468 469 470 470 469 469 468 467 465 462 459 457 454 451 450 449 448 446 445 444 442 441 441 440 438 436 435 435 435 435 433 432 433 433 431 430 429 428 428 426 424 421 419 418 416 413 412 412 411 411 411 412 413 414 413 412 411 409 407 406
446 448 449 451 453 455 458 460 461 462 463 465 466 466 465 465 466 466 466 465 465 463 460 458 457 457 458 459 460 462 464 466 468 468 469 470 470 470 469 469 468 467 465 463 461 458 455 452 450 449 448 447 447 446 445 444 442 441 439 438 437 436 436 437 436 435 435 434 433 431 430 430 429 428 425 424 422 421 418 414 412 411 411 410 410 410 410 411 412 411 411 409 406 405
448 449 450 452 454 456 459 461 461 461 462 464 465 465 466 467 467 467 467 466 465 463 460 459 457 456 456 457 458 460 463 466 468 469 469 469 469 469 469 468 467 466 465 463 461 458 455 453 452 451 450 450 450 448 446 445 443 443 442 441 440 440 439 438 438 437 436 436 435 433 431 430 430 429 427 426 425 423 420 416 414 412 411 410 409 407 407 408 409 408 407 406 405 405
448 449 451 453 455 457 459 461 461 462 463 464 465 466 466 467 467 467 467 465 464 462 461 460 457 455 454 455 456 459 462 465 467 469 469 469 468 468 468 467 465 465 463 462 460 458 457 456 455 454 452 452 452 450 448 446 445 444 444 444 443 442 441 441 441 439 439 439 438 436 433 432 431 431 429 427 426 424 422 419 416 414 412 409 406 405 404 404 404 404 403 403 403 403
448 450 453 455 457 458 460 462 463 464 464 464 465 465 466 466 466 466 466 464 464 463 461 459 456 454 454 455 456 459 462 464 466 468 468 468 467 467 466 465 464 463 463 462 461 460 460 460 459 457 455 454 453 452 451 449 447 446 445 445 444 443 443 443 443 442 443 442 440 438 435 434 433 433 431 429 428 427 425 422 419 417 413 409 406 405 403 402 402 401 401 401 401 401
450 452 455 457 458 459 461 463 464 464 464 463 464 464 465 465 465 465 464 464 464 463 460 457 454 453 454 456 457 459 461 463 465 466 467 467 467 467 466 465 464 463 463 463 463 463 463 462 461 459 457 456 455 455 454 451 450 448 448 446 445 445 445 446 446 445 446 445 444 441 439 437 436 436 434 432 431 430 428 426 422 419 416 412 409 407 404 402 401 402 402 401 400 401
451 453 455 457 458 459 461 462 463 463 462 462 462 463 464 464 464 464 464 465 464 462 459 456 453 452 453 455 456 458 459 461 462 463 463 464 465 466 466 465 464 464 464 464 464 465 465 464 464 462 460 458 457 457 456 455 453 451 450 449 448 448 448 448 448 447 447 447 446 444 441 440 439 438 436 435 433 432 430 427 424 421 420 417 414 410 406 403 402 402 402 401 400 400
453 454 455 456 458 459 460 461 461 461 461 461 461 461 462 462 462 463 464 464 462 460 457 455 453 451 451 452 453 454 456 458 459 460 461 462 464 465 466 466 465 465 465 466 467 466 466 467 467 465 462 460 459 459 458 457 456 455 455 454 452 451 451 450 450 448 448 448 447 445 443 442 441 439 437 437 435 433 430 428 425 424 422 419 416 412 408 404 403 402 401 400 399 400
454 455 455 456 457 458 459 460 461 460 460 460 460 461 461 461 462 463 463 463 460 458 456 455 453 451 450 449 450 452 454 456 457 458 460 462 464 464 466 467 467 467 467 468 469 469 469 469 468 466 463 462 461 460 459 458 457 457 457 455 453 453 452 452 451 450 449 449 448 446 444 443 442 439 438 438 437 434 431 428 427 425 423 419 416 413 409 406 403 402 400 399 398 398
454 455 455 456 457 458 459 460 460 460 460 460 460 461 461 460 461 462 462 462 459 457 456 455 453 451 449 449 449 451 453 455 457 458 460 462 464 464 466 467 467 467 468 469 470 469 469 469 468 466 464 462 461 460 459 458 457 458 457 455 454 453 452 452 451 450 449 449 448 446 444 443 442 440 438 438 437 435 431 429 427 425 423 419 416 413 409 406 403 402 400 399 398 398
454 455 456 457 457 457 457 458 459 459 459 459 459 460 460 459 459 460 459 458 456 455 455 454 452 450 448 447 447 448 450 453 455 456 459 461 463 464 466 468 468 468 468 470 470 470 470 470 469 467 465 464 463 462 461 459 458 458 457 456 454 454 454 454 452 451 450 450 449 447 446 445 443 441 439 438 437 435 432 430 429 427 424 420 417 414 411 406 403 400 399 398 398 398
454 454 456 457 457 456 456 457 457 458 458 458 458 458 457 456 456 456 455 455 454 453 452 451 449 447 445 444 444 445 448 450 452 454 457 460 463 465 467 468 468 468 469 469 470 470 470 470 469 468 467 467 466 464 463 461 460 459 458 457 456 456 456 455 453 452 451 450 449 447 446 445 444 442 440 439 437 435 433 432 430 428 425 420 417 415 412 407 403 400 399 398 398 398
453 453 454 455 455 455 455 455 456 457 457 456 455 455 455 454 454 453 452 452 451 451 449 448 445 443 441 440 441 442 445 448 450 452 456 460 463 465 467 468 468 468 468 469 469 469 469 468 469 469 468 467 466 465 463 462 461 460 459 458 456 456 456 454 454 453 451 449 447 446 445 444 443 442 440 439 437 435 433 432 430 428 424 420 417 415 412 408 404 402 400 399 399 399
451 452 453 454 455 455 455 455 456 455 455 454 453 453 452 452 452 451 449 449 449 448 446 444 442 439 438 438 438 440 442 445 447 451 455 458 461 464 466 467 468 468 468 468 469 468 467 466 467 467 466 465 464 463 462 462 461 460 459 458 456 456 455 453 453 452 449 447 446 445 444 443 442 441 439 438 437 435 433 432 429 427 424 420 417 415 411 409 406 404 402 400 400 400
449 450 452 453 454 455 455 455 455 454 453 452 452 452 450 450 449 448 447 446 445 443 441 440 439 438 436 437 437 438 440 443 446 450 454 457 460 463 465 466 467 468 468 468 468 466 465 465 464 464 462 461 460 459 459 460 460 459 458 457 455 455 454 453 451 450 448 446 446 445 444 443 441 440 439 437 435 434 433 431 429 427 425 421 417 415 412 410 408 404 401 399 399 399
448 449 451 452 453 455 455 455 454 453 452 452 452 450 448 447 447 446 444 442 441 439 437 437 437 436 436 436 436 437 439 442 446 450 453 457 459 461 463 465 466 467 467 467 466 463 462 461 460 459 457 456 454 454 454 456 457 457 456 455 454 454 453 452 450 449 447 446 445 444 442 440 439 438 437 435 434 434 433 431 429 428 425 422 419 416 414 412 409 404 401 399 398 398
446 448 450 450 452 454 454 454 453 452 451 451 451 449 447 445 444 443 442 439 437 435 434 435 436 436 436 437 437 438 440 443 446 449 453 456 460 462 464 465 466 465 464 464 463 460 458 457 455 454 453 452 450 450 450 452 453 453 453 453 453 453 452 451 450 448 446 444 442 441 439 436 435 435 434 434 435 435 435 433 430 428 425 423 420 417 415 413 409 406 402 400 400 398
445 446 448 448 450 452 452 452 452 451 450 450 450 448 446 445 443 441 439 436 433 432 433 434 436 438 438 438 438 440 443 445 447 450 454 457 461 464 464 465 464 463 461 460 459 457 455 453 452 451 450 449 447 447 447 448 450 450 450 451 452 451 450 450 449 447 445 442 440 438 435 433 432 432 432 432 434 435 435 433 430 427 424 422 421 418 415 414 411 407 405 403 401 400
443 443 445 446 447 449 450 451 451 450 449 449 448 447 445 444 442 440 436 433 432 432 432 435 437 438 439 440 440 442 444 446 448 451 455 458 461 463 463 462 461 460 458 456 454 452 450 449 449 448 447 446 445 444 444 445 446 447 448 449 449 449 448 448 447 446 444 442 439 436 434 431 430 429 430 431 431 432 432 431 428 425 424 422 421 418 415 414 411 408 406 404 403 401
442 441 443 444 445 446 448 449 449 448 448 448 447 445 443 441 440 438 434 432 432 432 434 435 436 437 438 440 440 442 444 446 449 451 455 457 459 461 461 460 459 458 456 453 450 447 446 445 445 443 443 443 442 441 441 441 442 443 445 446 446 446 446 446 444 443 442 441 439 436 434 431 429 428 429 429 429 429 429 427 425 424 424 422 420 418 416 414 413 411 408 406 404 402
442 440 441 442 443 444 446 446 446 445 445 445 444 442 440 438 436 435 433 432 433 434 434 434 435 437 438 440 441 443 445 448 449 452 454 457 459 460 460 459 458 456 453 451 448 445 444 443 442 440 439 439 438 438 438 438 438 439 440 442 442 442 442 442 442 441 440 439 438 436 433 431 428 427 428 428 427 426 425 423 422 423 422 421 419 418 416 415 414 412 409 406 402 400
443 439 438 439 440 441 443 443 443 442 441 440 440 439 437 435 433 432 431 432 433 434 433 434 436 438 441 443 443 445 447 449 450 452 455 457 458 459 459 458 457 454 451 449 446 443 442 441 440 438 437 436 436 436 436 436 435 435 436 437 438 438 438 438 439 440 440 438 437 435 433 432 429 427 426 426 425 423 421 420 420 420 420 419 418 417 416 414 413 411 408 404 401 399
442 438 436 436 437 438 440 441 440 439 438 438 437 436 433 432 430 429 430 432 433 433 433 435 437 440 443 445 446 447 449 450 451 452 455 457 457 457 458 457 456 452 449 447 444 442 439 438 438 436 434 433 433 433 434 434 433 433 433 434 434 434 434 434 436 437 438 437 436 434 433 432 429 427 425 424 423 421 419 418 417 417 417 417 417 415 415 413 412 410 407 403 400 398
440 437 435 434 435 435 436 437 437 436 436 435 434 432 430 429 428 427 428 430 432 432 434 436 439 442 444 447 447 449 450 451 452 453 455 456 456 456 457 456 455 452 449 446 443 440 438 437 436 435 433 432 432 432 432 432 431 431 431 431 431 431 430 431 432 433 435 435 435 434 432 431 429 427 425 423 422 421 419 416 414 413 414 415 415 414 413 412 411 409 406 403 400 398
440 437 435 434 433 432 433 433 433 433 432 431 429 428 428 428 427 425 426 428 430 432 435 438 440 443 445 447 448 451 452 452 453 454 455 456 457 457 457 456 454 452 449 446 443 440 438 437 436 434 432 431 431 430 430 430 429 428 428 428 428 427 427 428 429 430 431 432 433 433 432 431 429 427 425 423 421 420 418 415 412 410 410 411 411 412 412 411 409 407 405 402 399 397
441 439 436 434 432 430 428 429 429 430 429 426 424 424 424 425 425 424 424 426 429 432 436 438 441 443 445 447 449 451 453 454 454 455 456 457 458 458 457 455 453 450 448 446 444 442 439 437 435 433 431 430 430 429 429 428 427 427 427 427 426 426 425 425 426 426 427 429 431 432 432 431 429 427 425 422 419 417 415 413 411 408 406 406 407 409 409 409 407 405 402 399 397 397
440 438 436 432 430 428 426 426 427 427 426 423 421 421 421 422 422 423 425 427 430 433 435 438 441 443 446 448 449 452 454 456 456 456 457 457 457 456 455 453 450 448 446 445 444 442 440 438 435 432 432 432 431 430 429 428 427 426 426 425 424 424 423 423 423 424 425 427 429 430 431 431 429 427 425 422 419 416 414 411 409 406 404 404 405 405 405 405 404 403 401 398 397 397
437 436 434 431 430 428 425 424 424 424 423 421 421 421 421 421 422 424 426 428 431 434 436 439 442 445 448 449 450 453 455 456 456 456 456 455 454 453 451 449 448 447 446 445 444 442 441 439 437 436 436 435 434 432 430 429 428 428 426 425 423 423 421 421 422 423 424 425 427 429 430 431 430 428 427 424 421 418 414 411 409 407 405 404 403 402 402 402 402 402 401 400 398 397
435 434 432 430 429 427 425 423 422 422 422 422 421 421 421 421 423 426 427 429 432 435 437 439 442 446 449 451 451 453 455 455 455 455 454 452 451 450 448 446 446 446 445 445 445 444 442 441 441 440 440 438 437 434 432 430 430 429 426 424 422 421 420 420 419 420 422 424 426 428 429 430 430 429 427 425 422 418 415 414 411 408 406 405 402 401 400 399 400 400 401 401 400 397
433 431 429 428 427 426 425 424 422 421 422 423 422 421 421 422 424 426 428 429 432 435 437 439 442 445 448 450 451 452 453 453 453 452 451 449 448 447 444 443 442 444 444 444 445 445 444 443 443 443 442 440 439 437 434 432 430 429 426 424 422 421 420 419 418 418 420 423 425 426 428 429 429 428 426 424 422 419 417 415 412 409 407 405 402 399 398 397 397 398 400 401 400 398
429 427 426 425 425 425 425 424 422 421 422 422 422 420 420 421 423 425 428 429 431 434 436 438 441 444 446 448 449 450 451 451 450 448 447 445 445 444 441 439 439 441 442 442 444 444 444 443 443 443 442 441 441 439 437 434 432 430 427 424 424 423 422 420 418 418 418 421 423 424 426 428 428 427 424 423 422 419 417 415 412 410 407 405 402 398 397 397 397 397 398 399 399 397
426 424 424 423 423 423 423 422 421 420 421 421 420 420 420 422 423 426 428 429 431 432 434 436 438 441 445 447 447 449 450 450 448 446 443 443 441 440 438 437 437 439 439 441 442 443 442 441 441 441 442 442 441 440 438 436 434 431 428 425 425 425 424 423 422 419 418 419 420 422 424 426 427 425 424 422 421 419 416 415 413 409 406 404 401 398 397 397 397 397 397 397 398 397
424 422 421 420 421 421 420 418 418 418 419 419 419 420 422 424 426 428 430 431 431 432 433 434 436 439 443 446 447 448 449 449 447 444 441 440 439 437 436 435 435 436 437 438 439 439 439 439 439 440 441 441 440 440 438 437 435 433 429 426 426 426 426 426 424 421 419 418 418 420 422 424 425 425 423 422 421 419 416 415 412 409 405 402 399 397 397 397 397 397 397 397 397 397
421 419 418 417 417 416 416 415 415 418 420 420 420 421 424 427 429 431 432 433 434 434 435 436 437 440 443 445 446 447 448 448 446 443 439 437 436 435 435 434 433 434 434 435 436 436 436 436 437 437 438 438 438 438 438 437 435 433 430 427 426 426 426 427 426 422 419 418 417 418 419 421 422 422 421 420 420 419 416 413 410 406 403 400 397 397 397 397 397 397 397 397 397 397
416 414 413 413 413 413 414 414 415 419 423 423 422 424 427 429 430 432 434 435 437 438 439 440 441 443 444 445 446 447 446 445 444 441 438 436 436 434 433 432 432 432 432 432 433 433 432 431 432 433 434 435 436 437 436 435 434 431 429 427 426 426 426 426 425 421 418 416 416 416 416 417 418 420 419 419 419 418 415 412 408 405 401 398 397 397 397 397 397 397 397 397 397 397
413 411 411 411 412 413 414 416 419 422 424 425 425 426 430 432 433 435 436 438 440 442 443 444 445 445 446 446 446 447 446 444 442 440 438 436 435 433 433 432 431 430 430 430 430 429 428 428 428 429 430 431 432 434 433 432 430 428 427 426 425 425 424 423 421 418 416 416 415 414 414 415 416 417 417 417 417 416 414 411 408 405 401 397 397 397 397 397 397 397 397 397 397 397
412 411 411 411 413 415 417 419 421 423 425 426 427 429 432 435 437 439 441 443 444 446 447 447 448 448 448 449 449 448 446 444 441 440 439 436 434 433 432 432 431 429 429 429 428 427 426 426 426 426 426 427 429 430 429 428 427 426 425 423 422 422 420 419 417 416 415 415 414 413 413 414 415 416 416 415 414 413 412 409 407 404 401 397 397 397 397 397 397 397 397 397 397 397
411 411 411 414 416 417 419 421 423 424 426 428 429 431 433 437 440 443 445 446 447 449 450 450 451 451 451 451 451 450 448 445 442 440 439 437 435 433 432 432 430 429 429 429 428 426 425 425 425 425 424 424 425 425 425 425 425 425 424 422 420 420 418 415 414 414 413 413 413 411 410 411 412 413 413 411 410 409 408 406 404 402 398 397 397 397 397 397 397 397 397 397 397 397
411 411 413 416 417 419 421 423 424 425 427 430 431 433 436 439 441 445 447 448 450 451 451 451 452 454 454 453 453 452 450 447 444 441 440 438 437 435 433 432 431 430 429 429 427 425 424 425 424 423 422 422 422 422 421 422 422 422 422 421 419 419 416 413 411 411 411 411 412 410 409 408 408 409 410 409 406 404 403 401 400 398 397 397 397 397 397 397 397 397 397 397 397 397
411 411 413 416 418 420 422 424 426 427 430 432 434 435 438 441 443 446 448 450 452 452 452 453 454 456 456 455 455 453 450 448 446 444 443 441 440 438 436 434 433 432 431 430 428 426 424 424 423 422 421 421 421 420 420 419 419 419 419 420 418 417 414 411 409 409 409 410 411 410 409 407 407 407 407 406 404 402 400 399 398 397 397 397 397 397 397 397 397 397 397 397 397 397
411 411 412 414 417 420 422 425 427 429 432 433 435 438 441 443 445 447 449 451 452 454 455 456 456 457 457 456 456 454 452 450 450 449 447 446 445 443 441 439 438 435 433 433 431 428 426 425 424 423 422 421 421 420 419 419 418 417 417 417 416 415 413 410 409 409 409 409 411 411 410 409 407 407 407 405 404 403 402 400 400 397 397 397 397 397 397 397 397 397 397 398 398 398
411 411 412 414 418 421 423 425 428 430 432 434 436 440 443 445 447 448 450 452 453 455 457 457 456 457 457 457 457 456 455 453 453 452 450 449 448 447 445 443 442 439 437 436 434 431 429 428 426 425 424 423 422 420 419 419 418 417 416 415 414 414 413 411 410 409 409 409 410 410 410 409 409 409 408 406 405 405 404 403 401 399 397 397 397 397 397 397 397 397 397 398 399 400
