samples/map_dem.asc
ncols        596
nrows        402
xllcorner    -53.750156036121
yllcorner    -28.497165926595
cellsize     0.000269494585
NODATA_value  -1
[rows 210 to 251 of 402, columns 94 to 187 of 596]
374 375 375 376 376 376 377 378 380 382 382 382 381 380 379 376 373 371 368 367 366 366 365 363 363 363 363 363 363 363 363 363 363 364 365 366 365 365 365 365 363 363 363 363 367 372 375 377 379 382 385 387 387 386 386 386 384 382 380 378 375 371 369 369 371 374 376 377 378 378 377 377 375 372 370 368 368 368 367 366 366 366 366 366 366 366 366 366 366 367 367 367 368 369
372 373 373 374 375 376 377 378 380 382 383 383 383 382 380 378 376 374 372 370 369 369 367 365 364 363 363 363 363 363 363 363 363 363 364 364 364 364 364 364 364 363 363 363 366 370 374 377 380 382 385 387 387 387 386 386 385 382 379 376 373 370 369 369 372 375 377 378 379 378 377 377 375 372 370 369 368 368 367 366 366 366 366 366 366 366 366 366 366 367 368 369 370 371
369 370 371 372 374 376 377 378 380 382 383 384 384 383 381 379 378 377 374 373 372 372 370 369 367 364 363 363 363 363 363 363 363 363 363 363 364 364 363 363 363 363 363 363 364 367 372 377 380 382 385 387 388 388 387 387 385 382 379 375 373 371 370 370 373 375 378 379 379 379 378 376 374 373 372 370 369 368 368 367 366 366 366 366 367 368 367 367 367 367 369 371 372 373
367 368 369 371 372 375 377 378 379 380 382 384 385 385 383 381 380 379 377 376 375 375 374 372 369 365 363 363 363 363 363 363 363 363 363 363 363 363 363 363 363 363 363 363 363 365 370 376 380 382 384 387 389 389 387 387 384 382 378 374 372 371 371 372 373 376 378 379 380 379 378 376 375 374 373 372 371 370 369 368 367 366 366 366 367 367 367 367 367 368 371 373 375 375
367 368 370 371 372 375 377 378 379 380 382 384 385 385 384 383 382 381 379 378 378 378 376 374 370 366 363 363 363 363 363 363 363 363 363 363 363 363 363 363 363 363 363 363 363 365 370 377 380 383 385 387 388 388 387 386 384 381 377 374 373 372 373 372 373 376 378 379 380 380 379 378 378 377 377 376 374 373 372 369 368 367 366 366 366 366 366 366 366 369 372 374 376 376
369 370 371 372 374 376 377 379 380 381 383 384 385 385 385 384 382 381 380 380 380 379 378 376 372 367 364 363 363 363 363 363 363 363 363 363 363 363 363 363 363 363 363 364 365 367 372 377 381 383 385 386 387 387 386 386 383 381 378 375 374 374 374 373 373 374 377 379 381 382 382 382 381 381 380 379 378 377 375 372 370 369 368 366 366 366 366 366 366 369 372 375 377 378
373 373 373 374 376 377 378 380 381 382 383 384 385 385 384 384 383 382 381 381 380 380 378 377 374 370 366 363 363 363 363 363 363 363 363 363 363 363 363 363 363 363 364 365 366 369 372 375 379 382 383 384 386 387 386 386 384 382 379 376 374 374 374 373 373 375 377 380 382 384 385 385 384 383 382 381 380 380 378 375 374 372 369 366 366 366 366 367 368 370 373 376 378 379
377 376 376 377 379 380 380 381 382 383 384 384 384 384 384 384 384 383 382 381 379 379 378 376 375 372 368 365 363 363 364 365 366 365 363 363 363 363 363 363 363 364 366 366 367 369 371 373 376 379 381 383 385 387 387 386 385 382 378 376 375 376 376 375 375 376 378 382 384 386 387 388 387 386 384 382 382 382 381 378 376 373 370 367 366 366 368 369 370 372 375 377 379 380
379 379 380 381 381 382 383 383 384 384 385 385 384 384 384 385 385 384 383 380 379 378 378 377 376 374 371 367 365 365 367 369 370 370 369 367 366 365 365 365 365 366 368 369 369 369 371 373 376 379 381 384 385 386 386 386 385 382 379 377 377 378 378 377 376 377 379 383 386 387 388 389 389 388 386 384 383 383 381 379 376 373 370 368 367 368 370 371 371 373 377 379 380 381
380 381 382 383 383 383 384 384 385 385 385 386 385 385 385 386 385 384 383 381 379 379 378 377 375 374 372 370 369 370 372 373 374 374 373 372 371 370 369 369 368 368 370 370 370 371 374 376 378 380 382 384 385 386 386 386 385 383 380 378 378 378 378 378 378 379 381 384 387 389 390 391 391 390 389 387 386 384 382 379 376 374 371 368 368 369 371 372 373 375 378 380 382 383
381 382 383 384 385 385 386 386 386 386 386 387 387 387 387 386 384 383 382 380 378 378 377 375 373 372 371 371 371 373 375 376 376 376 375 374 374 374 373 372 371 371 370 370 371 373 376 379 381 383 385 386 387 388 388 388 386 384 382 380 379 378 378 379 381 382 384 387 390 391 392 392 392 392 391 389 387 385 383 380 378 375 372 369 368 369 371 374 375 377 380 383 384 385
381 383 384 385 387 388 388 387 388 387 387 388 389 389 389 387 384 382 381 379 377 376 375 373 372 371 371 371 372 374 376 377 377 377 377 377 377 378 377 376 374 374 372 371 372 375 378 381 383 385 387 388 389 391 392 391 389 387 384 381 380 380 380 382 383 385 387 390 392 393 393 393 394 394 392 390 388 386 384 382 379 375 371 369 369 370 373 376 377 380 383 385 386 387
382 384 385 386 388 389 389 389 389 388 388 389 389 390 390 388 385 382 381 379 377 376 374 371 371 371 371 372 374 376 378 378 378 379 380 380 380 381 381 380 378 376 374 372 374 377 379 381 383 386 388 390 392 393 394 393 391 388 384 382 382 383 384 386 387 388 389 391 394 396 396 395 395 395 393 392 390 387 385 383 380 375 371 369 370 371 375 377 378 380 384 386 387 388
382 384 386 388 390 391 391 390 390 390 391 391 391 391 390 387 385 383 382 379 377 376 373 371 371 371 371 372 375 378 379 379 379 381 382 383 383 383 383 383 381 379 376 375 375 377 380 382 384 387 390 392 394 395 395 394 392 389 386 384 385 386 389 390 391 391 392 394 395 397 398 397 396 395 394 393 392 389 386 384 380 375 372 370 371 374 376 378 379 381 383 386 388 389
382 384 386 388 390 391 392 392 391 392 392 392 392 392 390 388 386 384 382 379 377 376 374 372 371 371 371 373 375 378 380 381 381 383 384 384 385 385 385 385 384 382 379 377 377 378 381 385 387 390 392 394 396 397 396 396 393 390 388 388 388 389 392 393 394 395 396 397 398 399 399 399 398 397 396 394 392 389 386 383 380 376 373 372 372 374 377 379 380 382 384 387 390 391
381 384 386 387 388 390 391 392 392 392 393 393 394 393 392 389 387 384 382 379 376 376 374 372 371 371 373 375 376 378 380 381 382 384 386 387 388 388 387 386 385 384 382 381 380 381 384 387 390 392 393 394 396 398 398 397 395 391 390 390 390 392 395 397 398 398 399 399 400 401 401 400 400 398 396 393 391 389 386 383 380 377 374 373 373 375 377 379 380 381 384 388 391 392
380 383 385 386 387 389 390 391 392 393 394 394 394 394 392 390 387 384 382 378 376 375 374 373 372 373 376 377 377 378 379 381 383 385 387 389 390 390 389 388 388 386 384 383 383 385 387 389 391 393 394 395 397 399 399 398 396 393 392 393 393 395 398 399 399 399 399 400 401 401 401 401 400 398 395 393 390 389 386 382 379 377 375 374 374 376 378 379 380 382 385 389 392 393
380 383 385 386 387 389 390 391 392 393 394 393 393 394 393 391 387 383 381 377 375 374 374 374 374 375 377 379 379 378 379 380 382 385 388 390 391 391 390 390 390 389 387 384 384 387 389 390 391 392 394 396 398 398 398 398 397 396 395 395 395 396 398 399 399 399 400 401 402 403 403 402 401 399 396 393 391 389 386 382 379 377 376 375 375 377 378 380 380 383 387 390 392 393
380 383 385 386 387 389 390 391 392 393 394 393 393 394 393 391 387 383 381 377 375 374 374 374 374 375 378 379 379 378 379 380 382 385 388 390 391 391 391 391 391 390 388 385 385 387 389 390 391 392 394 396 398 398 398 398 398 396 395 395 395 396 398 399 399 399 400 401 402 403 403 403 401 399 396 394 391 389 387 382 379 377 376 375 376 377 379 380 381 384 388 390 393 393
379 381 383 384 386 388 389 390 392 392 393 393 393 393 393 391 387 384 381 379 376 376 375 374 374 375 377 378 378 379 380 381 383 386 389 392 393 392 393 393 393 392 390 388 388 390 392 393 393 393 394 397 399 399 398 398 398 397 396 396 396 397 399 400 400 401 401 402 403 403 403 403 402 400 398 396 393 390 387 382 379 377 376 376 378 380 381 382 384 387 390 391 393 394
378 379 380 382 384 386 387 389 390 390 391 391 391 391 391 390 387 384 381 380 378 378 376 374 374 374 375 376 377 379 382 384 386 388 390 392 393 393 393 394 394 393 392 392 392 393 393 394 394 394 396 398 400 400 399 399 398 398 397 396 397 399 400 401 401 402 402 403 403 402 402 401 401 400 398 396 393 391 386 382 379 377 376 377 379 381 382 384 386 389 392 392 393 394
375 376 378 380 382 384 385 386 387 387 388 388 387 388 389 388 386 383 382 380 379 379 377 375 374 375 375 376 377 380 382 384 386 388 390 392 393 393 394 394 394 394 394 394 394 394 394 395 396 397 398 399 401 401 400 400 400 400 399 398 399 400 400 400 400 401 401 402 402 401 399 399 399 399 397 395 393 391 387 383 380 378 377 377 379 381 383 385 386 390 393 394 394 395
373 374 376 378 380 382 383 383 383 383 384 384 384 385 385 386 385 383 382 381 379 379 378 377 376 376 377 377 377 379 381 383 384 386 389 392 393 394 395 396 396 396 396 396 396 396 396 397 398 399 400 401 402 402 402 402 402 402 401 400 400 400 400 399 399 399 399 399 399 398 397 397 397 397 396 394 392 390 386 383 380 378 377 377 379 381 383 385 386 389 393 395 396 396
372 373 374 376 379 380 380 380 379 380 381 382 383 383 383 384 384 383 382 381 381 380 379 378 377 378 378 377 377 378 380 381 383 385 388 391 394 395 397 398 398 398 399 399 399 399 398 399 401 402 402 403 403 403 403 403 404 404 403 401 400 401 401 399 398 398 398 398 397 396 395 395 395 394 393 391 390 388 385 382 380 379 378 378 380 381 383 386 387 390 393 395 396 398
371 373 374 376 378 379 379 379 379 379 381 382 383 383 383 384 384 384 384 383 383 383 382 380 379 378 379 378 377 378 380 382 383 385 388 391 394 396 398 399 399 399 400 401 402 402 401 402 403 403 404 404 404 404 404 404 404 405 403 402 402 402 402 401 400 399 399 398 396 395 395 394 394 392 390 389 388 387 385 383 381 380 379 379 380 382 384 387 388 391 393 395 397 399
372 375 376 377 378 379 380 380 380 381 382 383 384 385 386 386 387 387 387 386 385 385 383 382 380 380 380 380 380 380 382 384 385 386 389 392 394 396 398 400 400 401 402 403 404 404 405 405 405 405 405 405 405 406 406 406 405 406 405 405 405 405 405 404 402 401 400 399 397 395 394 395 394 391 389 388 388 387 385 383 382 380 380 380 381 382 385 388 389 391 394 396 397 398
374 376 377 379 380 381 382 384 384 384 384 386 388 389 390 390 389 389 389 389 387 387 385 383 382 381 381 382 383 384 386 388 388 388 390 393 395 397 399 402 403 404 405 406 406 406 407 407 407 406 406 406 407 408 408 408 407 406 407 408 409 409 408 407 405 403 401 399 397 395 395 395 394 391 389 388 387 387 385 384 383 381 381 381 382 383 386 389 391 393 396 397 397 398
377 378 379 380 381 383 385 386 387 386 387 389 391 392 392 391 390 390 390 390 389 389 387 384 382 382 383 384 387 388 390 391 391 390 392 394 397 399 401 403 405 406 407 407 406 407 407 408 409 409 409 409 409 410 409 409 408 407 408 409 410 411 410 409 407 405 403 400 398 397 396 396 395 392 389 388 387 386 385 383 383 382 381 382 382 383 387 391 393 395 397 398 398 398
380 380 380 381 383 384 386 387 388 389 390 391 392 393 393 392 392 392 391 392 391 391 389 387 385 384 386 388 391 392 393 394 394 393 393 396 399 401 403 404 406 408 409 409 408 408 409 410 411 412 412 412 412 412 411 411 410 409 409 409 410 411 411 409 407 406 404 402 400 400 399 398 396 394 391 389 387 386 384 383 382 382 381 382 382 384 387 391 392 395 397 398 399 400
382 382 382 383 384 386 387 388 389 391 391 392 393 395 396 396 395 394 393 393 393 393 392 390 390 390 391 393 395 396 396 398 398 396 395 397 400 402 404 406 408 411 411 411 411 411 411 412 412 413 413 414 414 414 413 413 412 411 410 410 410 411 410 409 408 406 405 403 402 402 401 399 397 395 394 391 388 387 385 383 382 382 383 384 385 386 389 391 392 394 396 398 400 402
385 385 384 385 387 388 388 389 390 392 393 395 396 397 398 399 398 397 396 396 396 396 395 394 394 395 396 397 399 399 399 401 401 399 398 399 401 403 405 408 410 412 413 413 413 413 413 413 414 415 415 415 415 415 415 415 414 412 412 412 412 412 411 409 408 407 406 405 406 405 403 401 400 398 396 393 390 389 387 384 383 384 386 388 389 390 392 393 394 396 398 399 401 403
387 387 386 387 388 389 390 390 391 393 395 396 398 399 400 400 401 400 400 399 398 398 397 396 396 397 400 401 401 401 402 403 403 402 401 402 404 405 408 410 411 412 413 414 414 415 415 415 416 417 417 417 416 417 417 417 415 414 414 414 414 414 413 411 410 409 408 409 409 408 406 404 402 400 398 395 392 391 388 386 385 387 389 390 392 393 394 396 396 398 400 401 402 404
390 389 389 389 390 392 392 392 393 394 395 396 398 399 400 402 403 404 403 401 400 400 399 398 398 400 402 403 402 402 403 404 405 403 402 404 405 407 409 411 411 412 413 414 415 416 417 418 418 419 419 419 419 418 418 418 417 416 416 415 415 415 415 413 412 411 412 412 412 410 407 405 403 401 399 397 394 392 389 388 387 389 390 391 392 393 395 398 398 400 401 402 403 405
392 392 392 392 393 394 394 394 394 395 395 397 399 401 402 404 405 405 404 403 402 402 402 401 400 401 403 403 402 402 402 404 405 403 402 403 405 407 410 411 412 413 415 416 416 417 419 420 420 420 420 420 420 420 419 419 419 418 417 417 416 416 416 415 414 414 415 415 413 411 409 406 405 403 401 399 396 393 390 388 388 389 389 390 391 393 396 399 400 401 402 404 404 406
396 396 396 396 395 395 395 395 396 397 397 399 401 403 404 405 407 407 406 404 404 404 404 403 403 402 403 403 402 402 402 404 404 402 402 403 406 409 411 412 413 415 417 418 419 419 421 422 422 421 422 423 423 423 422 422 420 419 418 418 417 416 416 417 417 418 418 417 415 413 410 408 406 404 401 399 397 395 392 390 389 389 389 389 391 393 397 399 400 402 403 405 406 407
399 399 399 398 397 397 397 397 398 399 400 402 404 405 406 407 408 408 407 406 406 406 406 405 405 404 402 402 402 402 402 403 403 402 402 404 407 409 411 413 414 416 419 420 420 421 423 423 423 423 424 425 425 425 425 424 423 420 419 419 418 417 418 419 419 420 420 418 416 413 410 408 407 405 402 400 398 397 395 393 391 390 389 390 391 394 397 399 399 402 404 405 406 408
401 401 401 400 400 399 399 399 399 400 401 403 405 406 407 408 409 409 409 409 409 409 408 406 405 404 402 402 402 402 402 403 403 402 402 404 406 409 411 413 414 417 421 422 423 423 424 425 425 425 426 426 426 426 426 426 424 421 420 420 419 419 419 420 421 421 422 420 418 414 411 409 407 405 404 402 400 398 397 395 393 391 389 390 391 394 396 398 399 401 404 405 407 408
402 402 401 402 402 402 401 401 402 403 404 405 407 408 408 409 409 410 411 411 411 411 409 407 405 403 402 402 402 402 402 403 403 403 403 404 406 410 412 414 415 418 421 423 423 424 426 427 427 427 427 427 427 427 426 426 425 423 423 422 421 421 422 423 423 423 423 422 419 416 414 411 408 406 404 403 401 400 397 395 393 391 390 389 391 394 396 398 399 402 404 406 407 409
403 402 402 403 403 403 403 404 405 406 406 407 408 409 410 411 411 412 413 413 412 412 411 409 407 405 403 403 402 402 402 403 403 403 404 406 408 411 413 415 417 419 421 423 424 425 426 428 429 429 428 428 429 429 428 428 427 426 424 423 422 423 424 425 425 424 424 422 420 417 415 412 410 407 405 404 403 401 398 396 394 392 390 390 391 394 396 398 399 401 404 406 408 410
403 404 405 405 405 404 405 405 406 407 408 408 409 410 412 413 414 414 415 415 415 415 414 412 410 407 406 404 404 403 404 404 403 403 403 406 408 410 413 416 418 420 422 424 425 426 427 428 429 429 429 430 430 430 430 429 429 427 425 423 423 425 426 427 426 425 424 424 421 419 416 413 411 409 407 405 403 402 400 398 396 394 392 392 393 395 397 399 400 402 405 408 410 412
404 405 406 406 406 406 406 406 406 407 409 410 410 411 413 415 416 417 417 416 416 416 415 413 411 409 407 405 404 404 405 405 404 403 403 404 407 410 413 416 418 420 422 424 425 426 428 428 429 429 430 431 430 430 429 429 429 428 426 425 425 427 428 428 427 426 426 425 423 421 418 416 413 411 409 407 405 403 402 400 397 395 394 394 396 397 399 401 402 404 406 409 411 413
403 405 406 406 406 406 406 406 407 409 410 412 412 413 414 416 417 418 418 416 415 415 414 412 410 409 408 406 406 406 406 406 405 404 403 404 406 410 412 416 418 419 421 423 425 427 428 429 430 430 431 432 432 431 430 430 429 428 428 427 428 430 431 430 430 429 427 426 424 423 420 417 414 412 411 410 407 405 403 401 398 396 395 395 397 399 402 404 405 407 408 410 411 413
