samples/ndvi/map_ndvi_2017-06-20.asc
ncols        322
nrows        306
xllcorner    -53.726171018035
yllcorner    -28.476684338117
cellsize     0.000269494585
NODATA_value  -9999
[rows 187 to 203 of 306, columns 0 to 38 of 322]
0.57668232917785644531 0.61561822891235351562 0.61561822891235351562 0.68497574329376220703 0.57729804515838623047 0.30813395977020263672 0.251861572265625 0.24989604949951171875 0.24861407279968261719 0.24959082901477813721 0.24959082901477813721 0.25060629844665527344 0.25224488973617553711 0.25 0.24978759884834289551 0.2480513453483581543 0.24528302252292633057 0.24804857373237609863 0.24804857373237609863 0.25430852174758911133 0.27641224861145019531 0.45209735631942749023 0.71339565515518188477 0.68492567539215087891 0.3283996284008026123 0.43248945474624633789 0.75717437267303466797 0.75717437267303466797 0.83113455772399902344 0.80351263284683227539 0.76888889074325561523 0.65870308876037597656 0.61338663101196289062 0.53409093618392944336 0.36455562710762023926 0.36455562710762023926 0.2353347092866897583 0.24298506975173950195 0.23701798915863037109
0.78387647867202758789 0.78387647867202758789 0.80894118547439575195 0.84877526760101318359 0.77694612741470336914 0.39503166079521179199 0.24027237296104431152 0.24829351902008056641 0.23885349929332733154 0.24398073554039001465 0.24398073554039001465 0.24744376540184020996 0.24845488369464874268 0.24178868532180786133 0.25050750374794006348 0.24150268733501434326 0.24088248610496520996 0.24642556905746459961 0.24642556905746459961 0.24918831884860992432 0.25833007693290710449 0.26122608780860900879 0.28276482224464416504 0.2908827662467956543 0.24127230048179626465 0.23566879332065582275 0.23566879332065582275 0.3673572540283203125 0.64523279666900634766 0.79772847890853881836 0.8325074315071105957 0.80908250808715820312 0.79682910442352294922 0.73429322242736816406 0.63817512989044189453 0.63817512989044189453 0.26220017671585083008 0.21507760882377624512 0.2120838463306427002
0.79386502504348754883 0.79386502504348754883 0.80862152576446533203 0.82703262567520141602 0.78761059045791625977 0.58500570058822631836 0.30237153172492980957 0.24137930572032928467 0.23986765742301940918 0.24306139349937438965 0.24306139349937438965 0.24210526049137115479 0.2387571483850479126 0.24480000138282775879 0.25102543830871582031 0.24778386950492858887 0.24396783113479614258 0.24863731861114501953 0.24863731861114501953 0.25089180469512939453 0.25216704607009887695 0.25385802984237670898 0.26082047820091247559 0.25274726748466491699 0.25395628809928894043 0.25712054967880249023 0.25712054967880249023 0.2548701167106628418 0.34427812695503234863 0.61806982755661010742 0.73935353755950927734 0.80019682645797729492 0.82616913318634033203 0.79375994205474853516 0.5699481964111328125 0.5699481964111328125 0.26014319062232971191 0.21397380530834197998 0.22315113246440887451
0.82075089216232299805 0.82075089216232299805 0.81529211997985839844 0.82296651601791381836 0.82692307233810424805 0.71235954761505126953 0.42006132006645202637 0.23788151144981384277 0.23767989873886108398 0.23767989873886108398 0.24392360448837280273 0.24629080295562744141 0.2442779839038848877 0.24682767689228057861 0.25134575366973876953 0.25199830532073974609 0.2385479658842086792 0.24401913583278656006 0.24401913583278656006 0.2446247488260269165 0.24066719412803649902 0.25059476494789123535 0.25526213645935058594 0.2552954256534576416 0.25395628809928894043 0.25059667229652404785 0.25059667229652404785 0.2533543705940246582 0.26741054654121398926 0.30580538511276245117 0.30572688579559326172 0.40767824649810791016 0.79498088359832763672 0.65342271327972412109 0.65342271327972412109 0.29509329795837402344 0.23252688348293304443 0.25238096714019775391 0.23913043737411499023
0.82670205831527709961 0.82670205831527709961 0.8073946833610534668 0.81088560819625854492 0.80349552631378173828 0.72580647468566894531 0.37709632515907287598 0.25210085511207580566 0.24953959882259368896 0.24953959882259368896 0.24575513601303100586 0.24825784564018249512 0.24678663909435272217 0.24812030792236328125 0.25190839171409606934 0.24799999594688415527 0.247646331787109375 0.247646331787109375 0.23752151429653167725 0.24586193263530731201 0.24365079402923583984 0.25406661629676818848 0.24796274304389953613 0.25076219439506530762 0.24876940250396728516 0.24600389599800109863 0.24600389599800109863 0.25414577126502990723 0.25194400548934936523 0.25859373807907104492 0.26572006940841674805 0.30142179131507873535 0.76965111494064331055 0.73045420646667480469 0.73045420646667480469 0.55081671476364135742 0.30714744329452514648 0.25152626633644104004 0.22905027866363525391
0.7903582453727722168 0.79433274269104003906 0.7762444615364074707 0.77178269624710083008 0.75609755516052246094 0.74070632457733154297 0.48696023225784301758 0.26097929477691650391 0.2530472874641418457 0.2530472874641418457 0.24415941536426544189 0.25034451484680175781 0.24792304635047912598 0.24515295028686523438 0.247099265456199646 0.24563644826412200928 0.24029126763343811035 0.24029126763343811035 0.24149242043495178223 0.23849372565746307373 0.24522292613983154297 0.25476467609405517578 0.25019732117652893066 0.25694444775581359863 0.25422427058219909668 0.25524610280990600586 0.25524610280990600586 0.2666415870189666748 0.26181545853614807129 0.25650259852409362793 0.2653236091136932373 0.36444443464279174805 0.74930584430694580078 0.81940871477127075195 0.81940871477127075195 0.79143089056015014648 0.48318043351173400879 0.24071526527404785156 0.22880816459655761719
0.79009610414505004883 0.78415518999099731445 0.77023500204086303711 0.76821476221084594727 0.7630755305290222168 0.76034235954284667969 0.66627126932144165039 0.35386118292808532715 0.25562781095504760742 0.25562781095504760742 0.25592416524887084961 0.25231909751892089844 0.24329240620136260986 0.24538259208202362061 0.2519480586051940918 0.25628998875617980957 0.24899919331073760986 0.24899919331073760986 0.23732903599739074707 0.23888404667377471924 0.24057970941066741943 0.24742268025875091553 0.25148987770080566406 0.24658069014549255371 0.24809160828590393066 0.23977056145668029785 0.24781784415245056152 0.25887188315391540527 0.26015368103981018066 0.30188679695129394531 0.31074380874633789062 0.45813733339309692383 0.78480494022369384766 0.82874619960784912109 0.82874619960784912109 0.80907440185546875 0.61599332094192504883 0.29605263471603393555 0.29579067230224609375
0.79332387447357177734 0.7923946380615234375 0.71800279617309570312 0.70323067903518676758 0.74028056859970092773 0.75207370519638061523 0.70493233203887939453 0.43848288059234619141 0.43848288059234619141 0.25248509645462036133 0.24728260934352874756 0.24898327887058258057 0.24193547666072845459 0.24559858441352844238 0.25044092535972595215 0.25288832187652587891 0.2477064281702041626 0.2477064281702041626 0.24418112635612487793 0.24510230123996734619 0.24968840181827545166 0.2477064281702041626 0.24841772019863128662 0.24506388604640960693 0.23977056145668029785 0.24617196619510650635 0.2446555793285369873 0.25404158234596252441 0.27050998806953430176 0.51961952447891235352 0.58249926567077636719 0.66589504480361938477 0.81378763914108276367 0.81378763914108276367 0.83354455232620239258 0.81791156530380249023 0.71810543537139892578 0.60675513744354248047 0.70149254798889160156
0.77651649713516235352 0.58437502384185791016 0.39431685209274291992 0.38524255156517028809 0.56511628627777099609 0.66360151767730712891 0.63413667678833007812 0.35695537924766540527 0.35695537924766540527 0.26624739170074462891 0.24989429116249084473 0.24393358826637268066 0.24690265953540802002 0.25925925374031066895 0.24864864349365234375 0.25736910104751586914 0.24578526616096496582 0.24578526616096496582 0.24713151156902313232 0.24597300589084625244 0.24925689399242401123 0.2515856325626373291 0.25203916430473327637 0.24763406813144683838 0.24617196619510650635 0.25218081474304199219 0.25379091501235961914 0.24711500108242034912 0.26836812496185302734 0.53689360618591308594 0.83138054609298706055 0.81507283449172973633 0.8270270228385925293 0.8270270228385925293 0.81796598434448242188 0.79136383533477783203 0.80787992477416992188 0.78653925657272338867 0.81882590055465698242
0.52699226140975952148 0.27789047360420227051 0.24495238065719604492 0.24115286767482757568 0.27195766568183898926 0.36919832229614257812 0.43202638626098632812 0.28185024857521057129 0.28185024857521057129 0.25567090511322021484 0.25019919872283935547 0.24396994709968566895 0.25185796618461608887 0.25335642695426940918 0.24966622889041900635 0.25395348668098449707 0.25395348668098449707 0.25034835934638977051 0.24524886906147003174 0.25200355052947998047 0.25240173935890197754 0.25079652667045593262 0.24358434975147247314 0.24493105709552764893 0.25218081474304199219 0.25218081474304199219 0.25513428449630737305 0.26203629374504089355 0.26163724064826965332 0.35349407792091369629 0.80852460861206054688 0.84293782711029052734 0.82668578624725341797 0.82668578624725341797 0.81244903802871704102 0.73006993532180786133 0.81911969184875488281 0.81676298379898071289 0.78279572725296020508
0.36571428179740905762 0.24695369601249694824 0.24742661416530609131 0.24069479107856750488 0.24029952287673950195 0.24572578072547912598 0.25188103318214416504 0.25687065720558166504 0.25687065720558166504 0.25759878754615783691 0.24813798069953918457 0.24428103864192962646 0.24989809095859527588 0.25935372710227966309 0.25217390060424804688 0.25175151228904724121 0.25175151228904724121 0.25071495771408081055 0.25698325037956237793 0.25519150495529174805 0.25101396441459655762 0.25056028366088867188 0.25346019864082336426 0.24678556621074676514 0.24678556621074676514 0.26272913813591003418 0.28083333373069763184 0.27870216965675354004 0.25103563070297241211 0.31059247255325317383 0.72727274894714355469 0.84029346704483032227 0.83026802539825439453 0.83026802539825439453 0.81598186492919921875 0.69648772478103637695 0.70607733726501464844 0.76548808813095092773 0.72168672084808349609
0.34356352686882019043 0.24108658730983734131 0.24704957008361816406 0.24062614142894744873 0.24173201620578765869 0.24240422248840332031 0.24797298014163970947 0.24797298014163970947 0.24919326603412628174 0.24952524900436401367 0.24529780447483062744 0.24649298191070556641 0.25264874100685119629 0.25742575526237487793 0.25361701846122741699 0.25465273857116699219 0.25465273857116699219 0.25618290901184082031 0.25776106119155883789 0.26090994477272033691 0.25732600688934326172 0.25369128584861755371 0.24914088845252990723 0.24666379392147064209 0.24666379392147064209 0.26302194595336914062 0.27435898780822753906 0.26643598079681396484 0.28038898110389709473 0.33271974325180053711 0.76378488540649414062 0.81391149759292602539 0.81154364347457885742 0.81154364347457885742 0.82120686769485473633 0.80692815780639648438 0.80016028881072998047 0.7763805389404296875 0.77359569072723388672
0.2692998349666595459 0.24568966031074523926 0.24377296864986419678 0.24083769321441650391 0.2418346107006072998 0.24324324727058410645 0.24805939197540283203 0.24805939197540283203 0.2447452843189239502 0.24663677811622619629 0.24224577844142913818 0.24940048158168792725 0.25271058082580566406 0.25112292170524597168 0.25214406847953796387 0.25089606642723083496 0.25089606642723083496 0.25756186246871948242 0.25177136063575744629 0.25942963361740112305 0.24930490553379058838 0.25845736265182495117 0.25659888982772827148 0.25732031464576721191 0.25732031464576721191 0.25579360127449035645 0.27930173277854919434 0.2697201073169708252 0.3291085660457611084 0.63220036029815673828 0.82260751724243164062 0.80259585380554199219 0.80259585380554199219 0.78888523578643798828 0.81946146488189697266 0.8722127079963684082 0.86678278446197509766 0.86997431516647338867 0.87864691019058227539
0.24607330560684204102 0.24560651183128356934 0.24050633609294891357 0.24392156302928924561 0.24230352044105529785 0.24858357012271881104 0.25 0.25 0.2412780076265335083 0.25298422574996948242 0.24437299370765686035 0.25401929020881652832 0.25160187482833862305 0.24763859808444976807 0.25228759646415710449 0.25228759646415710449 0.25560536980628967285 0.2591241002082824707 0.23853635787963867188 0.25562557578086853027 0.24548736214637756348 0.24813351035118103027 0.25317528843879699707 0.26409232616424560547 0.26409232616424560547 0.26337793469429016113 0.25895088911056518555 0.31642410159111022949 0.58796298503875732422 0.83395987749099731445 0.83689075708389282227 0.80523055791854858398 0.80523055791854858398 0.81163084506988525391 0.86229944229125976562 0.88321763277053833008 0.87859034538269042969 0.88217055797576904297 0.88812232017517089844
0.24359531700611114502 0.24333620071411132812 0.24271844327449798584 0.245592460036277771 0.24731183052062988281 0.25130888819694519043 0.25139251351356506348 0.25139251351356506348 0.24633204936981201172 0.24403814971446990967 0.24482338130474090576 0.25274726748466491699 0.25733444094657897949 0.24886877834796905518 0.25220459699630737305 0.25220459699630737305 0.25703907012939453125 0.25343093276023864746 0.24287652969360351562 0.25252524018287658691 0.24518388509750366211 0.2540633082389831543 0.24840764701366424561 0.26783311367034912109 0.26783311367034912109 0.25646460056304931641 0.32899305224418640137 0.55054491758346557617 0.76727002859115600586 0.8358516693115234375 0.83071893453598022461 0.79505813121795654297 0.79505813121795654297 0.84225797653198242188 0.87539732456207275391 0.8800080418586730957 0.87985032796859741211 0.87670969963073730469 0.87741333246231079102
0.24531668424606323242 0.24498692154884338379 0.24455825984477996826 0.24718633294105529785 0.24433657526969909668 0.24970132112503051758 0.25453111529350280762 0.25453111529350280762 0.25376686453819274902 0.25493353605270385742 0.25447154045104980469 0.25331124663352966309 0.25475600361824035645 0.25083893537521362305 0.25648921728134155273 0.25648921728134155273 0.2580935359001159668 0.25134167075157165527 0.24412937462329864502 0.24539877474308013916 0.24947056174278259277 0.2491829991340637207 0.2542654871940612793 0.2542654871940612793 0.26456624269485473633 0.26873385906219482422 0.32899305224418640137 0.80827444791793823242 0.80904883146286010742 0.83447748422622680664 0.82391780614852905273 0.76229828596115112305 0.76229828596115112305 0.84775602817535400391 0.87432980537414550781 0.87565857172012329102 0.88142293691635131836 0.87796348333358764648 0.87830388545989990234
0.25120773911476135254 0.24943412840366363525 0.24392360448837280273 0.24779133498668670654 0.24738384783267974854 0.2512562870979309082 0.2512562870979309082 0.25511482357978820801 0.2513281702995300293 0.24695369601249694824 0.25348645448684692383 0.25208681821823120117 0.25670805573463439941 0.25409492850303649902 0.2558746635913848877 0.2558746635913848877 0.25994694232940673828 0.24737761914730072021 0.24978011846542358398 0.24903887510299682617 0.24838709831237792969 0.25309598445892333984 0.25875794887542724609 0.25875794887542724609 0.26907631754875183105 0.34272301197052001953 0.73832923173904418945 0.80535280704498291016 0.75301688909530639648 0.80217701196670532227 0.80150181055068969727 0.80150181055068969727 0.75464010238647460938 0.84055173397064208984 0.86476695537567138672 0.86210089921951293945 0.88073968887329101562 0.87937134504318237305 0.88188225030899047852
