samples/ndvi/map_ndvi_2017-06-20.asc
ncols        322
nrows        306
xllcorner    -53.726171018035
yllcorner    -28.476684338117
cellsize     0.000269494585
NODATA_value  -9999
[rows 255 to 271 of 306, columns 234 to 272 of 322]
0.27786120772361755371 0.26568597555160522461 0.2534701228141784668 0.2534701228141784668 0.25972470641136169434 0.26385146379470825195 0.26536822319030761719 0.2595818936824798584 0.24956971406936645508 0.25615474581718444824 0.25563690066337585449 0.25563690066337585449 0.26253336668014526367 0.26805680990219116211 0.26360857486724853516 0.2653179168701171875 0.25829645991325378418 0.25256341695785522461 0.27024859189987182617 0.27024859189987182617 0.2784334719181060791 0.26757550239562988281 0.26690787076950073242 0.2621834874153137207 0.26354745030403137207 0.25577265024185180664 0.2436326146125793457 0.3118712306022644043 0.3118712306022644043 0.76295804977416992188 0.84720569849014282227 0.81662064790725708008 0.74908292293548583984 0.76721554994583129883 0.7644710540771484375 0.42710390686988830566 0.42710390686988830566 0.26167836785316467285 0.25527971982955932617
0.27927929162979125977 0.26206475496292114258 0.26206475496292114258 0.2539870142936706543 0.26127201318740844727 0.26360085606575012207 0.26923078298568725586 0.25086107850074768066 0.25501433014869689941 0.25342664122581481934 0.25255474448204040527 0.25255474448204040527 0.26504942774772644043 0.27289432287216186523 0.26987004280090332031 0.26411864161491394043 0.25806450843811035156 0.25729584693908691406 0.27219718694686889648 0.27219718694686889648 0.27282294631004333496 0.26079913973808288574 0.26480263471603393555 0.25860688090324401855 0.26384535431861877441 0.25868263840675354004 0.26367136836051940918 0.35365036129951477051 0.35365036129951477051 0.84672665596008300781 0.83395457267761230469 0.82146596908569335938 0.78026765584945678711 0.80436909198760986328 0.78660047054290771484 0.58688277006149291992 0.58688277006149291992 0.26888981461524963379 0.25533536076545715332
0.28127026557922363281 0.25479283928871154785 0.25479283928871154785 0.24726735055446624756 0.25998806953430175781 0.25487875938415527344 0.2645766139030456543 0.25028637051582336426 0.25214406847953796387 0.25072214007377624512 0.24796274304389953613 0.24796274304389953613 0.25629630684852600098 0.26750227808952331543 0.27653214335441589355 0.26047566533088684082 0.2554982304573059082 0.26377427577972412109 0.27070063352584838867 0.27070063352584838867 0.26765799522399902344 0.26562926173210144043 0.27168887853622436523 0.26555147767066955566 0.26043629646301269531 0.25960150361061096191 0.25423729419708251953 0.25423729419708251953 0.44730678200721740723 0.81567728519439697266 0.80716055631637573242 0.84802430868148803711 0.83793550729751586914 0.86158037185668945312 0.82858890295028686523 0.64108526706695556641 0.64108526706695556641 0.27034538984298706055 0.26418638229370117188
0.27135843038558959961 0.26010102033615112305 0.26010102033615112305 0.2534732818603515625 0.25364077091217041016 0.25376594066619873047 0.25373992323875427246 0.25028637051582336426 0.25099602341651916504 0.25158685445785522461 0.25158685445785522461 0.24625770747661590576 0.24917343258857727051 0.26477831602096557617 0.27460834383964538574 0.26570865511894226074 0.25809934735298156738 0.26219838857650756836 0.2720998227596282959 0.2720998227596282959 0.27101293206214904785 0.27094134688377380371 0.27595481276512145996 0.26855951547622680664 0.25831353664398193359 0.25903278589248657227 0.24563206732273101807 0.24563206732273101807 0.48269230127334594727 0.75765824317932128906 0.81880474090576171875 0.83214050531387329102 0.83881580829620361328 0.85729223489761352539 0.83678591251373291016 0.83678591251373291016 0.55094480514526367188 0.26911076903343200684 0.26746806502342224121
0.26556953787803649902 0.25332489609718322754 0.25332489609718322754 0.25214627385139465332 0.25213676691055297852 0.25321638584136962891 0.24992859363555908203 0.24716553092002868652 0.25157234072685241699 0.25245523452758789062 0.25245523452758789062 0.24985268712043762207 0.25196850299835205078 0.26416257023811340332 0.27283304929733276367 0.26549175381660461426 0.25606763362884521484 0.27055630087852478027 0.27055630087852478027 0.27739545702934265137 0.27342256903648376465 0.26715001463890075684 0.26391479372978210449 0.25974366068840026855 0.2580330967903137207 0.24788583815097808838 0.24928067624568939209 0.24928067624568939209 0.37495779991149902344 0.69836294651031494141 0.80695295333862304688 0.82600069046020507812 0.81598621606826782227 0.84674787521362304688 0.78406167030334472656 0.78406167030334472656 0.37320917844772338867 0.27245950698852539062 0.26334908604621887207
0.26133075356483459473 0.25510203838348388672 0.25510203838348388672 0.25109854340553283691 0.25581395626068115234 0.25550922751426696777 0.25342464447021484375 0.25162017345428466797 0.25035682320594787598 0.25664234161376953125 0.25664234161376953125 0.25134009122848510742 0.25868964195251464844 0.2795765995979309082 0.27450981736183166504 0.26262339949607849121 0.25176343321800231934 0.27856364846229553223 0.27856364846229553223 0.2744731903076171875 0.27417147159576416016 0.26923078298568725586 0.26859283447265625 0.26128518581390380859 0.26319175958633422852 0.24848803877830505371 0.25439748167991638184 0.25439748167991638184 0.31824859976768493652 0.75823450088500976562 0.84728342294692993164 0.8350130915641784668 0.82395470142364501953 0.81850534677505493164 0.49207442998886108398 0.49207442998886108398 0.27616280317306518555 0.27183097600936889648 0.26473739743232727051
0.2555204927921295166 0.2555204927921295166 0.25288832187652587891 0.25589948892593383789 0.25571846961975097656 0.25203251838684082031 0.26165500283241271973 0.25750577449798583984 0.26081871986389160156 0.25707545876502990723 0.25707545876502990723 0.25104105472564697266 0.26500460505485534668 0.27736777067184448242 0.27110856771469116211 0.262340545654296875 0.26657646894454956055 0.28986689448356628418 0.28986689448356628418 0.28188464045524597168 0.27604311704635620117 0.27237135171890258789 0.26532825827598571777 0.25865921378135681152 0.26829269528388977051 0.26006934046745300293 0.26006934046745300293 0.25151756405830383301 0.33352434635162353516 0.75622069835662841797 0.84610259532928466797 0.81962865591049194336 0.78205126523971557617 0.59722727537155151367 0.29486697912216186523 0.29486697912216186523 0.26871609687805175781 0.26706334948539733887 0.26251691579818725586
0.26158729195594787598 0.26158729195594787598 0.26214835047721862793 0.25724747776985168457 0.2555522620677947998 0.26081871986389160156 0.26057776808738708496 0.26213592290878295898 0.26163819432258605957 0.26163819432258605957 0.25756239891052246094 0.249403342604637146 0.25803431868553161621 0.26218786835670471191 0.26348665356636047363 0.26235741376876831055 0.2728252112865447998 0.27708894014358520508 0.27708894014358520508 0.28192508220672607422 0.28555494546890258789 0.27342677116394042969 0.25854182243347167969 0.26325410604476928711 0.25879681110382080078 0.2513631284236907959 0.2513631284236907959 0.25601992011070251465 0.27806991338729858398 0.70352780818939208984 0.87703746557235717773 0.84206241369247436523 0.5872071385383605957 0.31954023241996765137 0.26383897662162780762 0.26383897662162780762 0.26536411046981811523 0.26496300101280212402 0.25775194168090820312
0.26138934493064880371 0.26138934493064880371 0.26621922850608825684 0.26370596885681152344 0.25921487808227539062 0.25800710916519165039 0.26577103137969970703 0.26920822262763977051 0.2677211463451385498 0.2677211463451385498 0.25014644861221313477 0.24819710850715637207 0.25346785783767700195 0.26189076900482177734 0.27092760801315307617 0.25236168503761291504 0.27649143338203430176 0.28281462192535400391 0.28281462192535400391 0.27785307168960571289 0.27252441644668579102 0.26200506091117858887 0.25799459218978881836 0.26207339763641357422 0.25541839003562927246 0.2637729644775390625 0.2637729644775390625 0.26084506511688232422 0.30012300610542297363 0.78429245948791503906 0.8798701167106628418 0.77110445499420166016 0.3198572993278503418 0.27692309021949768066 0.27692309021949768066 0.26542323827743530273 0.26010781526565551758 0.26138934493064880371 0.25517702102661132812
0.27006825804710388184 0.27006825804710388184 0.26782885193824768066 0.25887072086334228516 0.26501983404159545898 0.28215891122817993164 0.26969254016876220703 0.27122640609741210938 0.2677211463451385498 0.26811811327934265137 0.25244733691215515137 0.25458371639251708984 0.25585755705833435059 0.2755813896656036377 0.26713681221008300781 0.25510203838348388672 0.27923497557640075684 0.27923497557640075684 0.2782725989818572998 0.2699890434741973877 0.27216437458992004395 0.26985025405883789062 0.25172698497772216797 0.26145899295806884766 0.2567908167839050293 0.25930100679397583008 0.25930100679397583008 0.26544240117073059082 0.34739533066749572754 0.85427308082580566406 0.81388479471206665039 0.48405560851097106934 0.2657833099365234375 0.26939654350280761719 0.26939654350280761719 0.26356050372123718262 0.25783288478851318359 0.26200729608535766602 0.25649014115333557129
0.27011686563491821289 0.2688103020191192627 0.26656201481819152832 0.25937306880950927734 0.28939300775527954102 0.2823880612850189209 0.27004715800285339355 0.27055305242538452148 0.26811811327934265137 0.26426425576210021973 0.25126677751541137695 0.2503045201301574707 0.26125574111938476562 0.27482679486274719238 0.2673543393611907959 0.26338562369346618652 0.27721965312957763672 0.27721965312957763672 0.27517500519752502441 0.27651304006576538086 0.27380615472793579102 0.25633803009986877441 0.24927367269992828369 0.24739103019237518311 0.24425287544727325439 0.24425287544727325439 0.25825130939483642578 0.27605223655700683594 0.48575216531753540039 0.87806689739227294922 0.67784738540649414062 0.33963751792907714844 0.26862820982933044434 0.26664343476295471191 0.26664343476295471191 0.25961211323738098145 0.26127365231513977051 0.25892230868339538574 0.2581208646297454834
0.2752043604850769043 0.27572816610336303711 0.28169894218444824219 0.27205881476402282715 0.27721247076988220215 0.27201917767524719238 0.26743841171264648438 0.26918464899063110352 0.26426425576210021973 0.26031553745269775391 0.25346177816390991211 0.24820031225681304932 0.26895305514335632324 0.27673137187957763672 0.25966849923133850098 0.26973685622215270996 0.28000000119209289551 0.28000000119209289551 0.27463650703430175781 0.27389964461326599121 0.2651666104793548584 0.25988224148750305176 0.25632429122924804688 0.25065809488296508789 0.24640089273452758789 0.24640089273452758789 0.25508520007133483887 0.31188118457794189453 0.61888468265533447266 0.85464334487915039062 0.49326717853546142578 0.28314864635467529297 0.26163005828857421875 0.25632798671722412109 0.25632798671722412109 0.25647392868995666504 0.26238530874252319336 0.26144969463348388672 0.26246538758277893066
0.26837608218193054199 0.2783978879451751709 0.28269776701927185059 0.27312776446342468262 0.27418854832649230957 0.26902335882186889648 0.26322042942047119141 0.26369658112525939941 0.26369658112525939941 0.25901243090629577637 0.24849939346313476562 0.25190839171409606934 0.27862149477005004883 0.27387800812721252441 0.25915801525115966797 0.28092998266220092773 0.28475397825241088867 0.28475397825241088867 0.27651515603065490723 0.2704474329948425293 0.26099210977554321289 0.26301142573356628418 0.25569778680801391602 0.24970827996730804443 0.25497680902481079102 0.25497680902481079102 0.2608242034912109375 0.31341463327407836914 0.69738185405731201172 0.79430919885635375977 0.34309777617454528809 0.27032968401908874512 0.26524615287780761719 0.26524615287780761719 0.26088601350784301758 0.26088601350784301758 0.25159355998039245605 0.25563102960586547852 0.26017093658447265625
0.26684457063674926758 0.27596247196197509766 0.26993095874786376953 0.2767295539379119873 0.27896201610565185547 0.26181277632713317871 0.26362559199333190918 0.26246246695518493652 0.26246246695518493652 0.24760764837265014648 0.25053015351295471191 0.2504755854606628418 0.27203291654586791992 0.27654677629470825195 0.26195028424263000488 0.28344923257827758789 0.28344923257827758789 0.27561172842979431152 0.27645787596702575684 0.27382320165634155273 0.26134762167930603027 0.26191148161888122559 0.25880172848701477051 0.25969105958938598633 0.26239225268363952637 0.26239225268363952637 0.25601282715797424316 0.33198028802871704102 0.80088347196578979492 0.68414157629013061523 0.2908827662467956543 0.26740741729736328125 0.26017835736274719238 0.26017835736274719238 0.25776398181915283203 0.25729441642761230469 0.25750276446342468262 0.2567132115364074707 0.26148408651351928711
0.2779947817325592041 0.27542641758918762207 0.26908865571022033691 0.27352026104927062988 0.27522096037864685059 0.26163819432258605957 0.26872771978378295898 0.25746715068817138672 0.25746715068817138672 0.25060385465621948242 0.25177633762359619141 0.25799441337585449219 0.27700090408325195312 0.27027025818824768066 0.26554623246192932129 0.27602568268775939941 0.27602568268775939941 0.27105832099914550781 0.27403315901756286621 0.27079746127128601074 0.26049941778182983398 0.26224783062934875488 0.2604580223560333252 0.26197347044944763184 0.26025149226188659668 0.26025149226188659668 0.26275581121444702148 0.40101826190948486328 0.78368538618087768555 0.53096729516983032227 0.27818989753723144531 0.26694753766059875488 0.26203629374504089355 0.26203629374504089355 0.25885978341102600098 0.25909259915351867676 0.26335173845291137695 0.2540740668773651123 0.25424981117248535156
0.28311687707901000977 0.27989980578422546387 0.26703497767448425293 0.27087828516960144043 0.26718938350677490234 0.26325088739395141602 0.2655131220817565918 0.25224149227142333984 0.25224149227142333984 0.25060385465621948242 0.25424796342849731445 0.27779480814933776855 0.2809123694896697998 0.2661336362361907959 0.27298605442047119141 0.27888888120651245117 0.27888888120651245117 0.27233234047889709473 0.26807314157485961914 0.26714083552360534668 0.26276957988739013672 0.26368749141693115234 0.26115444302558898926 0.26571428775787353516 0.26571428775787353516 0.26011559367179870605 0.26522809267044067383 0.43907284736633300781 0.62722116708755493164 0.37290605902671813965 0.26953870058059692383 0.26741054654121398926 0.25808998942375183105 0.25808998942375183105 0.2596302032470703125 0.25931501388549804688 0.25496181845664978027 0.25232946872711181641 0.25732216238975524902
0.2882124483585357666 0.27528089284896850586 0.26639726758003234863 0.26103168725967407227 0.26071211695671081543 0.26229026913642883301 0.2566318809986114502 0.2566318809986114502 0.25185847282409667969 0.25550121068954467773 0.25127226114273071289 0.28246557712554931641 0.2788664400577545166 0.25659200549125671387 0.2766570746898651123 0.28487884998321533203 0.28487884998321533203 0.27472528815269470215 0.27718308568000793457 0.27118644118309020996 0.27046865224838256836 0.26710292696952819824 0.25828641653060913086 0.26629525423049926758 0.26629525423049926758 0.25315067172050476074 0.26740124821662902832 0.47736626863479614258 0.53497165441513061523 0.28952172398567199707 0.2719033360481262207 0.2677345573902130127 0.2677345573902130127 0.26340508460998535156 0.2613506317138671875 0.25638094544410705566 0.25508606433868408203 0.25541740655899047852 0.25825512409210205078
