samples/ndvi/map_ndvi_2017-11-11.asc
ncols        322
nrows        306
xllcorner    -53.726171018035
yllcorner    -28.476684338117
cellsize     0.000269494585
NODATA_value  -9999
[rows 85 to 101 of 306, columns 234 to 272 of 322]
0.85348963737487792969 0.84594738483428955078 0.84754794836044311523 0.84635829925537109375 0.84316807985305786133 0.83861672878265380859 0.83421331644058227539 0.75061661005020141602 0.82359308004379272461 0.82359308004379272461 0.87348586320877075195 0.87234044075012207031 0.85010707378387451172 0.67581188678741455078 0.46153846383094787598 0.28186497092247009277 0.39474460482597351074 0.39474460482597351074 0.51599764823913574219 0.56220030784606933594 0.67031699419021606445 0.47989624738693237305 0.41735401749610900879 0.28431373834609985352 0.18917328119277954102 0.18917328119277954102 0.35091879963874816895 0.40920397639274597168 0.45249295234680175781 0.49069538712501525879 0.35194760560989379883 0.29369881749153137207 0.43336832523345947266 0.52529847621917724609 0.52529847621917724609 0.41553565859794616699 0.35032221674919128418 0.24902071058750152588 0.28981429338455200195
0.84464967250823974609 0.83637368679046630859 0.83887821435928344727 0.84094572067260742188 0.83934253454208374023 0.83311188220977783203 0.8300583958625793457 0.84430176019668579102 0.84430176019668579102 0.84489351511001586914 0.85215491056442260742 0.85698980093002319336 0.8623396754264831543 0.86694276332855224609 0.78532820940017700195 0.56871265172958374023 0.34886270761489868164 0.34886270761489868164 0.34377574920654296875 0.48372226953506469727 0.55790108442306518555 0.36323851346969604492 0.41463413834571838379 0.36250001192092895508 0.12730365991592407227 0.12730365991592407227 0.35476464033126831055 0.61109536886215209961 0.64129483699798583984 0.47840422391891479492 0.23538230359554290771 0.33923304080963134766 0.48890188336372375488 0.50052464008331298828 0.50052464008331298828 0.42544227838516235352 0.44349071383476257324 0.44872081279754638672 0.37691003084182739258
0.8355630040168762207 0.83281558752059936523 0.83262652158737182617 0.82970404624938964844 0.82634896039962768555 0.82866376638412475586 0.83513867855072021484 0.8514435887336730957 0.8514435887336730957 0.8446814417839050293 0.84652930498123168945 0.85305905342102050781 0.85763245820999145508 0.86676955223083496094 0.7363465428352355957 0.50295859575271606445 0.34702822566032409668 0.34702822566032409668 0.32271146774291992188 0.3236834108829498291 0.34145516157150268555 0.42886456847190856934 0.45310816168785095215 0.24809332191944122314 0.26230770349502563477 0.26230770349502563477 0.4329382479190826416 0.73377704620361328125 0.76648515462875366211 0.65068089962005615234 0.29551354050636291504 0.40750157833099365234 0.31659618020057678223 0.31659618020057678223 0.37228062748908996582 0.41864952445030212402 0.39277708530426025391 0.5367603302001953125 0.4450931251049041748
0.83780759572982788086 0.83422911167144775391 0.83112114667892456055 0.82277762889862060547 0.8102766871452331543 0.82059067487716674805 0.84199362993240356445 0.85995280742645263672 0.85995280742645263672 0.84565216302871704102 0.84648650884628295898 0.85131114721298217773 0.86148560047149658203 0.87008279561996459961 0.54868537187576293945 0.34938308596611022949 0.34938308596611022949 0.32221934199333190918 0.44568592309951782227 0.22971652448177337646 0.29996791481971740723 0.54611110687255859375 0.55456852912902832031 0.34882083535194396973 0.22556670010089874268 0.22556670010089874268 0.43289107084274291992 0.61125767230987548828 0.59640419483184814453 0.47383230924606323242 0.64082098007202148438 0.59084326028823852539 0.51419752836227416992 0.51419752836227416992 0.33708864450454711914 0.35024663805961608887 0.40618956089019775391 0.54228186607360839844 0.36659818887710571289
0.84653741121292114258 0.84198772907257080078 0.82937854528427124023 0.81917333602905273438 0.80938667058944702148 0.81879383325576782227 0.83895540237426757812 0.85069817304611206055 0.85069817304611206055 0.84436011314392089844 0.85021549463272094727 0.85626173019409179688 0.8623459935188293457 0.8081257939338684082 0.29569265246391296387 0.24333116412162780762 0.24333116412162780762 0.33774071931838989258 0.41018199920654296875 0.38470873236656188965 0.41398757696151733398 0.54611110687255859375 0.5187651515007019043 0.34624844789505004883 0.34624844789505004883 0.4022846519947052002 0.53996551036834716797 0.42293605208396911621 0.36339521408081054688 0.42384964227676391602 0.68025439977645874023 0.50728780031204223633 0.38584184646606445312 0.38584184646606445312 0.38874346017837524414 0.3390928804874420166 0.36803519725799560547 0.45578694343566894531 0.44630873203277587891
0.82541006803512573242 0.85000002384185791016 0.84415584802627563477 0.83021503686904907227 0.8218714594841003418 0.83022546768188476562 0.84385198354721069336 0.84385198354721069336 0.84874862432479858398 0.84783202409744262695 0.85398709774017333984 0.86164528131484985352 0.82011145353317260742 0.64275825023651123047 0.39843961596488952637 0.3669408261775970459 0.3669408261775970459 0.3116474151611328125 0.38307604193687438965 0.28852120041847229004 0.37210041284561157227 0.54315304756164550781 0.41138872504234313965 0.34718456864356994629 0.34718456864356994629 0.50014233589172363281 0.63034480810165405273 0.32795241475105285645 0.28990647196769714355 0.34578695893287658691 0.39969947934150695801 0.34458899497985839844 0.26445698738098144531 0.26445698738098144531 0.43543758988380432129 0.55012398958206176758 0.41704323887825012207 0.3812993466854095459 0.3371544182300567627
0.77739304304122924805 0.78013449907302856445 0.81865966320037841797 0.83836209774017333984 0.84462368488311767578 0.84021890163421630859 0.84428495168685913086 0.84428495168685913086 0.84649366140365600586 0.85062468051910400391 0.86140209436416625977 0.870204925537109375 0.70738327503204345703 0.58644711971282958984 0.59589248895645141602 0.45306122303009033203 0.45306122303009033203 0.44942590594291687012 0.43684741854667663574 0.42172285914421081543 0.40021270513534545898 0.41407090425491333008 0.3406887352466583252 0.37688753008842468262 0.37688753008842468262 0.39629101753234863281 0.50837987661361694336 0.26287657022476196289 0.42521589994430541992 0.29065564274787902832 0.29108244180679321289 0.52290505170822143555 0.52290505170822143555 0.31213450431823730469 0.64838927984237670898 0.65003371238708496094 0.53434151411056518555 0.40728586912155151367 0.41564279794692993164
0.85531914234161376953 0.82463055849075317383 0.76779025793075561523 0.78549933433532714844 0.81696188449859619141 0.85600411891937255859 0.86002689599990844727 0.86002689599990844727 0.84905660152435302734 0.85835993289947509766 0.87060701847076416016 0.87016999721527099609 0.53624892234802246094 0.49245348572731018066 0.38345497846603393555 0.38345497846603393555 0.38401457667350769043 0.47277227044105529785 0.52775871753692626953 0.54139512777328491211 0.53571426868438720703 0.33686506748199462891 0.28857478499412536621 0.49421486258506774902 0.49421486258506774902 0.42416301369667053223 0.35781741142272949219 0.43060740828514099121 0.60671991109848022461 0.50851833820343017578 0.47963425517082214355 0.32738095521926879883 0.32738095521926879883 0.2163315117359161377 0.49948576092720031738 0.55189454555511474609 0.39633199572563171387 0.48977315425872802734 0.69110274314880371094
0.870220184326171875 0.87245589494705200195 0.84944748878479003906 0.80382889509201049805 0.78256356716156005859 0.83884817361831665039 0.85935986042022705078 0.85935986042022705078 0.85695707798004150391 0.86042821407318115234 0.88537347316741943359 0.82884711027145385742 0.46573814749717712402 0.32340776920318603516 0.26376956701278686523 0.26376956701278686523 0.23637253046035766602 0.51193279027938842773 0.54830116033554077148 0.28980413079261779785 0.44487601518630981445 0.32210400700569152832 0.36678335070610046387 0.42101949453353881836 0.42101949453353881836 0.33822235465049743652 0.39486467838287353516 0.5369421839714050293 0.59763312339782714844 0.43364873528480529785 0.31893265247344970703 0.24861878156661987305 0.24861878156661987305 0.11111111193895339966 0.16869978606700897217 0.27233517169952392578 0.31892275810241699219 0.41775149106979370117 0.60205578804016113281
0.85166239738464355469 0.87253552675247192383 0.87531286478042602539 0.87815886735916137695 0.83597195148468017578 0.66964012384414672852 0.61899280548095703125 0.61899280548095703125 0.72000002861022949219 0.80056816339492797852 0.81632655858993530273 0.77784013748168945312 0.64327800273895263672 0.51609754562377929688 0.46101793646812438965 0.46101793646812438965 0.33666667342185974121 0.40962484478950500488 0.42240300774574279785 0.27441322803497314453 0.35997521877288818359 0.43391188979148864746 0.37417334318161010742 0.37417334318161010742 0.55248987674713134766 0.44202700257301330566 0.31506848335266113281 0.60123455524444580078 0.54532855749130249023 0.1820027083158493042 0.14793199300765991211 0.29890036582946777344 0.29890036582946777344 0.53883790969848632812 0.24695122241973876953 0.14631196856498718262 0.29683935642242431641 0.36340111494064331055 0.5224215388298034668
0.82834154367446899414 0.83487480878829956055 0.86155915260314941406 0.88069361448287963867 0.68582373857498168945 0.33162394165992736816 0.33162394165992736816 0.23561100661754608154 0.35852652788162231445 0.6476510167121887207 0.67204117774963378906 0.69186419248580932617 0.74870252609252929688 0.67465066909790039062 0.61279827356338500977 0.61279827356338500977 0.38001406192779541016 0.41367638111114501953 0.41654738783836364746 0.44186046719551086426 0.4140625 0.53514218330383300781 0.37417334318161010742 0.37591037154197692871 0.61938607692718505859 0.37201803922653198242 0.3407821357250213623 0.60993117094039916992 0.36396396160125732422 0.21983014047145843506 0.11915641278028488159 0.11915641278028488159 0.29711502790451049805 0.73462212085723876953 0.52400833368301391602 0.21312683820724487305 0.43068847060203552246 0.52013766765594482422 0.52645331621170043945
0.87352675199508666992 0.84937816858291625977 0.84822243452072143555 0.83182871341705322266 0.36036035418510437012 0.25735127925872802734 0.25735127925872802734 0.24411284923553466797 0.25612103939056396484 0.34936627745628356934 0.4403826296329498291 0.44549918174743652344 0.52937787771224975586 0.68771529197692871094 0.68771529197692871094 0.63733196258544921875 0.44822934269905090332 0.51774460077285766602 0.61232960224151611328 0.53027701377868652344 0.38743659853935241699 0.46307000517845153809 0.37591037154197692871 0.3525721430778503418 0.48964089155197143555 0.3760274052619934082 0.25823044776916503906 0.45726618170738220215 0.24016687273979187012 0.24218536913394927979 0.28341498970985412598 0.28341498970985412598 0.38389980792999267578 0.50437521934509277344 0.5271453857421875 0.27908498048782348633 0.42084941267967224121 0.70276123285293579102 0.65296804904937744141
0.85897743701934814453 0.89315837621688842773 0.84198647737503051758 0.59300559759140014648 0.26497548818588256836 0.3958167731761932373 0.3958167731761932373 0.38196802139282226562 0.24658486247062683105 0.30478873848915100098 0.42319127917289733887 0.37765812873840332031 0.50343966484069824219 0.58707559108734130859 0.58707559108734130859 0.5398070216178894043 0.60596811771392822266 0.6202176213264465332 0.50592213869094848633 0.57816231250762939453 0.46615386009216308594 0.47571605443954467773 0.3525721430778503418 0.34804412722587585449 0.28500166535377502441 0.38759434223175048828 0.40613719820976257324 0.38036808371543884277 0.27105027437210083008 0.20109289884567260742 0.39829605817794799805 0.39829605817794799805 0.59149199724197387695 0.4938628077507019043 0.34576758742332458496 0.29495549201965332031 0.43055197596549987793 0.60381174087524414062 0.56233650445938110352
0.46800574660301208496 0.64058870077133178711 0.58678114414215087891 0.2889207303524017334 0.28840482234954833984 0.51404154300689697266 0.51404154300689697266 0.55645865201950073242 0.40682825446128845215 0.37428572773933410645 0.49657320976257324219 0.58767086267471313477 0.70208847522735595703 0.49463135004043579102 0.49463135004043579102 0.400997161865234375 0.52144318819046020508 0.41903501749038696289 0.3282706141471862793 0.49606299400329589844 0.70950758457183837891 0.66616082191467285156 0.66616082191467285156 0.34784042835235595703 0.4524218440055847168 0.72029769420623779297 0.31267604231834411621 0.25306457281112670898 0.37692549824714660645 0.30783435702323913574 0.40630897879600524902 0.40630897879600524902 0.51571518182754516602 0.48860931396484375 0.41338583827018737793 0.2942555546760559082 0.42337661981582641602 0.43173199892044067383 0.331470489501953125
0.42271134257316589355 0.51254481077194213867 0.61792957782745361328 0.62790697813034057617 0.60168302059173583984 0.60168302059173583984 0.57975935935974121094 0.60683763027191162109 0.51192659139633178711 0.48274707794189453125 0.61581921577453613281 0.72962963581085205078 0.62935674190521240234 0.40856289863586425781 0.40856289863586425781 0.36908122897148132324 0.46653795242309570312 0.39691713452339172363 0.32736319303512573242 0.65494441986083984375 0.83811712265014648438 0.59130436182022094727 0.59130436182022094727 0.4239737391471862793 0.63430422544479370117 0.74128580093383789062 0.1696634441614151001 0.28074866533279418945 0.39941310882568359375 0.30732578039169311523 0.30732578039169311523 0.30638587474822998047 0.35916358232498168945 0.31513354182243347168 0.1875 0.23386536538600921631 0.51139718294143676758 0.43287765979766845703 0.34377127885818481445
0.63380283117294311523 0.64369660615921020508 0.60770088434219360352 0.50681900978088378906 0.5360177159309387207 0.5360177159309387207 0.60189896821975708008 0.70436578989028930664 0.45431551337242126465 0.30334866046905517578 0.54315382242202758789 0.5370019078254699707 0.32081010937690734863 0.22653813660144805908 0.22653813660144805908 0.47198641300201416016 0.70926886796951293945 0.54248368740081787109 0.32830756902694702148 0.57321876287460327148 0.76062279939651489258 0.49231374263763427734 0.49231374263763427734 0.48991695046424865723 0.80845922231674194336 0.62660306692123413086 0.21002930402755737305 0.17471872270107269287 0.33980011940002441406 0.33494105935096740723 0.33494105935096740723 0.30198019742965698242 0.30298370122909545898 0.18028984963893890381 0.068469405174255371094 0.21233889460563659668 0.24163569509983062744 0.29676425457000732422 0.39952859282493591309
0.37164509296417236328 0.38144329190254211426 0.2733224332332611084 0.34253931045532226562 0.36920529603958129883 0.36920529603958129883 0.40279543399810791016 0.52392250299453735352 0.39217939972877502441 0.47874853014945983887 0.56943422555923461914 0.4287878870964050293 0.30448222160339355469 0.30448222160339355469 0.35699120163917541504 0.56291776895523071289 0.5956923365592956543 0.64506864547729492188 0.58305084705352783203 0.59501349925994873047 0.53916084766387939453 0.39668050408363342285 0.39668050408363342285 0.48991695046424865723 0.6459395289421081543 0.49222153425216674805 0.16638176143169403076 0.15035071969032287598 0.24128775298595428467 0.40856844186782836914 0.40856844186782836914 0.29649651050567626953 0.24410283565521240234 0.27169811725616455078 0.11146352440118789673 0.14424704015254974365 0.34348076581954956055 0.33415764570236206055 0.33415764570236206055
