samples/ndvi/map_ndvi_2017-12-13.asc
ncols        322
nrows        306
xllcorner    -53.726171018035
yllcorner    -28.476684338117
cellsize     0.000269494585
NODATA_value  -9999
[rows 238 to 254 of 306, columns 156 to 194 of 322]
0.86768800020217895508 0.86768800020217895508 0.8644459843635559082 0.87279313802719116211 0.86887538433074951172 0.86414730548858642578 0.86145305633544921875 0.8590653538703918457 0.8563645482063293457 0.8563645482063293457 0.86124050617218017578 0.86033797264099121094 0.86107724905014038086 0.85665023326873779297 0.85970073938369750977 0.85902440547943115234 0.86435031890869140625 0.87174165248870849609 0.87174165248870849609 0.87147480249404907227 0.87149155139923095703 0.87349259853363037109 0.86566823720932006836 0.86847281455993652344 0.86313164234161376953 0.8691075444221496582 0.8691075444221496582 0.86551392078399658203 0.87709748744964599609 0.83840924501419067383 0.61112791299819946289 0.57238304615020751953 0.76094192266464233398 0.82690000534057617188 0.84185606241226196289 0.84185606241226196289 0.84240418672561645508 0.84159809350967407227 0.84231394529342651367
0.86768800020217895508 0.86908078193664550781 0.86706948280334472656 0.87357372045516967773 0.87129628658294677734 0.86647659540176391602 0.86519551277160644531 0.86086112260818481445 0.85512280464172363281 0.85512280464172363281 0.85728347301483154297 0.85678887367248535156 0.86147397756576538086 0.85728394985198974609 0.85812807083129882812 0.85963189601898193359 0.86241608858108520508 0.86866092681884765625 0.86866092681884765625 0.87138265371322631836 0.87141537666320800781 0.87053674459457397461 0.86678749322891235352 0.86164355278015136719 0.86126905679702758789 0.86631274223327636719 0.86631274223327636719 0.85632455348968505859 0.85048907995223999023 0.80574280023574829102 0.5871950984001159668 0.50243902206420898438 0.68379670381546020508 0.81530982255935668945 0.81530982255935668945 0.82854408025741577148 0.84041547775268554688 0.84367710351943969727 0.84328359365463256836
0.86908078193664550781 0.86477035284042358398 0.86428737640380859375 0.87273973226547241211 0.87428569793701171875 0.86978924274444580078 0.8671112060546875 0.86304658651351928711 0.85836386680603027344 0.85836386680603027344 0.85955470800399780273 0.85924470424652099609 0.86279296875 0.85675066709518432617 0.85593640804290771484 0.85689526796340942383 0.86090314388275146484 0.86090314388275146484 0.86471837759017944336 0.86860978603363037109 0.87124854326248168945 0.87049371004104614258 0.86156648397445678711 0.86109298467636108398 0.85245901346206665039 0.82308846712112426758 0.82308846712112426758 0.71308726072311401367 0.75402235984802246094 0.7533206939697265625 0.55731475353240966797 0.4617716372013092041 0.58705699443817138672 0.77643197774887084961 0.77643197774887084961 0.82560652494430541992 0.83954155445098876953 0.84318339824676513672 0.84422224760055541992
0.86955511569976806641 0.85968238115310668945 0.86231368780136108398 0.8722813725471496582 0.87388211488723754883 0.86888360977172851562 0.86730307340621948242 0.86619216203689575195 0.86599904298782348633 0.86599904298782348633 0.86487126350402832031 0.86596709489822387695 0.86992639303207397461 0.86025768518447875977 0.85796451568603515625 0.85756528377532958984 0.85662209987640380859 0.85662209987640380859 0.86040914058685302734 0.866573333740234375 0.86825799942016601562 0.86812686920166015625 0.85554796457290649414 0.82925724983215332031 0.73923444747924804688 0.73923444747924804688 0.6582139134407043457 0.45920890569686889648 0.48599034547805786133 0.5041834712028503418 0.48925676941871643066 0.48829430341720581055 0.50787401199340820312 0.71158522367477416992 0.71158522367477416992 0.82506024837493896484 0.83690989017486572266 0.84306311607360839844 0.84078669548034667969
0.85158842802047729492 0.82809126377105712891 0.8473173975944519043 0.85997611284255981445 0.87136930227279663086 0.86876761913299560547 0.86774498224258422852 0.86631906032562255859 0.86945289373397827148 0.86945289373397827148 0.86272639036178588867 0.86412394046783447266 0.86849576234817504883 0.86765766143798828125 0.8673076629638671875 0.87179487943649291992 0.86615860462188720703 0.86615860462188720703 0.86302024126052856445 0.8618233799934387207 0.86378276348114013672 0.86155974864959716797 0.81809699535369873047 0.70546561479568481445 0.67194968461990356445 0.67194968461990356445 0.58401352167129516602 0.52188152074813842773 0.54174286127090454102 0.65217393636703491211 0.70084035396575927734 0.50502759218215942383 0.52844995260238647461 0.61795026063919067383 0.61795026063919067383 0.80106484889984130859 0.83085769414901733398 0.83841753005981445312 0.83624351024627685547
0.76726222038269042969 0.77659833431243896484 0.83219742774963378906 0.84896808862686157227 0.86266297101974487305 0.86688619852066040039 0.86399430036544799805 0.86129111051559448242 0.86129111051559448242 0.86307251453399658203 0.86312514543533325195 0.86169952154159545898 0.86102426052093505859 0.85912793874740600586 0.85875570774078369141 0.86710190773010253906 0.86536675691604614258 0.86536675691604614258 0.86490863561630249023 0.86307054758071899414 0.8571097254753112793 0.77251416444778442383 0.66804552078247070312 0.66291570663452148438 0.68310219049453735352 0.68310219049453735352 0.6244761347770690918 0.61235952377319335938 0.59407323598861694336 0.65185183286666870117 0.76315790414810180664 0.59543633460998535156 0.54482322931289672852 0.54482322931289672852 0.58968061208724975586 0.69370859861373901367 0.81029164791107177734 0.81774580478668212891 0.82541966438293457031
0.70882809162139892578 0.68078351020812988281 0.7233098149299621582 0.77476799488067626953 0.82656210660934448242 0.85840296745300292969 0.85999530553817749023 0.8587786555290222168 0.8587786555290222168 0.85937124490737915039 0.85595297813415527344 0.85509395599365234375 0.85460734367370605469 0.84848487377166748047 0.84433495998382568359 0.85266160964965820312 0.85266160964965820312 0.85791575908660888672 0.85632318258285522461 0.81608641147613525391 0.71695256233215332031 0.61912393569946289062 0.5915190577507019043 0.70988899469375610352 0.67469233274459838867 0.67469233274459838867 0.63358777761459350586 0.63015186786651611328 0.61791688203811645508 0.63602650165557861328 0.77162814140319824219 0.70376813411712646484 0.57151663303375244141 0.57151663303375244141 0.62866449356079101562 0.60522317886352539062 0.72544878721237182617 0.80943262577056884766 0.81129306554794311523
0.66578251123428344727 0.68078351020812988281 0.59465831518173217773 0.56655013561248779297 0.67892974615097045898 0.77132934331893920898 0.80940657854080200195 0.83662652969360351562 0.83662652969360351562 0.84575098752975463867 0.84899246692657470703 0.85255473852157592773 0.84764206409454345703 0.84562212228775024414 0.82037913799285888672 0.81383103132247924805 0.81383103132247924805 0.76110845804214477539 0.73925709724426269531 0.63426166772842407227 0.5946680903434753418 0.60660982131958007812 0.61286890506744384766 0.68811625242233276367 0.63356256484985351562 0.63356256484985351562 0.60874319076538085938 0.63183540105819702148 0.6241855621337890625 0.62665945291519165039 0.77063959836959838867 0.754810333251953125 0.51032257080078125 0.51032257080078125 0.56895524263381958008 0.5348421931266784668 0.60271948575973510742 0.68688523769378662109 0.74719673395156860352
0.61672294139862060547 0.60073071718215942383 0.59089744091033935547 0.51900827884674072266 0.55751740932464599609 0.62993335723876953125 0.68347477912902832031 0.72650837898254394531 0.72650837898254394531 0.75546282529830932617 0.76581025123596191406 0.78186398744583129883 0.78850919008255004883 0.78836721181869506836 0.638217926025390625 0.65425801277160644531 0.65425801277160644531 0.68020433187484741211 0.67751705646514892578 0.65208280086517333984 0.64647519588470458984 0.66070079803466796875 0.63812434673309326172 0.64645373821258544922 0.64645373821258544922 0.62291038036346435547 0.61009669303894042969 0.64699572324752807617 0.6223265528678894043 0.62948650121688842773 0.76970374584197998047 0.73020017147064208984 0.57541549205780029297 0.57541549205780029297 0.47344559431076049805 0.45252087712287902832 0.5375792384147644043 0.55249464511871337891 0.61723560094833374023
0.5777606964111328125 0.59532284736633300781 0.59747153520584106445 0.54317998886108398438 0.53995680809020996094 0.55323702096939086914 0.58417904376983642578 0.58417904376983642578 0.6320731043815612793 0.65964913368225097656 0.66074073314666748047 0.648952484130859375 0.64224249124526977539 0.63172042369842529297 0.57550793886184692383 0.6310628056526184082 0.6310628056526184082 0.68827158212661743164 0.71593189239501953125 0.6788247227668762207 0.63416475057601928711 0.66691088676452636719 0.68616622686386108398 0.63327032327651977539 0.63327032327651977539 0.58659821748733520508 0.61169213056564331055 0.64556288719177246094 0.64231473207473754883 0.70306617021560668945 0.76773101091384887695 0.6885833740234375 0.6885833740234375 0.56576859951019287109 0.4552631676197052002 0.45573976635932922363 0.48123076558113098145 0.50658309459686279297 0.49666348099708557129
0.5492095947265625 0.59704071283340454102 0.58732652664184570312 0.57521647214889526367 0.55489128828048706055 0.50615215301513671875 0.55049556493759155273 0.55049556493759155273 0.60227274894714355469 0.61352658271789550781 0.60984271764755249023 0.59876543283462524414 0.53130102157592773438 0.53358316421508789062 0.59845131635665893555 0.64964652061462402344 0.64964652061462402344 0.68538755178451538086 0.68426346778869628906 0.63465446233749389648 0.6180235743522644043 0.61180126667022705078 0.65232795476913452148 0.64291149377822875977 0.64291149377822875977 0.6263911128044128418 0.63401108980178833008 0.62898862361907958984 0.74295318126678466797 0.79984116554260253906 0.82647138833999633789 0.76420694589614868164 0.76420694589614868164 0.55402010679244995117 0.43108701705932617188 0.44405257701873779297 0.49085271358489990234 0.51896393299102783203 0.48594886064529418945
0.65130454301834106445 0.59969824552536010742 0.61111110448837280273 0.54152822494506835938 0.4925288856029510498 0.48455923795700073242 0.53874737024307250977 0.53874737024307250977 0.56030213832855224609 0.57058674097061157227 0.57508969306945800781 0.56144577264785766602 0.55693805217742919922 0.59213078022003173828 0.61059600114822387695 0.61059600114822387695 0.67198985815048217773 0.6676813960075378418 0.62796634435653686523 0.53091800212860107422 0.54575163125991821289 0.57956051826477050781 0.60376369953155517578 0.63072150945663452148 0.63072150945663452148 0.61752361059188842773 0.603076934814453125 0.63830387592315673828 0.84288537502288818359 0.76111114025115966797 0.80538755655288696289 0.84849250316619873047 0.84849250316619873047 0.77371674776077270508 0.5563380122184753418 0.4182771146297454834 0.48152786493301391602 0.50675678253173828125 0.49186483025550842285
0.65830403566360473633 0.61174046993255615234 0.50989955663681030273 0.47895792126655578613 0.46455770730972290039 0.48220244050025939941 0.52201259136199951172 0.52201259136199951172 0.55002647638320922852 0.54225718975067138672 0.57643979787826538086 0.55608844757080078125 0.57473355531692504883 0.61364799737930297852 0.65447992086410522461 0.65447992086410522461 0.64804893732070922852 0.64824628829956054688 0.57818555831909179688 0.51747655868530273438 0.63554376363754272461 0.63127911090850830078 0.58505296707153320312 0.58505296707153320312 0.62920427322387695312 0.70164281129837036133 0.68950247764587402344 0.74337977170944213867 0.76679408550262451172 0.77121120691299438477 0.76972156763076782227 0.84977829456329345703 0.84977829456329345703 0.85457348823547363281 0.75093132257461547852 0.43654656410217285156 0.43159243464469909668 0.42353680729866027832 0.35817804932594299316
0.5622056126594543457 0.53974896669387817383 0.50989955663681030273 0.4870185554027557373 0.48115941882133483887 0.51117396354675292969 0.51117396354675292969 0.54308724403381347656 0.54248368740081787109 0.51541143655776977539 0.50182121992111206055 0.53697228431701660156 0.56029486656188964844 0.54316937923431396484 0.55936819314956665039 0.55936819314956665039 0.62818205356597900391 0.64184397459030151367 0.60573661327362060547 0.62341517210006713867 0.67885452508926391602 0.68130487203598022461 0.66990292072296142578 0.66990292072296142578 0.6583569645881652832 0.77483087778091430664 0.77985072135925292969 0.76477438211441040039 0.8139140009880065918 0.83032989501953125 0.8258368372917175293 0.8501612544059753418 0.8501612544059753418 0.85529714822769165039 0.7715594172477722168 0.49141103029251098633 0.3188876807689666748 0.26418638229370117188 0.24939130246639251709
0.56649154424667358398 0.52091038227081298828 0.49532711505889892578 0.54907888174057006836 0.47858580946922302246 0.4885679781436920166 0.4885679781436920166 0.55148339271545410156 0.59213078022003173828 0.59710687398910522461 0.60288232564926147461 0.64300626516342163086 0.64669895172119140625 0.60152840614318847656 0.64002120494842529297 0.64002120494842529297 0.69899338483810424805 0.68757939338684082031 0.67141008377075195312 0.68800628185272216797 0.69873815774917602539 0.68434536457061767578 0.63521683216094970703 0.63521683216094970703 0.54180914163589477539 0.75373929738998413086 0.77611047029495239258 0.82491189241409301758 0.83795905113220214844 0.82688564062118530273 0.85076093673706054688 0.85076093673706054688 0.85349065065383911133 0.8569424748420715332 0.72297471761703491211 0.39336493611335754395 0.20608696341514587402 0.2620983421802520752 0.32376793026924133301
0.59233546257019042969 0.5844860076904296875 0.57795697450637817383 0.6843783259391784668 0.59266251325607299805 0.51783591508865356445 0.51783591508865356445 0.5451825261116027832 0.57330155372619628906 0.60801392793655395508 0.62051880359649658203 0.64818650484085083008 0.71132457256317138672 0.67510205507278442383 0.67510205507278442383 0.68089056015014648438 0.69016933441162109375 0.69650596380233764648 0.68688744306564331055 0.69986504316329956055 0.71164995431900024414 0.66587364673614501953 0.55364805459976196289 0.55364805459976196289 0.62871599197387695312 0.84671533107757568359 0.82805180549621582031 0.84801286458969116211 0.85604655742645263672 0.84661406278610229492 0.86250633001327514648 0.86250633001327514648 0.86639118194580078125 0.80705010890960693359 0.45704466104507446289 0.25197121500968933105 0.32269170880317687988 0.32069304585456848145 0.29407978057861328125
0.57118737697601318359 0.65661376714706420898 0.69974291324615478516 0.73813331127166748047 0.68349820375442504883 0.57047367095947265625 0.57047367095947265625 0.56588685512542724609 0.54313486814498901367 0.56354916095733642578 0.58509737253189086914 0.6114699244499206543 0.66923689842224121094 0.66088634729385375977 0.66088634729385375977 0.65411514043807983398 0.70406585931777954102 0.70564103126525878906 0.72103774547576904297 0.741802215576171875 0.71147882938385009766 0.58719050884246826172 0.58719050884246826172 0.50726389884948730469 0.7634976506233215332 0.86016023159027099609 0.86378896236419677734 0.86534553766250610352 0.86333066225051879883 0.85251617431640625 0.84180170297622680664 0.84180170297622680664 0.82496410608291625977 0.60782182216644287109 0.21454545855522155762 0.27884614467620849609 0.31506171822547912598 0.32383096218109130859 0.33695384860038757324
