samples/ndvi/map_ndvi_2017-07-22.asc
ncols        322
nrows        306
xllcorner    -53.726171018035
yllcorner    -28.476684338117
cellsize     0.000269494585
NODATA_value  -9999
[rows 204 to 220 of 306, columns 234 to 272 of 322]
0.55149406194686889648 0.58101022243499755859 0.48094078898429870605 0.4462890625 0.49854415655136108398 0.46086955070495605469 0.46086955070495605469 0.42024290561676025391 0.4237104952335357666 0.48410689830780029297 0.51327979564666748047 0.51176702976226806641 0.6816463470458984375 0.73513513803482055664 0.73504823446273803711 0.73504823446273803711 0.73037660121917724609 0.73191636800765991211 0.71001988649368286133 0.72898662090301513672 0.75482404232025146484 0.71201813220977783203 0.68817985057830810547 0.68817985057830810547 0.65059447288513183594 0.60914635658264160156 0.60822010040283203125 0.59686374664306640625 0.55472993850708007812 0.54888504743576049805 0.53721970319747924805 0.53721970319747924805 0.54190921783447265625 0.54838711023330688477 0.56199496984481811523 0.59024101495742797852 0.61812686920166015625 0.64053887128829956055 0.6241410374641418457
0.54739201068878173828 0.58615094423294067383 0.52366971969604492188 0.41536915302276611328 0.50507849454879760742 0.44022825360298156738 0.44022825360298156738 0.41100671887397766113 0.43661215901374816895 0.52993744611740112305 0.52516412734985351562 0.49193900823593139648 0.70318800210952758789 0.72368419170379638672 0.72368419170379638672 0.74523884057998657227 0.74626368284225463867 0.73691016435623168945 0.67576140165328979492 0.69927537441253662109 0.68396878242492675781 0.68120157718658447266 0.64473116397857666016 0.64473116397857666016 0.65285187959671020508 0.71262967586517333984 0.6336008906364440918 0.6339600682258605957 0.62683069705963134766 0.60882526636123657227 0.60000002384185791016 0.60000002384185791016 0.5168316960334777832 0.52620089054107666016 0.53974670171737670898 0.55648535490036010742 0.57414448261260986328 0.63186812400817871094 0.63493502140045166016
0.45086869597434997559 0.57533174753189086914 0.56768983602523803711 0.52670502662658691406 0.51051735877990722656 0.44527220726013183594 0.44527220726013183594 0.40814140439033508301 0.44628539681434631348 0.59542930126190185547 0.5878467559814453125 0.53406774997711181641 0.7265675663948059082 0.71704393625259399414 0.71704393625259399414 0.74269729852676391602 0.73691272735595703125 0.63343203067779541016 0.56422162055969238281 0.63877898454666137695 0.69438850879669189453 0.68026316165924072266 0.68026316165924072266 0.64919197559356689453 0.64329534769058227539 0.75022143125534057617 0.71489000320434570312 0.73144608736038208008 0.75078666210174560547 0.74143195152282714844 0.7412319183349609375 0.7412319183349609375 0.62023907899856567383 0.55607354640960693359 0.52142667770385742188 0.52758902311325073242 0.54738330841064453125 0.60475480556488037109 0.63706791400909423828
0.43472182750701904297 0.56572335958480834961 0.54946726560592651367 0.63649475574493408203 0.54456657171249389648 0.54456657171249389648 0.43558636307716369629 0.40963202714920043945 0.45459517836570739746 0.60589200258255004883 0.60760694742202758789 0.5767663121223449707 0.73485571146011352539 0.70962369441986083984 0.70962369441986083984 0.67696130275726318359 0.59381306171417236328 0.48998060822486877441 0.49924674630165100098 0.56152760982513427734 0.63888889551162719727 0.64906400442123413086 0.64906400442123413086 0.63872194290161132812 0.61067503690719604492 0.63411146402359008789 0.61545896530151367188 0.71532088518142700195 0.78591287136077880859 0.76780045032501220703 0.77689814567565917969 0.77689814567565917969 0.7570927739143371582 0.68583828210830688477 0.57065486907958984375 0.52014750242233276367 0.53996646404266357422 0.57515031099319458008 0.6110464930534362793
0.48203754425048828125 0.51802855730056762695 0.5112692713737487793 0.61698901653289794922 0.53148949146270751953 0.53148949146270751953 0.43835616111755371094 0.42118573188781738281 0.42635244131088256836 0.47790056467056274414 0.50697952508926391602 0.62252557277679443359 0.73583567142486572266 0.68048083782196044922 0.68048083782196044922 0.52772808074951171875 0.48633879423141479492 0.47569113969802856445 0.47096773982048034668 0.52320551872253417969 0.59711831808090209961 0.62582057714462280273 0.62582057714462280273 0.63173735141754150391 0.63679385185241699219 0.62628775835037231445 0.58420336246490478516 0.67779392004013061523 0.77934509515762329102 0.75946277379989624023 0.75946277379989624023 0.75351768732070922852 0.77280128002166748047 0.78033024072647094727 0.71191769838333129883 0.57594066858291625977 0.55665308237075805664 0.57658708095550537109 0.61459851264953613281
0.51119208335876464844 0.50610232353210449219 0.49018523097038269043 0.65917730331420898438 0.54476058483123779297 0.54476058483123779297 0.49360924959182739258 0.46861314773559570312 0.44460350275039672852 0.4645360112190246582 0.48433583974838256836 0.71029901504516601562 0.73060941696166992188 0.73060941696166992188 0.73679274320602416992 0.59561026096343994141 0.52613943815231323242 0.49108281731605529785 0.48187169432640075684 0.5117924809455871582 0.59178006649017333984 0.64260613918304443359 0.64260613918304443359 0.64931213855743408203 0.60360360145568847656 0.63055473566055297852 0.59911733865737915039 0.65209215879440307617 0.72038131952285766602 0.72937291860580444336 0.72937291860580444336 0.69375002384185791016 0.75453275442123413086 0.75993305444717407227 0.8009548187255859375 0.73844861984252929688 0.65616875886917114258 0.66095888614654541016 0.66095888614654541016
0.50183343887329101562 0.48530954122543334961 0.47850209474563598633 0.639575958251953125 0.60150372982025146484 0.60150372982025146484 0.61009311676025390625 0.59103304147720336914 0.55366373062133789062 0.48734742403030395508 0.52160805463790893555 0.74967235326766967773 0.73143041133880615234 0.73143041133880615234 0.73668342828750610352 0.67938441038131713867 0.53778082132339477539 0.50638568401336669922 0.50637239217758178711 0.53927350044250488281 0.592731475830078125 0.592731475830078125 0.61365526914596557617 0.62887728214263916016 0.61442190408706665039 0.61151081323623657227 0.61057108640670776367 0.63939172029495239258 0.6770833134651184082 0.71110033988952636719 0.71110033988952636719 0.68632370233535766602 0.71695762872695922852 0.73632055521011352539 0.75888222455978393555 0.77726066112518310547 0.76209408044815063477 0.76757532358169555664 0.76757532358169555664
0.48274031281471252441 0.46905016899108886719 0.4846522212028503418 0.58793967962265014648 0.66348654031753540039 0.66348654031753540039 0.69765496253967285156 0.67846387624740600586 0.61329960823059082031 0.52900594472885131836 0.59941411018371582031 0.748882293701171875 0.74216943979263305664 0.74216943979263305664 0.71273344755172729492 0.6334508061408996582 0.53778678178787231445 0.52829569578170776367 0.51894670724868774414 0.53930765390396118164 0.57628166675567626953 0.57628166675567626953 0.60778701305389404297 0.64574235677719116211 0.64347100257873535156 0.62529551982879638672 0.62820124626159667969 0.62328982353210449219 0.60600078105926513672 0.6107756495475769043 0.6107756495475769043 0.66378563642501831055 0.67738837003707885742 0.74630540609359741211 0.75206613540649414062 0.76091229915618896484 0.80445450544357299805 0.79329764842987060547 0.79329764842987060547
0.4749075472354888916 0.46730461716651916504 0.48687088489532470703 0.622653961181640625 0.622653961181640625 0.69340181350708007812 0.66776585578918457031 0.65438598394393920898 0.56348371505737304688 0.55793702602386474609 0.60655736923217773438 0.67277485132217407227 0.72497165203094482422 0.72497165203094482422 0.72196191549301147461 0.63976317644119262695 0.56848406791687011719 0.5525696873664855957 0.53877276182174682617 0.54266887903213500977 0.56570714712142944336 0.56570714712142944336 0.55883187055587768555 0.5960032343864440918 0.63774573802947998047 0.65758138895034790039 0.67007535696029663086 0.66600847244262695312 0.65828847885131835938 0.65828847885131835938 0.69563812017440795898 0.71118879318237304688 0.66771656274795532227 0.72838562726974487305 0.75893533229827880859 0.75048428773880004883 0.77555108070373535156 0.76266753673553466797 0.76266753673553466797
0.45830065011978149414 0.45948770642280578613 0.48283147811889648438 0.57579785585403442383 0.57579785585403442383 0.72240525484085083008 0.72604906558990478516 0.6955471038818359375 0.49545729160308837891 0.52087914943695068359 0.66885006427764892578 0.71107995510101318359 0.71107995510101318359 0.71678191423416137695 0.70890659093856811523 0.64594179391860961914 0.5850785374641418457 0.55599737167358398438 0.54329699277877807617 0.53875237703323364258 0.55020081996917724609 0.55020081996917724609 0.50538885593414306641 0.52298206090927124023 0.5849673151969909668 0.62843292951583862305 0.63282936811447143555 0.65441179275512695312 0.64091634750366210938 0.64091634750366210938 0.61963880062103271484 0.60783165693283081055 0.635036468505859375 0.74865949153900146484 0.78581660985946655273 0.72054314613342285156 0.75844973325729370117 0.76063448190689086914 0.76063448190689086914
0.45830065011978149414 0.4603506922721862793 0.4852320551872253418 0.52545398473739624023 0.52545398473739624023 0.74468082189559936523 0.68249660730361938477 0.69235754013061523438 0.50906890630722045898 0.52663934230804443359 0.74280762672424316406 0.73092645406723022461 0.73092645406723022461 0.69760900735855102539 0.63113367557525634766 0.61782997846603393555 0.57628202438354492188 0.53473341464996337891 0.54071247577667236328 0.54554229974746704102 0.52877581119537353516 0.52877581119537353516 0.51270276308059692383 0.51527613401412963867 0.54825699329376220703 0.61403506994247436523 0.62661635875701904297 0.61915242671966552734 0.59703946113586425781 0.59703946113586425781 0.60343396663665771484 0.59920859336853027344 0.63849157094955444336 0.77296489477157592773 0.80747532844543457031 0.77503526210784912109 0.75262969732284545898 0.75262969732284545898 0.73134326934814453125
0.46844536066055297852 0.45755586028099060059 0.4832178950309753418 0.51075422763824462891 0.51075422763824462891 0.65864664316177368164 0.69752281904220581055 0.68794864416122436523 0.63489270210266113281 0.66427028179168701172 0.72633981704711914062 0.70206487178802490234 0.70206487178802490234 0.63828951120376586914 0.55961775779724121094 0.56770098209381103516 0.54035657644271850586 0.54212093353271484375 0.54629021883010864258 0.54942530393600463867 0.54942530393600463867 0.53162503242492675781 0.53821450471878051758 0.5259259343147277832 0.53700417280197143555 0.57244521379470825195 0.58498895168304443359 0.59637564420700073242 0.60076987743377685547 0.60076987743377685547 0.58901828527450561523 0.59641760587692260742 0.60987073183059692383 0.64757710695266723633 0.71120333671569824219 0.76460695266723632812 0.77575331926345825195 0.77575331926345825195 0.70821529626846313477
0.47207859158515930176 0.46254584193229675293 0.48946258425712585449 0.48946258425712585449 0.50480628013610839844 0.67290061712265014648 0.70605188608169555664 0.67653191089630126953 0.68781304359436035156 0.70568048954010009766 0.71407991647720336914 0.70701515674591064453 0.70701515674591064453 0.60199385881423950195 0.59887403249740600586 0.56814396381378173828 0.52115511894226074219 0.54602855443954467773 0.54404485225677490234 0.5373477935791015625 0.5373477935791015625 0.54779171943664550781 0.54612296819686889648 0.50918632745742797852 0.53161007165908813477 0.55721098184585571289 0.56258910894393920898 0.58203899860382080078 0.58203899860382080078 0.58896398544311523438 0.59306877851486206055 0.5906302332878112793 0.58777779340744018555 0.60955291986465454102 0.6288369297981262207 0.63154613971710205078 0.65308117866516113281 0.65308117866516113281 0.65876775979995727539
0.46963039040565490723 0.49095743894577026367 0.48726031184196472168 0.48726031184196472168 0.50261926651000976562 0.68066591024398803711 0.77997875213623046875 0.73060917854309082031 0.71150970458984375 0.70830327272415161133 0.71684587001800537109 0.71938592195510864258 0.71938592195510864258 0.66079151630401611328 0.58273869752883911133 0.58288043737411499023 0.56489068269729614258 0.58439809083938598633 0.54403132200241088867 0.53926360607147216797 0.53926360607147216797 0.54339993000030517578 0.50866460800170898438 0.49863201379776000977 0.51986753940582275391 0.557888031005859375 0.56500458717346191406 0.56647056341171264648 0.56647056341171264648 0.57294350862503051758 0.58657640218734741211 0.59265536069869995117 0.60135710239410400391 0.59365081787109375 0.60046124458312988281 0.5956618189811706543 0.62673944234848022461 0.62673944234848022461 0.65519171953201293945
0.47051182389259338379 0.48914501070976257324 0.49750065803527832031 0.49750065803527832031 0.49337571859359741211 0.55221933126449584961 0.78665715456008911133 0.71127331256866455078 0.69679999351501464844 0.72551548480987548828 0.71002906560897827148 0.71002906560897827148 0.72157281637191772461 0.6360924839973449707 0.55254483222961425781 0.60000002384185791016 0.55797100067138671875 0.58665305376052856445 0.53488373756408691406 0.52829569578170776367 0.52829569578170776367 0.5029742121696472168 0.49198773503303527832 0.49247604608535766602 0.52129119634628295898 0.54727029800415039062 0.56513351202011108398 0.57250982522964477539 0.57250982522964477539 0.56955379247665405273 0.58209824562072753906 0.57894736528396606445 0.58362168073654174805 0.58097463846206665039 0.60069745779037475586 0.60147392749786376953 0.60147392749786376953 0.6102307438850402832 0.65359479188919067383
0.47721946239471435547 0.48347872495651245117 0.48300394415855407715 0.48300394415855407715 0.48715230822563171387 0.54090642929077148438 0.70834904909133911133 0.68494272232055664062 0.7062358856201171875 0.72943329811096191406 0.71033936738967895508 0.71033936738967895508 0.6345698237419128418 0.57976108789443969727 0.575626373291015625 0.54268831014633178711 0.54631608724594116211 0.57568240165710449219 0.57745569944381713867 0.57745569944381713867 0.56145524978637695312 0.5239353179931640625 0.50725615024566650391 0.49181446433067321777 0.50481432676315307617 0.53667688369750976562 0.56854969263076782227 0.58683961629867553711 0.58683961629867553711 0.57636362314224243164 0.58235824108123779297 0.58246344327926635742 0.58748137950897216797 0.59009546041488647461 0.60943955183029174805 0.62683558464050292969 0.62683558464050292969 0.62280946969985961914 0.64503818750381469727
0.47685906291007995605 0.48347872495651245117 0.49788582324981689453 0.49379783868789672852 0.49563375115394592285 0.60958081483840942383 0.70945203304290771484 0.72011452913284301758 0.73003536462783813477 0.72727274894714355469 0.64446109533309936523 0.64446109533309936523 0.56957328319549560547 0.54327225685119628906 0.48816028237342834473 0.46177557110786437988 0.55032122135162353516 0.58395242691040039062 0.57647758722305297852 0.57647758722305297852 0.59524554014205932617 0.57048666477203369141 0.53462785482406616211 0.50583529472351074219 0.51327729225158691406 0.54644811153411865234 0.5737813115119934082 0.58136522769927978516 0.58136522769927978516 0.58642363548278808594 0.59441858530044555664 0.61347627639770507812 0.61331707239151000977 0.61313867568969726562 0.61292272806167602539 0.61791044473648071289 0.61791044473648071289 0.61624890565872192383 0.62208658456802368164
