samples/ndvi/map_ndvi_2017-08-23.asc
ncols        322
nrows        306
xllcorner    -53.726171018035
yllcorner    -28.476684338117
cellsize     0.000269494585
NODATA_value  -9999
[rows 238 to 254 of 306, columns 78 to 116 of 322]
0.37866288423538208008 0.36772486567497253418 0.37022131681442260742 0.56552207469940185547 0.56552207469940185547 0.80670440196990966797 0.90450930595397949219 0.77109318971633911133 0.80331808328628540039 0.89872896671295166016 0.90557938814163208008 0.90121316909790039062 0.90121316909790039062 0.89579832553863525391 0.89992088079452514648 0.90159851312637329102 0.87511563301086425781 0.73913043737411499023 0.51248323917388916016 0.34270271658897399902 0.25067096948623657227 0.25067096948623657227 0.22520242631435394287 0.22711226344108581543 0.23279008269309997559 0.22951653599739074707 0.22631445527076721191 0.22381311655044555664 0.2250509113073348999 0.2250509113073348999 0.22410736978054046631 0.21439431607723236084 0.2299169003963470459 0.25139665603637695312 0.42464247345924377441 0.58072125911712646484 0.71896123886108398438 0.73806881904602050781 0.72737598419189453125
0.35958278179168701172 0.35010266304016113281 0.57933408021926879883 0.84342181682586669922 0.84342181682586669922 0.90198916196823120117 0.89526724815368652344 0.50883936882019042969 0.77971017360687255859 0.90779012441635131836 0.90737199783325195312 0.90424841642379760742 0.90424841642379760742 0.9013321995735168457 0.89924538135528564453 0.89417308568954467773 0.89991259574890136719 0.89759713411331176758 0.88218659162521362305 0.79085940122604370117 0.79085940122604370117 0.67066806554794311523 0.49803343415260314941 0.3370272219181060791 0.26124817132949829102 0.21901528537273406982 0.21495327353477478027 0.23683565855026245117 0.23641704022884368896 0.23641704022884368896 0.23828220367431640625 0.32785201072692871094 0.41947272419929504395 0.65738308429718017578 0.74596887826919555664 0.65820235013961791992 0.73806881904602050781 0.57595837116241455078 0.48679244518280029297
0.35585585236549377441 0.5776965022087097168 0.87267708778381347656 0.87267708778381347656 0.90411907434463500977 0.90717589855194091797 0.8866774439811706543 0.42971888184547424316 0.80036580562591552734 0.91386431455612182617 0.91047334671020507812 0.90721863508224487305 0.90721863508224487305 0.90517240762710571289 0.90351760387420654297 0.89961224794387817383 0.90295547246932983398 0.89923179149627685547 0.90682655572891235352 0.90458375215530395508 0.90458375215530395508 0.88254332542419433594 0.82308226823806762695 0.73397219181060791016 0.64564973115921020508 0.56641721725463867188 0.46916624903678894043 0.402851104736328125 0.47944474220275878906 0.47944474220275878906 0.60086417198181152344 0.68302494287490844727 0.79600530862808227539 0.80527800321578979492 0.6635029911994934082 0.42099756002426147461 0.57595837116241455078 0.57595837116241455078 0.30135688185691833496
0.63640230894088745117 0.86146724224090576172 0.90783089399337768555 0.90783089399337768555 0.90616947412490844727 0.89854824542999267578 0.83682602643966674805 0.54226362705230712891 0.82426989078521728516 0.91982793807983398438 0.9132449030876159668 0.90783220529556274414 0.90783220529556274414 0.90799427032470703125 0.90356993675231933594 0.90559220314025878906 0.90476191043853759766 0.90055990219116210938 0.90197843313217163086 0.90026831626892089844 0.90026831626892089844 0.89986526966094970703 0.89705193042755126953 0.89779269695281982422 0.89909321069717407227 0.86497509479522705078 0.81787842512130737305 0.79441761970520019531 0.79441761970520019531 0.78505969047546386719 0.78802329301834106445 0.8062483668327331543 0.80525499582290649414 0.73519164323806762695 0.44302389025688171387 0.34872704744338989258 0.39511126279830932617 0.39511126279830932617 0.28522336483001708984
0.87826085090637207031 0.91515362262725830078 0.90838891267776489258 0.90838891267776489258 0.90817743539810180664 0.84973585605621337891 0.69230771064758300781 0.63590228557586669922 0.86260622739791870117 0.91398298740386962891 0.91372549533843994141 0.91372549533843994141 0.91018927097320556641 0.90881705284118652344 0.90852051973342895508 0.90789198875427246094 0.90478241443634033203 0.90282338857650756836 0.90284103155136108398 0.90330898761749267578 0.90330898761749267578 0.89211243391036987305 0.88101446628570556641 0.87619960308074951172 0.88440114259719848633 0.89341127872467041016 0.89402234554290771484 0.85630363225936889648 0.85630363225936889648 0.80497515201568603516 0.80304986238479614258 0.80580008029937744141 0.75523346662521362305 0.51585334539413452148 0.34667825698852539062 0.34038996696472167969 0.34038996696472167969 0.31632110476493835449 0.28053879737854003906
0.90533596277236938477 0.9086437225341796875 0.88527655601501464844 0.88527655601501464844 0.90493404865264892578 0.77880823612213134766 0.67504632472991943359 0.72835314273834228516 0.88469648361206054688 0.91442954540252685547 0.91063046455383300781 0.91063046455383300781 0.91111981868743896484 0.91138488054275512695 0.90885365009307861328 0.90458863973617553711 0.90354907512664794922 0.90392827987670898438 0.90402740240097045898 0.90159690380096435547 0.90159690380096435547 0.89269614219665527344 0.88310456275939941406 0.88820159435272216797 0.89039874076843261719 0.89422655105590820312 0.89692980051040649414 0.89858186244964599609 0.89858186244964599609 0.88147532939910888672 0.83688598871231079102 0.81219941377639770508 0.57903313636779785156 0.38444507122039794922 0.32687065005302429199 0.28843104839324951172 0.28843104839324951172 0.27383267879486083984 0.29917743802070617676
0.90158784389495849609 0.89351439476013183594 0.87560522556304931641 0.87560522556304931641 0.89266353845596313477 0.87552028894424438477 0.72877061367034912109 0.71873199939727783203 0.89633136987686157227 0.90899336338043212891 0.90658777952194213867 0.90658777952194213867 0.90813136100769042969 0.90962904691696166992 0.90782678127288818359 0.90508747100830078125 0.90137904882431030273 0.90460109710693359375 0.90646725893020629883 0.90646725893020629883 0.90296155214309692383 0.89570277929306030273 0.89680922031402587891 0.90129309892654418945 0.89909607172012329102 0.89918768405914306641 0.90016710758209228516 0.90536665916442871094 0.90536665916442871094 0.9014390110969543457 0.88510990142822265625 0.80366057157516479492 0.38885855674743652344 0.3288173973560333252 0.2948430478572845459 0.28184947371482849121 0.28184947371482849121 0.28844362497329711914 0.29327753186225891113
0.83063268661499023438 0.80834364891052246094 0.80834364891052246094 0.8861458897590637207 0.91285032033920288086 0.91438597440719604492 0.83282673358917236328 0.73569482564926147461 0.89319920539855957031 0.90857142210006713867 0.90928810834884643555 0.90928810834884643555 0.90732675790786743164 0.90776604413986206055 0.90634381771087646484 0.90074944496154785156 0.90027010440826416016 0.90676379203796386719 0.90733432769775390625 0.90733432769775390625 0.90394139289855957031 0.90049088001251220703 0.90178573131561279297 0.90848618745803833008 0.90495127439498901367 0.90061861276626586914 0.90279465913772583008 0.90279465913772583008 0.90669858455657958984 0.90672576427459716797 0.90834760665893554688 0.80704933404922485352 0.40742623805999755859 0.28548896312713623047 0.28258603811264038086 0.28438052535057067871 0.28438052535057067871 0.28521302342414855957 0.29386281967163085938
0.8092816472053527832 0.78884726762771606445 0.78884726762771606445 0.89989274740219116211 0.91617572307586669922 0.90141624212265014648 0.71658182144165039062 0.70187395811080932617 0.88477569818496704102 0.90822923183441162109 0.90822923183441162109 0.90993165969848632812 0.90885573625564575195 0.90794980525970458984 0.90437602996826171875 0.89651572704315185547 0.89943903684616088867 0.90720593929290771484 0.90525442361831665039 0.90525442361831665039 0.90043669939041137695 0.90071535110473632812 0.90302294492721557617 0.9040253758430480957 0.90671569108963012695 0.90731042623519897461 0.90940767526626586914 0.90940767526626586914 0.91014659404754638672 0.90838539600372314453 0.91135734319686889648 0.83526009321212768555 0.50802141427993774414 0.29564464092254638672 0.29044622182846069336 0.30103805661201477051 0.30103805661201477051 0.30306872725486755371 0.29386281967163085938
0.87379151582717895508 0.90434324741363525391 0.90434324741363525391 0.90939658880233764648 0.90994054079055786133 0.90177911520004272461 0.76849025487899780273 0.61022365093231201172 0.87724918127059936523 0.90676093101501464844 0.90676093101501464844 0.9098078608512878418 0.90832823514938354492 0.90321916341781616211 0.89732712507247924805 0.89639067649841308594 0.90411800146102905273 0.90573352575302124023 0.90219438076019287109 0.90219438076019287109 0.89967709779739379883 0.9040164947509765625 0.90559780597686767578 0.90618497133255004883 0.90800678730010986328 0.90652090311050415039 0.91053229570388793945 0.91053229570388793945 0.91091734170913696289 0.91021448373794555664 0.91449880599975585938 0.81142610311508178711 0.73524719476699829102 0.50918972492218017578 0.30347144603729248047 0.30347144603729248047 0.30942183732986450195 0.30704224109649658203 0.30069595575332641602
0.8961887359619140625 0.90973204374313354492 0.90973204374313354492 0.90493404865264892578 0.91016381978988647461 0.90525346994400024414 0.79540228843688964844 0.59753084182739257812 0.83342093229293823242 0.90834259986877441406 0.90834259986877441406 0.9094149470329284668 0.90609937906265258789 0.90277487039566040039 0.8986689448356628418 0.89795488119125366211 0.90094923973083496094 0.9040164947509765625 0.9040164947509765625 0.90021228790283203125 0.90345108509063720703 0.90528160333633422852 0.90610152482986450195 0.90627336502075195312 0.90529662370681762695 0.90897363424301147461 0.91039294004440307617 0.91039294004440307617 0.9106267094612121582 0.91231209039688110352 0.91076588630676269531 0.83482587337493896484 0.71039468050003051758 0.82612496614456176758 0.3971830904483795166 0.3971830904483795166 0.30890923738479614258 0.31611514091491699219 0.32600158452987670898
0.90856939554214477539 0.90856939554214477539 0.90699338912963867188 0.90851789712905883789 0.91244482994079589844 0.9097378849983215332 0.88138318061828613281 0.62721168994903564453 0.75683891773223876953 0.91748279333114624023 0.91748279333114624023 0.91237634420394897461 0.90613263845443725586 0.9024493098258972168 0.90152657032012939453 0.90008431673049926758 0.901760101318359375 0.90362435579299926758 0.90362435579299926758 0.90226656198501586914 0.90263855457305908203 0.90346437692642211914 0.90423715114593505859 0.90559053421020507812 0.90821343660354614258 0.9072704315185546875 0.9072704315185546875 0.90992283821105957031 0.91031873226165771484 0.91191804409027099609 0.90878319740295410156 0.85913282632827758789 0.72406584024429321289 0.87988388538360595703 0.63028359413146972656 0.63028359413146972656 0.32466030120849609375 0.32645457983016967773 0.3242937922477722168
0.90844315290451049805 0.90844315290451049805 0.909976959228515625 0.91025865077972412109 0.9117183685302734375 0.91263651847839355469 0.90166360139846801758 0.79126214981079101562 0.76853930950164794922 0.90393930673599243164 0.90393930673599243164 0.91072171926498413086 0.90682196617126464844 0.90472191572189331055 0.90299147367477416992 0.90074545145034790039 0.8964856266975402832 0.89599829912185668945 0.89599829912185668945 0.90125524997711181641 0.9038308262825012207 0.90463215112686157227 0.90340906381607055664 0.90488338470458984375 0.90725368261337280273 0.9072704315185546875 0.9072704315185546875 0.90926879644393920898 0.90892922878265380859 0.90983027219772338867 0.90920245647430419922 0.90630942583084106445 0.87835288047790527344 0.89238578081130981445 0.81059157848358154297 0.81059157848358154297 0.42778289318084716797 0.35399875044822692871 0.34950584173202514648
0.90974211692810058594 0.90974211692810058594 0.91007196903228759766 0.91312122344970703125 0.91065049171447753906 0.91017222404479980469 0.91669559478759765625 0.73446601629257202148 0.64560174942016601562 0.64560174942016601562 0.87753266096115112305 0.91391271352767944336 0.90621727705001831055 0.90348637104034423828 0.9030590057373046875 0.8982684016227722168 0.89590591192245483398 0.89950609207153320312 0.89950609207153320312 0.90292471647262573242 0.90672755241394042969 0.90465205907821655273 0.90508347749710083008 0.90552616119384765625 0.90792095661163330078 0.90534025430679321289 0.90534025430679321289 0.90885186195373535156 0.90907502174377441406 0.9125855565071105957 0.90855085849761962891 0.90893948078155517578 0.91177022457122802734 0.91564357280731201172 0.91564357280731201172 0.8956737518310546875 0.55569308996200561523 0.36299291253089904785 0.35320228338241577148
0.91276913881301879883 0.91276913881301879883 0.91093409061431884766 0.914093017578125 0.90988057851791381836 0.91115927696228027344 0.90809941291809082031 0.87485647201538085938 0.63869756460189819336 0.63869756460189819336 0.83094555139541625977 0.90410673618316650391 0.90361446142196655273 0.90227174758911132812 0.90261381864547729492 0.89710205793380737305 0.90435707569122314453 0.90435707569122314453 0.90413296222686767578 0.90706169605255126953 0.91188406944274902344 0.90742129087448120117 0.90787297487258911133 0.90879476070404052734 0.90463918447494506836 0.90367555618286132812 0.90367555618286132812 0.91060072183609008789 0.91080313920974731445 0.90868926048278808594 0.90987676382064819336 0.90853089094161987305 0.91211670637130737305 0.9141566157341003418 0.9141566157341003418 0.87336331605911254883 0.63587921857833862305 0.36279401183128356934 0.3539346158504486084
0.91137093305587768555 0.91137093305587768555 0.90955531597137451172 0.90902197360992431641 0.90839409828186035156 0.90987676382064819336 0.9105065464973449707 0.89343065023422241211 0.78003615140914916992 0.78003615140914916992 0.81622910499572753906 0.84257519245147705078 0.91026961803436279297 0.90857142210006713867 0.90455716848373413086 0.90269333124160766602 0.90514332056045532227 0.90514332056045532227 0.90663897991180419922 0.90974438190460205078 0.91074573993682861328 0.90756785869598388672 0.90600228309631347656 0.90568178892135620117 0.90664410591125488281 0.90910792350769042969 0.90910792350769042969 0.91128289699554443359 0.90919160842895507812 0.90726256370544433594 0.90813505649566650391 0.90966075658798217773 0.91526383161544799805 0.8900845646858215332 0.8900845646858215332 0.76184505224227905273 0.53593015670776367188 0.39018917083740234375 0.33532536029815673828
0.90952652692794799805 0.90695023536682128906 0.90873384475708007812 0.9101288914680480957 0.90674155950546264648 0.90898919105529785156 0.90937674045562744141 0.91125088930130004883 0.85070639848709106445 0.85070639848709106445 0.80965268611907958984 0.80741763114929199219 0.85557085275650024414 0.89833402633666992188 0.90692639350891113281 0.9060573577880859375 0.90831422805786132812 0.90831422805786132812 0.9097900390625 0.90857142210006713867 0.9098669886589050293 0.90909093618392944336 0.90738916397094726562 0.90362876653671264648 0.90423643589019775391 0.90423643589019775391 0.90395373106002807617 0.90327495336532592773 0.90542578697204589844 0.90583455562591552734 0.90821343660354614258 0.91054075956344604492 0.9120057225227355957 0.85350716114044189453 0.85350716114044189453 0.67463833093643188477 0.54720681905746459961 0.44648778438568115234 0.35228303074836730957
