samples/ndvi/map_ndvi_2017-12-13.asc
ncols        322
nrows        306
xllcorner    -53.726171018035
yllcorner    -28.476684338117
cellsize     0.000269494585
NODATA_value  -9999
[rows 85 to 101 of 306, columns 39 to 77 of 322]
0.44923567771911621094 0.44899818301200866699 0.43866086006164550781 0.43866086006164550781 0.41603839397430419922 0.4067052006721496582 0.4743912816047668457 0.5062713623046875 0.4765625 0.46988621354103088379 0.47682684659957885742 0.47682684659957885742 0.51678222417831420898 0.46869897842407226562 0.35617417097091674805 0.33551400899887084961 0.30790442228317260742 0.40839302539825439453 0.40397697687149047852 0.40397697687149047852 0.37532684206962585449 0.33866932988166809082 0.27272728085517883301 0.41038352251052856445 0.48136481642723083496 0.53738945722579956055 0.56673842668533325195 0.56941115856170654297 0.56941115856170654297 0.59802132844924926758 0.59180498123168945312 0.57908499240875244141 0.59873616695404052734 0.60770857334136962891 0.56101387739181518555 0.61362981796264648438 0.61362981796264648438 0.86680871248245239258 0.86610627174377441406
0.4458834528923034668 0.43992647528648376465 0.43992647528648376465 0.42272308468818664551 0.40814438462257385254 0.41748023033142089844 0.49158445000648498535 0.53086417913436889648 0.49332591891288757324 0.4790287017822265625 0.49149659276008605957 0.49149659276008605957 0.50760561227798461914 0.43851262331008911133 0.34901401400566101074 0.33006992936134338379 0.3081906437873840332 0.45464631915092468262 0.71601873636245727539 0.71601873636245727539 0.60857909917831420898 0.52763819694519042969 0.2955271601676940918 0.37132543325424194336 0.45616331696510314941 0.52541482448577880859 0.5619398951530456543 0.5619398951530456543 0.57537817955017089844 0.5912144780158996582 0.58061170578002929688 0.59164488315582275391 0.60753935575485229492 0.5941651463508605957 0.56902533769607543945 0.77164661884307861328 0.77164661884307861328 0.876758575439453125 0.86262166500091552734
0.45793962478637695312 0.4516874849796295166 0.4516874849796295166 0.42652824521064758301 0.39958012104034423828 0.42356610298156738281 0.4955215156078338623 0.50775533914566040039 0.50877195596694946289 0.49915966391563415527 0.46924829483032226562 0.47031962871551513672 0.46447777748107910156 0.38712140917778015137 0.35279008746147155762 0.33211177587509155273 0.28776186704635620117 0.37196066975593566895 0.72479808330535888672 0.72479808330535888672 0.67288225889205932617 0.5106951594352722168 0.32791185379028320312 0.35230770707130432129 0.4142411649227142334 0.48284959793090820312 0.54153352975845336914 0.54153352975845336914 0.56785243749618530273 0.58271157741546630859 0.58162468671798706055 0.57966816425323486328 0.58575540781021118164 0.55300402641296386719 0.65680801868438720703 0.85974597930908203125 0.85974597930908203125 0.87325519323348999023 0.86760169267654418945
0.45745652914047241211 0.4576193690299987793 0.4576193690299987793 0.43650794029235839844 0.40350058674812316895 0.41422593593597412109 0.44979685544967651367 0.46185207366943359375 0.47801092267036437988 0.46924829483032226562 0.43036890029907226562 0.44802051782608032227 0.4459044039249420166 0.37228062748908996582 0.3519115746021270752 0.32048410177230834961 0.29984778165817260742 0.31598845124244689941 0.65804934501647949219 0.65804934501647949219 0.78466558456420898438 0.67218875885009765625 0.49395692348480224609 0.36544343829154968262 0.37351268529891967773 0.45329087972640991211 0.52245229482650756836 0.52245229482650756836 0.54869359731674194336 0.56993633508682250977 0.58929038047790527344 0.58604532480239868164 0.56928741931915283203 0.56866145133972167969 0.81418639421463012695 0.81418639421463012695 0.87496447563171386719 0.87574285268783569336 0.87585455179214477539
0.46538725495338439941 0.46300500631332397461 0.46300500631332397461 0.42363381385803222656 0.40342751145362854004 0.39322617650032043457 0.41418898105621337891 0.43483343720436096191 0.45701095461845397949 0.43036890029907226562 0.43036890029907226562 0.41755396127700805664 0.43110126256942749023 0.35975024104118347168 0.33809098601341247559 0.30916196107864379883 0.29651656746864318848 0.2766125798225402832 0.2766125798225402832 0.56401050090789794922 0.82047325372695922852 0.710453033447265625 0.62269860506057739258 0.37131020426750183105 0.3429438471794128418 0.41293013095855712891 0.49466949701309204102 0.49466949701309204102 0.52304506301879882812 0.54079014062881469727 0.56382429599761962891 0.55753606557846069336 0.52807205915451049805 0.62696909904479980469 0.86600768566131591797 0.86600768566131591797 0.87391555309295654297 0.87682336568832397461 0.87953668832778930664
0.47042641043663024902 0.47042641043663024902 0.45330294966697692871 0.41260349750518798828 0.3943404853343963623 0.38565549254417419434 0.38931298255920410156 0.41179889440536499023 0.41592919826507568359 0.41446614265441894531 0.41446614265441894531 0.41115880012512207031 0.41010320186614990234 0.34813416004180908203 0.32661113142967224121 0.30499786138534545898 0.29335561394691467285 0.26475813984870910645 0.26475813984870910645 0.44776454567909240723 0.69318181276321411133 0.56679493188858032227 0.50155413150787353516 0.47771656513214111328 0.35958278179168701172 0.375 0.43809023499488830566 0.43809023499488830566 0.49623474478721618652 0.52314090728759765625 0.55411368608474731445 0.53757226467132568359 0.52838903665542602539 0.72808057069778442383 0.87689095735549926758 0.87689095735549926758 0.87665677070617675781 0.877460479736328125 0.88165682554244995117
0.46484017372131347656 0.46484017372131347656 0.4367402195930480957 0.40545454621315002441 0.38197222352027893066 0.38879054784774780273 0.3879941403865814209 0.38426584005355834961 0.38099196553230285645 0.40468794107437133789 0.40468794107437133789 0.39537474513053894043 0.36515387892723083496 0.33302667737007141113 0.32522797584533691406 0.31298366189002990723 0.29152822494506835938 0.25965964794158935547 0.25965964794158935547 0.3972358405590057373 0.53940039873123168945 0.64800000190734863281 0.67236769199371337891 0.56186938285827636719 0.41128593683242797852 0.35350966453552246094 0.35350966453552246094 0.39984610676765441895 0.47568270564079284668 0.51733195781707763672 0.54000002145767211914 0.52897977828979492188 0.60124963521957397461 0.82258063554763793945 0.87954306602478027344 0.87954306602478027344 0.8703448176383972168 0.87582260370254516602 0.87898433208465576172
0.4387639164924621582 0.4387639164924621582 0.41054061055183410645 0.39068099856376647949 0.37432187795639038086 0.40186914801597595215 0.41124260425567626953 0.39390486478805541992 0.39140021800994873047 0.39140021800994873047 0.39264139533042907715 0.39593908190727233887 0.35651737451553344727 0.34304931759834289551 0.33290898799896240234 0.31479084491729736328 0.29063215851783752441 0.28052002191543579102 0.28052002191543579102 0.41670045256614685059 0.51487779617309570312 0.56433224678039550781 0.63651180267333984375 0.63748008012771606445 0.4074662327766418457 0.35703244805335998535 0.35703244805335998535 0.38974487781524658203 0.47086614370346069336 0.51963663101196289062 0.54162222146987915039 0.51031202077865600586 0.73404854536056518555 0.87199127674102783203 0.87199127674102783203 0.86999201774597167969 0.86491876840591430664 0.87853342294692993164 0.8748957514762878418
0.41623094677925109863 0.41623094677925109863 0.39331388473510742188 0.37455984950065612793 0.36651322245597839355 0.46753671765327453613 0.43675267696380615234 0.40365350246429443359 0.41026383638381958008 0.41026383638381958008 0.40266510844230651855 0.43545112013816833496 0.35807323455810546875 0.3234005272388458252 0.32225772738456726074 0.31002840399742126465 0.28960135579109191895 0.28960135579109191895 0.29705214500427246094 0.35519349575042724609 0.61642676591873168945 0.56466239690780639648 0.50206828117370605469 0.44979026913642883301 0.32620587944984436035 0.34778067469596862793 0.34778067469596862793 0.40256473422050476074 0.47220721840858459473 0.52546918392181396484 0.52002149820327758789 0.49810913205146789551 0.82680964469909667969 0.87905997037887573242 0.87905997037887573242 0.87385934591293334961 0.86937057971954345703 0.87847125530242919922 0.86999696493148803711
0.36949756741523742676 0.36949756741523742676 0.34512114524841308594 0.38464921712875366211 0.39115044474601745605 0.47672441601753234863 0.43893927335739135742 0.41088786721229553223 0.40506330132484436035 0.40506330132484436035 0.40272313356399536133 0.43369829654693603516 0.3555501103401184082 0.32401135563850402832 0.30987763404846191406 0.30177515745162963867 0.3019726872444152832 0.3019726872444152832 0.30546623468399047852 0.3606866300106048584 0.67192429304122924805 0.68456989526748657227 0.49492952227592468262 0.36272838711738586426 0.31239670515060424805 0.33899614214897155762 0.33899614214897155762 0.41203823685646057129 0.47713124752044677734 0.53457087278366088867 0.51404416561126708984 0.58305644989013671875 0.87079340219497680664 0.87771600484848022461 0.87771600484848022461 0.87374007701873779297 0.87888121604919433594 0.87034201622009277344 0.86948174238204956055
0.41304862499237060547 0.41694116592407226562 0.38069128990173339844 0.44180160760879516602 0.60357677936553955078 0.57302653789520263672 0.5202725529670715332 0.47025090456008911133 0.46931895613670349121 0.46931895613670349121 0.46198454499244689941 0.43369829654693603516 0.37700074911117553711 0.32965770363807678223 0.33084809780120849609 0.30703422427177429199 0.28829684853553771973 0.28829684853553771973 0.30106258392333984375 0.36917740106582641602 0.55567038059234619141 0.73925101757049560547 0.60030704736709594727 0.37420117855072021484 0.32604736089706420898 0.32604736089706420898 0.32884901762008666992 0.38130643963813781738 0.46920192241668701172 0.52702701091766357422 0.51594531536102294922 0.73931509256362915039 0.88175183534622192383 0.87522011995315551758 0.87522011995315551758 0.86133062839508056641 0.86718344688415527344 0.87167823314666748047 0.87130963802337646484
0.46870151162147521973 0.4454638063907623291 0.42357414960861206055 0.48588991165161132812 0.765369415283203125 0.79855746030807495117 0.65689229965209960938 0.49247035384178161621 0.49247035384178161621 0.46393761038780212402 0.4845746457576751709 0.46443030238151550293 0.4982744753360748291 0.39983373880386352539 0.35887095332145690918 0.33256417512893676758 0.33639231324195861816 0.33639231324195861816 0.3443088233470916748 0.32856735587120056152 0.33389121294021606445 0.43780663609504699707 0.7157745361328125 0.41903641819953918457 0.35427021980285644531 0.35427021980285644531 0.34416544437408447266 0.37599998712539672852 0.4413407742977142334 0.49020659923553466797 0.52968299388885498047 0.8333333134651184082 0.87101709842681884766 0.86860156059265136719 0.86860156059265136719 0.86655730009078979492 0.87009471654891967773 0.87123149633407592773 0.87509638071060180664
0.45972546935081481934 0.4366486668586730957 0.42360571026802062988 0.44941577315330505371 0.60846275091171264648 0.60269904136657714844 0.5407097935676574707 0.46239289641380310059 0.46239289641380310059 0.48118689656257629395 0.48869973421096801758 0.48855608701705932617 0.53540772199630737305 0.41464772820472717285 0.37601861357688903809 0.36033353209495544434 0.3661556541919708252 0.3661556541919708252 0.37310826778411865234 0.342258453369140625 0.33162394165992736816 0.32929515838623046875 0.75 0.49461862444877624512 0.35495916008949279785 0.35495916008949279785 0.36641976237297058105 0.3557358086109161377 0.41866666078567504883 0.44924461841583251953 0.65066826343536376953 0.87074196338653564453 0.86623728275299072266 0.86623728275299072266 0.8541666865348815918 0.85980808734893798828 0.8698412775993347168 0.87373739480972290039 0.87728458642959594727
0.40913921594619750977 0.3758029937744140625 0.37376585602760314941 0.40681114792823791504 0.65753805637359619141 0.61300992965698242188 0.48542776703834533691 0.46457681059837341309 0.46457681059837341309 0.48123687505722045898 0.49536499381065368652 0.49415042996406555176 0.49283590912818908691 0.41372710466384887695 0.38668912649154663086 0.38491189479827880859 0.38491189479827880859 0.39120939373970031738 0.37597841024398803711 0.35779324173927307129 0.35095137357711791992 0.37189644575119018555 0.64002299308776855469 0.59310674667358398438 0.36361366510391235352 0.36361366510391235352 0.35725268721580505371 0.36373811960220336914 0.38866287469863891602 0.40476828813552856445 0.65578466653823852539 0.87774825096130371094 0.87424129247665405273 0.87424129247665405273 0.86772489547729492188 0.86703598499298095703 0.87604981660842895508 0.88172644376754760742 0.8892733454704284668
0.3513952791690826416 0.32237392663955688477 0.34803625941276550293 0.5198981165885925293 0.79941004514694213867 0.67358893156051635742 0.48319593071937561035 0.4575748145580291748 0.4575748145580291748 0.47081482410430908203 0.48704662919044494629 0.49082824587821960449 0.48100587725639343262 0.39804828166961669922 0.35793730616569519043 0.3629112541675567627 0.3629112541675567627 0.36220473051071166992 0.36035370826721191406 0.3560778498649597168 0.3601029515266418457 0.38179889321327209473 0.68152523040771484375 0.80961680412292480469 0.80961680412292480469 0.61044669151306152344 0.4478619694709777832 0.33384934067726135254 0.28198757767677307129 0.32155302166938781738 0.66815906763076782227 0.86806982755661010742 0.8786156773567199707 0.8786156773567199707 0.88005352020263671875 0.87166941165924072266 0.89128094911575317383 0.84458076953887939453 0.7825450897216796875
0.33388385176658630371 0.30452319979667663574 0.39432176947593688965 0.71394938230514526367 0.74063879251480102539 0.51168513298034667969 0.45036706328392028809 0.44147464632987976074 0.44147464632987976074 0.45171704888343811035 0.47752332687377929688 0.49146005511283874512 0.47087377309799194336 0.35148763656616210938 0.332027435302734375 0.35187423229217529297 0.35187423229217529297 0.35762223601341247559 0.35237637162208557129 0.35804337263107299805 0.36515268683433532715 0.37664386630058288574 0.75782454013824462891 0.89471030235290527344 0.89471030235290527344 0.7179775238037109375 0.40161046385765075684 0.23024830222129821777 0.23023906350135803223 0.23502303659915924072 0.57202506065368652344 0.85423642396926879883 0.78439217805862426758 0.78439217805862426758 0.73497468233108520508 0.65987348556518554688 0.52586770057678222656 0.46349602937698364258 0.39885079860687255859
0.32100468873977661133 0.30987125635147094727 0.47857573628425598145 0.78633147478103637695 0.67621695995330810547 0.43788319826126098633 0.44910180568695068359 0.44910180568695068359 0.45085996389389038086 0.46911805868148803711 0.47339090704917907715 0.46881836652755737305 0.47087377309799194336 0.33902132511138916016 0.33804532885551452637 0.3588377833366394043 0.3588377833366394043 0.36621394753456115723 0.36210221052169799805 0.36160603165626525879 0.36331120133399963379 0.40376740694046020508 0.84465491771697998047 0.83043152093887329102 0.83043152093887329102 0.45444914698600769043 0.23962819576263427734 0.22083333134651184082 0.24760155379772186279 0.23798172175884246826 0.29085752367973327637 0.43466773629188537598 0.43466773629188537598 0.3809426724910736084 0.34818941354751586914 0.28009304404258728027 0.29444009065628051758 0.28267595171928405762 0.28258800506591796875
