samples/ndvi/map_ndvi_2017-04-17.asc
ncols        322
nrows        306
xllcorner    -53.726171018035
yllcorner    -28.476684338117
cellsize     0.000269494585
NODATA_value  -9999
[rows 153 to 169 of 306, columns 195 to 233 of 322]
0.23689991235733032227 0.23696072399616241455 0.23459245264530181885 0.23432785272598266602 0.23564752936363220215 0.23691907525062561035 0.2342971116304397583 0.2342971116304397583 0.231629982590675354 0.22330826520919799805 0.2201388925313949585 0.22364217042922973633 0.22637496888637542725 0.22501495480537414551 0.22245445847511291504 0.22245445847511291504 0.22046066820621490479 0.22328358888626098633 0.22032885253429412842 0.21612609922885894775 0.22086638212203979492 0.22348712384700775146 0.2241887897253036499 0.21984151005744934082 0.21984151005744934082 0.21811187267303466797 0.21567471325397491455 0.21713441610336303711 0.21126760542392730713 0.22154055535793304443 0.22665807604789733887 0.25957727432250976562 0.25957727432250976562 0.27536231279373168945 0.26128590106964111328 0.24447949230670928955 0.25199466943740844727 0.2545115053653717041 0.27984496951103210449
0.24237559735774993896 0.23862159252166748047 0.24135638773441314697 0.24450366199016571045 0.23712693154811859131 0.23379555344581604004 0.23609787225723266602 0.23609787225723266602 0.23879173398017883301 0.23454429209232330322 0.23206487298011779785 0.23029746115207672119 0.22542998194694519043 0.22515337169170379639 0.22836539149284362793 0.22836539149284362793 0.22824791073799133301 0.22584541141986846924 0.22386260330677032471 0.22310030460357666016 0.22222222387790679932 0.22079473733901977539 0.22153209149837493896 0.22153209149837493896 0.22176469862461090088 0.21946902573108673096 0.22019964456558227539 0.21851639449596405029 0.21674583852291107178 0.21495914459228515625 0.23172730207443237305 0.25248509645462036133 0.25248509645462036133 0.30032062530517578125 0.26889806985855102539 0.24490579962730407715 0.25441128015518188477 0.24742268025875091553 0.25687202811241149902
0.25 0.2592068016529083252 0.26104128360748291016 0.25059503316879272461 0.23938992619514465332 0.23877221345901489258 0.23877221345901489258 0.23946300148963928223 0.24170027673244476318 0.23886138200759887695 0.23594811558723449707 0.23504273593425750732 0.24433557689189910889 0.2386156618595123291 0.23430322110652923584 0.23430322110652923584 0.23440860211849212646 0.23410852253437042236 0.22939178347587585449 0.23076923191547393799 0.24060150980949401855 0.23030118644237518311 0.22446556389331817627 0.22446556389331817627 0.22373372316360473633 0.2286866307258605957 0.22348155081272125244 0.22212667763233184814 0.22666667401790618896 0.21696969866752624512 0.23554675281047821045 0.23554675281047821045 0.26940941810607910156 0.29384046792984008789 0.23301985859870910645 0.24451665580272674561 0.23954115808010101318 0.24658384919166564941 0.24274809658527374268
0.24469128251075744629 0.24541860818862915039 0.24629294872283935547 0.25139665603637695312 0.24435319006443023682 0.24556113779544830322 0.24556113779544830322 0.24297843873500823975 0.24193547666072845459 0.24315722286701202393 0.23992443084716796875 0.24031960964202880859 0.23941068351268768311 0.24504950642585754395 0.24504950642585754395 0.24049079418182373047 0.24839203059673309326 0.24561943113803863525 0.24440298974514007568 0.24215810000896453857 0.26375353336334228516 0.23830182850360870361 0.22870756685733795166 0.22870756685733795166 0.22814248502254486084 0.22610996663570404053 0.2234948575496673584 0.22247838973999023438 0.22532801330089569092 0.22458916902542114258 0.24712254106998443604 0.24712254106998443604 0.2811768651008605957 0.29015201330184936523 0.24828828871250152588 0.24977043271064758301 0.25046244263648986816 0.25181674957275390625 0.24418604373931884766
0.24306026101112365723 0.24596050381660461426 0.24549628794193267822 0.23990334570407867432 0.23977003991603851318 0.24038782715797424316 0.24038782715797424316 0.24292297661304473877 0.2480519413948059082 0.24894787371158599854 0.24919717013835906982 0.24960152804851531982 0.24785782396793365479 0.25325706601142883301 0.25325706601142883301 0.24672897160053253174 0.24544613063335418701 0.24724602699279785156 0.24961994588375091553 0.24825704097747802734 0.25350394845008850098 0.25060242414474487305 0.243597373366355896 0.243597373366355896 0.23931878805160522461 0.23886883258819580078 0.23909145593643188477 0.23515579104423522949 0.22853758931159973145 0.23223350942134857178 0.24712254106998443604 0.29789435863494873047 0.28112450242042541504 0.26255562901496887207 0.2540505528450012207 0.2533849179744720459 0.25742575526237487793 0.25047799944877624512 0.24365174770355224609
0.23953570425510406494 0.24379871785640716553 0.24284717440605163574 0.23910805583000183105 0.24088585376739501953 0.24338982999324798584 0.24338982999324798584 0.24537037312984466553 0.24189364910125732422 0.24283854663372039795 0.24245375394821166992 0.24189364910125732422 0.24563671648502349854 0.24428708851337432861 0.24428708851337432861 0.24382521212100982666 0.24445831775665283203 0.24757432937622070312 0.25226068496704101562 0.2532507777214050293 0.25107428431510925293 0.25205731391906738281 0.25205731391906738281 0.24697336554527282715 0.24842673540115356445 0.2516320347785949707 0.25521764159202575684 0.25342872738838195801 0.2512607574462890625 0.27485749125480651855 0.29789435863494873047 0.29304525256156921387 0.26043736934661865234 0.2551116645336151123 0.25070071220397949219 0.25775891542434692383 0.26219126582145690918 0.2536570131778717041 0.24024640023708343506
0.23853211104869842529 0.24687065184116363525 0.24739402532577514648 0.24163822829723358154 0.23835246264934539795 0.23835246264934539795 0.23886640369892120361 0.24209123849868774414 0.24163076281547546387 0.24400945007801055908 0.24204243719577789307 0.24347259104251861572 0.24350649118423461914 0.24509803950786590576 0.24509803950786590576 0.24144609272480010986 0.24555838108062744141 0.24639537930488586426 0.24186342954635620117 0.2443453371524810791 0.24809645116329193115 0.24523586034774780273 0.24523586034774780273 0.24426534771919250488 0.24286152422428131104 0.24179829657077789307 0.23932652175426483154 0.2475128173828125 0.25090909004211425781 0.27266922593116760254 0.27266922593116760254 0.28951919078826904297 0.24604965746402740479 0.25556930899620056152 0.2600123286247253418 0.26689505577087402344 0.26652187108993530273 0.25188082456588745117 0.24441866576671600342
0.23925104737281799316 0.23258161544799804688 0.23525376617908477783 0.24405166506767272949 0.24572211503982543945 0.24572211503982543945 0.24450457096099853516 0.24083250761032104492 0.24262735247611999512 0.24380442500114440918 0.24773108959197998047 0.24450278282165527344 0.24243409931659698486 0.24014337360858917236 0.24014337360858917236 0.24464932084083557129 0.24047306180000305176 0.24271208047866821289 0.24056302011013031006 0.23680904507637023926 0.23720349371433258057 0.24097135663032531738 0.24097135663032531738 0.24204616248607635498 0.24213150143623352051 0.24202045798301696777 0.23827047646045684814 0.24140049517154693604 0.24501246213912963867 0.26830914616584777832 0.26830914616584777832 0.25576519966125488281 0.2488803565502166748 0.2633190453052520752 0.26730236411094665527 0.26718506217002868652 0.26208809018135070801 0.2533963322639465332 0.2472238391637802124
0.24676233530044555664 0.24333679676055908203 0.24386921525001525879 0.23857526481151580811 0.23549032211303710938 0.23549032211303710938 0.23391619324684143066 0.23602892458438873291 0.2399867624044418335 0.24264225363731384277 0.24223601818084716797 0.2416938096284866333 0.2421875 0.2421875 0.24466019868850708008 0.24595469236373901367 0.24258065223693847656 0.23864734172821044922 0.24025559425354003906 0.24414926767349243164 0.24118565022945404053 0.23595505952835083008 0.23595505952835083008 0.23662233352661132812 0.23520296812057495117 0.23662680387496948242 0.24048224091529846191 0.24515102803707122803 0.25016078352928161621 0.25804194808006286621 0.25804194808006286621 0.25248226523399353027 0.25461742281913757324 0.26249209046363830566 0.26375710964202880859 0.27067670226097106934 0.25808420777320861816 0.25410798192024230957 0.25410798192024230957
0.24166379868984222412 0.24071526527404785156 0.23835615813732147217 0.24128502607345581055 0.24300341308116912842 0.24300341308116912842 0.2430064082145690918 0.24064171314239501953 0.23354077339172363281 0.23052363097667694092 0.23296354711055755615 0.24030515551567077637 0.2421652376651763916 0.2421652376651763916 0.24020227789878845215 0.23932160437107086182 0.24305555224418640137 0.24194566905498504639 0.24198617041110992432 0.24213837087154388428 0.24298770725727081299 0.24298770725727081299 0.24270015954971313477 0.23670294880867004395 0.23274281620979309082 0.23839008808135986328 0.24271228909492492676 0.2557519078254699707 0.24913971126079559326 0.24560117721557617188 0.24560117721557617188 0.25559565424919128418 0.25918367505073547363 0.26426228880882263184 0.26312398910522460938 0.26639974117279052734 0.2534701228141784668 0.24934229254722595215 0.24934229254722595215
0.25008109211921691895 0.24393442273139953613 0.24568393826484680176 0.24369747936725616455 0.24369747936725616455 0.24620060622692108154 0.24278438091278076172 0.24142614006996154785 0.24324324727058410645 0.24241435527801513672 0.24273724853992462158 0.23975865542888641357 0.23630672693252563477 0.23630672693252563477 0.24131514132022857666 0.24046739935874938965 0.2415307462215423584 0.24088050425052642822 0.23978796601295471191 0.23827275633811950684 0.25130727887153625488 0.25130727887153625488 0.24232937395572662354 0.23608087003231048584 0.23217549920082092285 0.2377405315637588501 0.24655736982822418213 0.28036722540855407715 0.24339757859706878662 0.24980783462524414062 0.24980783462524414062 0.25559565424919128418 0.25486111640930175781 0.25974473357200622559 0.26242080330848693848 0.26165321469306945801 0.25159332156181335449 0.23729826509952545166 0.23729826509952545166
0.23306773602962493896 0.24032586812973022461 0.24368600547313690186 0.25702810287475585938 0.25702810287475585938 0.24767597019672393799 0.24392747879028320312 0.24429301917552947998 0.25292348861694335938 0.25098553299903869629 0.2475506216287612915 0.24644243717193603516 0.24663677811622619629 0.24663677811622619629 0.2424812018871307373 0.24403670430183410645 0.24349442124366760254 0.23601721227169036865 0.24052971601486206055 0.23779919743537902832 0.28752157092094421387 0.28752157092094421387 0.23874151706695556641 0.23208294808864593506 0.23250840604305267334 0.23597618937492370605 0.24403545260429382324 0.26304426789283752441 0.25009235739707946777 0.25009235739707946777 0.25147581100463867188 0.24761204421520233154 0.25631767511367797852 0.2537422478199005127 0.25275507569313049316 0.25179386138916015625 0.24456858634948730469 0.23384895920753479004 0.23384895920753479004
0.23996081948280334473 0.23521594703197479248 0.21588255465030670166 0.21288995444774627686 0.21288995444774627686 0.22681787610054016113 0.23847694694995880127 0.23684211075305938721 0.23181973397731781006 0.24164080619812011719 0.25431764125823974609 0.24750499427318572998 0.24750499427318572998 0.23932473361492156982 0.25049832463264465332 0.2568130791187286377 0.25101593136787414551 0.24558687210083007812 0.27643236517906188965 0.26868808269500732422 0.23728813230991363525 0.23728813230991363525 0.23962263762950897217 0.2342964857816696167 0.2369578927755355835 0.25162547826766967773 0.24938097596168518066 0.24418175220489501953 0.25815322995185852051 0.25815322995185852051 0.26036217808723449707 0.24897655844688415527 0.24759337306022644043 0.25065964460372924805 0.24794623255729675293 0.24640728533267974854 0.23893229663372039795 0.23893229663372039795 0.23363326489925384521
0.22958397865295410156 0.22633494436740875244 0.22448979318141937256 0.22130177915096282959 0.22130177915096282959 0.21260778605937957764 0.21068610250949859619 0.22376115620136260986 0.23038913309574127197 0.21765787899494171143 0.2108675539493560791 0.22012577950954437256 0.22012577950954437256 0.23248605430126190186 0.22431610524654388428 0.22347217798233032227 0.22772277891635894775 0.23768205940723419189 0.27315220236778259277 0.25464349985122680664 0.21825779974460601807 0.21825779974460601807 0.23602892458438873291 0.24085667729377746582 0.23199999332427978516 0.25426137447357177734 0.24484805762767791748 0.23618784546852111816 0.24713958799839019775 0.24713958799839019775 0.24635332822799682617 0.24271079897880554199 0.25989392399787902832 0.25423729419708251953 0.24877682328224182129 0.2412780076265335083 0.23885793983936309814 0.23885793983936309814 0.23421052098274230957
0.23154257237911224365 0.23409363627433776855 0.22509439289569854736 0.22033898532390594482 0.22033898532390594482 0.22491957247257232666 0.2230634838342666626 0.21623222529888153076 0.21825277805328369141 0.22586359083652496338 0.22126436233520507812 0.21630276739597320557 0.21630276739597320557 0.21173021197319030762 0.22509439289569854736 0.22806005179882049561 0.21676300466060638428 0.21751573681831359863 0.21759393811225891113 0.22054556012153625488 0.22054556012153625488 0.23027841746807098389 0.22723147273063659668 0.224451407790184021 0.22763450443744659424 0.26638129353523254395 0.2567793726921081543 0.26879572868347167969 0.25240984559059143066 0.25240984559059143066 0.26162120699882507324 0.27257454395294189453 0.25208416581153869629 0.25934764742851257324 0.24762988090515136719 0.23980545997619628906 0.2402525097131729126 0.2402525097131729126 0.23910732567310333252
0.23455999791622161865 0.22391629219055175781 0.22258159518241882324 0.22258159518241882324 0.21830585598945617676 0.21836441755294799805 0.21461187303066253662 0.22033898532390594482 0.22123894095420837402 0.20905233919620513916 0.21200112998485565186 0.21805359423160552979 0.21805359423160552979 0.2227833867073059082 0.22107610106468200684 0.21800281107425689697 0.21763549745082855225 0.22194093465805053711 0.21881273388862609863 0.21885713934898376465 0.21885713934898376465 0.22300934791564941406 0.22586256265640258789 0.22363367676734924316 0.22994333505630493164 0.25620368123054504395 0.27374300360679626465 0.26170426607131958008 0.26170426607131958008 0.29729729890823364258 0.3333333432674407959 0.2763347625732421875 0.24850746989250183105 0.25085911154747009277 0.24855491518974304199 0.24213717877864837646 0.24365289509296417236 0.24365289509296417236 0.24447664618492126465
0.23045821487903594971 0.22317732870578765869 0.22910885512828826904 0.22910885512828826904 0.22565597295761108398 0.21953991055488586426 0.21867881715297698975 0.21945635974407196045 0.21970781683921813965 0.22215875983238220215 0.21808359026908874512 0.21808359026908874512 0.21628499031066894531 0.21987016499042510986 0.2247667461633682251 0.22193658351898193359 0.21791215240955352783 0.21793416142463684082 0.22612197697162628174 0.22411306202411651611 0.22411306202411651611 0.22027066349983215332 0.22160905599594116211 0.2220299839973449707 0.22642071545124053955 0.26102349162101745605 0.26398947834968566895 0.2874190211296081543 0.2874190211296081543 0.31147539615631103516 0.27435982227325439453 0.24731926620006561279 0.2651093900203704834 0.25870460271835327148 0.25499230623245239258 0.24882994592189788818 0.24483549594879150391 0.24483549594879150391 0.24890510737895965576
