samples/ndvi/map_ndvi_2017-11-11.asc
ncols        322
nrows        306
xllcorner    -53.726171018035
yllcorner    -28.476684338117
cellsize     0.000269494585
NODATA_value  -9999
[rows 85 to 101 of 306, columns 195 to 233 of 322]
0.66696155071258544922 0.78633975982666015625 0.44576674699783325195 0.3434492945671081543 0.38074836134910583496 0.32481244206428527832 0.32481244206428527832 0.29114583134651184082 0.28713858127593994141 0.29462474584579467773 0.29172933101654052734 0.28752437233924865723 0.29969054460525512695 0.31299665570259094238 0.31299665570259094238 0.30377167463302612305 0.29198572039604187012 0.29062259197235107422 0.4267578125 0.86882257461547851562 0.88206279277801513672 0.88018220663070678711 0.88018220663070678711 0.87597256898880004883 0.84114152193069458008 0.77895534038543701172 0.75937092304229736328 0.80912429094314575195 0.84478235244750976562 0.87370020151138305664 0.86835175752639770508 0.86835175752639770508 0.8584353327751159668 0.85018724203109741211 0.84141689538955688477 0.83899921178817749023 0.84632033109664916992 0.85429406166076660156 0.85348963737487792969
0.75594574213027954102 0.76196146011352539062 0.5056629180908203125 0.41560673713684082031 0.32834100723266601562 0.32834100723266601562 0.29530003666877746582 0.28579545021057128906 0.28871682286262512207 0.30048727989196777344 0.29742267727851867676 0.28966879844665527344 0.28238889575004577637 0.3073749244213104248 0.3073749244213104248 0.31328451633453369141 0.31607007980346679688 0.31434333324432373047 0.54289835691452026367 0.87156379222869873047 0.87411630153656005859 0.88012909889221191406 0.88012909889221191406 0.88376384973526000977 0.87607657909393310547 0.8713563084602355957 0.84968274831771850586 0.79540711641311645508 0.78561508655548095703 0.83004796504974365234 0.87486743927001953125 0.87486743927001953125 0.86745053529739379883 0.853816986083984375 0.83815026283264160156 0.83503448963165283203 0.84360575675964355469 0.85187166929244995117 0.84464967250823974609
0.76513594388961791992 0.74744373559951782227 0.63819402456283569336 0.43150684237480163574 0.3029174506664276123 0.3029174506664276123 0.2929840385913848877 0.28800699114799499512 0.28827267885208129883 0.28452482819557189941 0.28502139449119567871 0.28170165419578552246 0.28095114231109619141 0.29033944010734558105 0.29033944010734558105 0.29405257105827331543 0.29676735401153564453 0.35013726353645324707 0.67225682735443115234 0.86703348159790039062 0.83697903156280517578 0.82644820213317871094 0.82644820213317871094 0.8398501276969909668 0.85871648788452148438 0.87049680948257446289 0.87611019611358642578 0.86721235513687133789 0.82891958951950073242 0.78947371244430541992 0.78947371244430541992 0.78745198249816894531 0.82517665624618530273 0.84386616945266723633 0.84569084644317626953 0.84373271465301513672 0.83608359098434448242 0.83628320693969726562 0.8355630040168762207
0.77171331644058227539 0.73961073160171508789 0.63524591922760009766 0.38250532746315002441 0.28453737497329711914 0.28453737497329711914 0.28711655735969543457 0.28679358959197998047 0.28749999403953552246 0.29163047671318054199 0.28182089328765869141 0.27882206439971923828 0.29222521185874938965 0.29222521185874938965 0.29035937786102294922 0.30011326074600219727 0.28943088650703430176 0.42960473895072937012 0.77535176277160644531 0.86703348159790039062 0.87064909934997558594 0.8523775935173034668 0.8523775935173034668 0.80891114473342895508 0.81126624345779418945 0.84195119142532348633 0.8731892704963684082 0.87700164318084716797 0.87002587318420410156 0.86553031206130981445 0.86553031206130981445 0.83936929702758789062 0.80280959606170654297 0.77273952960968017578 0.82917571067810058594 0.85145318508148193359 0.85919308662414550781 0.84432131052017211914 0.83780759572982788086
0.76224094629287719727 0.71428573131561279297 0.43249142169952392578 0.29884317517280578613 0.28911137580871582031 0.28911137580871582031 0.2835083305835723877 0.28916409611701965332 0.28340584039688110352 0.28549709916114807129 0.26606643199920654297 0.2617702484130859375 0.27401041984558105469 0.27401041984558105469 0.27530977129936218262 0.28663593530654907227 0.28287550806999206543 0.57935887575149536133 0.84180247783660888672 0.86463296413421630859 0.8434016108512878418 0.85845541954040527344 0.85845541954040527344 0.84385544061660766602 0.79231131076812744141 0.75569647550582885742 0.77578473091125488281 0.83123540878295898438 0.85993486642837524414 0.8682606816291809082 0.8682606816291809082 0.87356323003768920898 0.85935366153717041016 0.82923436164855957031 0.7751102447509765625 0.78560566902160644531 0.81607985496520996094 0.84577924013137817383 0.84577924013137817383
0.75258207321166992188 0.60408616065979003906 0.34860369563102722168 0.28927335143089294434 0.29286405444145202637 0.29286405444145202637 0.28912973403930664062 0.2864061892032623291 0.28719946742057800293 0.27933141589164733887 0.23452037572860717773 0.24716266989707946777 0.31459596753120422363 0.31459596753120422363 0.59831631183624267578 0.51630610227584838867 0.44972157478332519531 0.74046212434768676758 0.85651320219039916992 0.84393942356109619141 0.8525759577751159668 0.8525759577751159668 0.85146445035934448242 0.85408163070678710938 0.86822837591171264648 0.86239844560623168945 0.83048433065414428711 0.81852287054061889648 0.82712578773498535156 0.85405278205871582031 0.85405278205871582031 0.86512613296508789062 0.87143522500991821289 0.8683223724365234375 0.8555819392204284668 0.8203919529914855957 0.78466469049453735352 0.77858138084411621094 0.77858138084411621094
0.69881993532180786133 0.50279825925827026367 0.44958403706550598145 0.28846153616905212402 0.28846153616905212402 0.28948271274566650391 0.28969451785087585449 0.28745472431182861328 0.2864189445972442627 0.28873461484909057617 0.37535816431045532227 0.44273400306701660156 0.58412975072860717773 0.58412975072860717773 0.83284282684326171875 0.83541601896286010742 0.83405572175979614258 0.84768599271774291992 0.86147648096084594727 0.86381220817565917969 0.88185417652130126953 0.88185417652130126953 0.79666489362716674805 0.68137383460998535156 0.74596565961837768555 0.83490329980850219727 0.86631780862808227539 0.85687732696533203125 0.82901555299758911133 0.82901555299758911133 0.80853569507598876953 0.81382095813751220703 0.84053158760070800781 0.86086136102676391602 0.86948359012603759766 0.86925053596496582031 0.85882896184921264648 0.81502616405487060547 0.81502616405487060547
0.63362878561019897461 0.48432055115699768066 0.53126025199890136719 0.36510068178176879883 0.36510068178176879883 0.26717007160186767578 0.31810548901557922363 0.35527157783508300781 0.48302710056304931641 0.66760563850402832031 0.75080245733261108398 0.84248596429824829102 0.84248596429824829102 0.84938198328018188477 0.85912936925888061523 0.84239464998245239258 0.84180432558059692383 0.86021178960800170898 0.8676859736442565918 0.86931157112121582031 0.87612611055374145508 0.87612611055374145508 0.84935522079467773438 0.69755542278289794922 0.4830201268196105957 0.54287493228912353516 0.73123621940612792969 0.83823531866073608398 0.86587184667587280273 0.86587184667587280273 0.85749506950378417969 0.83856284618377685547 0.82773512601852416992 0.83389669656753540039 0.85126352310180664062 0.87701040506362915039 0.87688678503036499023 0.87866204977035522461 0.87866204977035522461
0.75571274757385253906 0.51569783687591552734 0.61646342277526855469 0.5129566192626953125 0.5129566192626953125 0.40373513102531433105 0.61243861913681030273 0.69148933887481689453 0.78556197881698608398 0.84218513965606689453 0.87171339988708496094 0.87325453758239746094 0.87325453758239746094 0.8272552490234375 0.774417877197265625 0.80057471990585327148 0.82601755857467651367 0.84364259243011474609 0.86330932378768920898 0.8715489506721496582 0.87835925817489624023 0.87835925817489624023 0.86820328235626220703 0.86932671070098876953 0.64907431602478027344 0.24703015387058258057 0.34311378002166748047 0.55531156063079833984 0.7360248565673828125 0.7360248565673828125 0.84673368930816650391 0.85947549343109130859 0.85960710048675537109 0.83090651035308837891 0.79911851882934570312 0.82398134469985961914 0.85781323909759521484 0.85781323909759521484 0.86345756053924560547
0.83633840084075927734 0.73380321264266967773 0.70260006189346313477 0.69193887710571289062 0.69193887710571289062 0.72021341323852539062 0.83420008420944213867 0.83756613731384277344 0.8409417271614074707 0.86464875936508178711 0.86856031417846679688 0.85923910140991210938 0.85923910140991210938 0.82296276092529296875 0.7597172856330871582 0.80460685491561889648 0.81761497259140014648 0.83658969402313232422 0.84764891862869262695 0.86634987592697143555 0.83818358182907104492 0.86145120859146118164 0.86978101730346679688 0.88302195072174072266 0.74973201751708984375 0.27790215611457824707 0.24354363977909088135 0.24501608312129974365 0.3253402411937713623 0.3253402411937713623 0.46695491671562194824 0.62593227624893188477 0.79395532608032226562 0.86363637447357177734 0.8728268742561340332 0.8537158966064453125 0.84063744544982910156 0.84063744544982910156 0.83687776327133178711
0.86008024215698242188 0.84646362066268920898 0.8114649653434753418 0.8114649653434753418 0.79254549741744995117 0.79743748903274536133 0.86546301841735839844 0.86496055126190185547 0.8429705500602722168 0.82975161075592041016 0.78903949260711669922 0.76934844255447387695 0.76934844255447387695 0.77365267276763916016 0.79292345046997070312 0.82319545745849609375 0.84636265039443969727 0.8435338139533996582 0.83678227663040161133 0.83818358182907104492 0.83818358182907104492 0.86655408143997192383 0.87340337038040161133 0.88891828060150146484 0.69913542270660400391 0.31816589832305908203 0.3183701634407043457 0.32687813043594360352 0.26691102981567382812 0.26691102981567382812 0.25645995140075683594 0.3035487830638885498 0.47139796614646911621 0.71645569801330566406 0.85379523038864135742 0.89073634147644042969 0.87110280990600585938 0.87110280990600585938 0.84110456705093383789
0.85196936130523681641 0.87680208683013916016 0.84935206174850463867 0.84935206174850463867 0.80913823843002319336 0.70607602596282958984 0.66910368204116821289 0.75721651315689086914 0.75907504558563232422 0.74666666984558105469 0.71635925769805908203 0.68648308515548706055 0.68648308515548706055 0.7109019160270690918 0.7690684199333190918 0.82361733913421630859 0.84393405914306640625 0.86335062980651855469 0.85181289911270141602 0.85494744777679443359 0.85494744777679443359 0.84898298978805541992 0.86615109443664550781 0.88094592094421386719 0.75252795219421386719 0.65400350093841552734 0.73383086919784545898 0.69848293066024780273 0.69848293066024780273 0.46445059776306152344 0.26857510209083557129 0.24391847848892211914 0.23858192563056945801 0.28616750240325927734 0.47674056887626647949 0.70417124032974243164 0.83039760589599609375 0.83039760589599609375 0.87123668193817138672
0.60436135530471801758 0.75243723392486572266 0.7891877293586730957 0.7891877293586730957 0.46826073527336120605 0.32340425252914428711 0.32736319303512573242 0.41949415206909179688 0.45264416933059692383 0.50072067975997924805 0.54712706804275512695 0.54712706804275512695 0.63331472873687744141 0.71403914690017700195 0.79164177179336547852 0.82399034500122070312 0.820079803466796875 0.86096835136413574219 0.8642184138298034668 0.86070382595062255859 0.86070382595062255859 0.8495000004768371582 0.82511734962463378906 0.875579833984375 0.87503296136856079102 0.86951500177383422852 0.860240936279296875 0.86373102664947509766 0.86373102664947509766 0.79704684019088745117 0.4906832277774810791 0.22320818901062011719 0.22975930571556091309 0.24041159451007843018 0.24850015342235565186 0.31175905466079711914 0.31175905466079711914 0.49747550487518310547 0.73249107599258422852
0.681842803955078125 0.3375759422779083252 0.42865583300590515137 0.42865583300590515137 0.23510570824146270752 0.26092895865440368652 0.28541809320449829102 0.2669804990291595459 0.2734375 0.28954845666885375977 0.27722474932670593262 0.27722474932670593262 0.29291102290153503418 0.34826883673667907715 0.51455736160278320312 0.77702492475509643555 0.84805047512054443359 0.88627552986145019531 0.88891655206680297852 0.88891655206680297852 0.86717629432678222656 0.70333683490753173828 0.40523439645767211914 0.52394777536392211914 0.69732588529586791992 0.82261902093887329102 0.86815118789672851562 0.87072461843490600586 0.87072461843490600586 0.86399763822555541992 0.76685392856597900391 0.45390972495079040527 0.26776611804962158203 0.2640234827995300293 0.25199410319328308105 0.25221872329711914062 0.25221872329711914062 0.24837157130241394043 0.31248173117637634277
0.44311973452568054199 0.1563348919153213501 0.1563348919153213501 0.16758961975574493408 0.16676960885524749756 0.17595992982387542725 0.23601637780666351318 0.28008228540420532227 0.28649386763572692871 0.28061911463737487793 0.26231092214584350586 0.26231092214584350586 0.25231909751892089844 0.25 0.27657005190849304199 0.53806453943252563477 0.86211067438125610352 0.88151401281356811523 0.88791888952255249023 0.88791888952255249023 0.85459768772125244141 0.3774992525577545166 0.25460794568061828613 0.25112396478652954102 0.31877443194389343262 0.56231790781021118164 0.77712088823318481445 0.81414622068405151367 0.81414622068405151367 0.73351800441741943359 0.68497186899185180664 0.64508801698684692383 0.53694301843643188477 0.50138646364212036133 0.54310113191604614258 0.5960209965705871582 0.5960209965705871582 0.52023118734359741211 0.43753135204315185547
0.18394997715950012207 0.16742539405822753906 0.16742539405822753906 0.17283621430397033691 0.17584568262100219727 0.16853933036327362061 0.16725522279739379883 0.19406007230281829834 0.23505154252052307129 0.27058824896812438965 0.27828946709632873535 0.27828946709632873535 0.26614987850189208984 0.25616699457168579102 0.24883504211902618408 0.37529003620147705078 0.69075232744216918945 0.78838783502578735352 0.72098410129547119141 0.72098410129547119141 0.59988301992416381836 0.26387175917625427246 0.25656688213348388672 0.24286152422428131104 0.23821039497852325439 0.25814235210418701172 0.32909563183784484863 0.32909563183784484863 0.43261575698852539062 0.31798750162124633789 0.30460333824157714844 0.40598949790000915527 0.55395680665969848633 0.61572307348251342773 0.4115702509880065918 0.51015305519104003906 0.51015305519104003906 0.66218072175979614258 0.69393593072891235352
0.1693629920482635498 0.1704718470573425293 0.1704718470573425293 0.17863625288009643555 0.17926089465618133545 0.18024262785911560059 0.17696714401245117188 0.16040955483913421631 0.15008103847503662109 0.17528454959392547607 0.17528454959392547607 0.22942884266376495361 0.27068632841110229492 0.26141080260276794434 0.24889449775218963623 0.25644916296005249023 0.27331188321113586426 0.31223881244659423828 0.33829918503761291504 0.33829918503761291504 0.2834224700927734375 0.26387175917625427246 0.26553672552108764648 0.25285285711288452148 0.25184965133666992188 0.24683925509452819824 0.23541855812072753906 0.23541855812072753906 0.23305588960647583008 0.23836301267147064209 0.22533749043941497803 0.19332827627658843994 0.19508670270442962646 0.27027025818824768066 0.29900839924812316895 0.3500385582447052002 0.3500385582447052002 0.35985267162322998047 0.44088831543922424316
