samples/ndvi/map_ndvi_2017-11-11.asc
ncols        322
nrows        306
xllcorner    -53.726171018035
yllcorner    -28.476684338117
cellsize     0.000269494585
NODATA_value  -9999
[rows 51 to 67 of 306, columns 234 to 272 of 322]
0.17252869904041290283 0.18455268442630767822 0.19443877041339874268 0.20325900614261627197 0.19285579025745391846 0.18377602100372314453 0.18525245785713195801 0.1683018803596496582 0.1683018803596496582 0.36096718907356262207 0.66820526123046875 0.43094840645790100098 0.24373924732208251953 0.18967950344085693359 0.18430273234844207764 0.19563600420951843262 0.20322422683238983154 0.20414058864116668701 0.21630573272705078125 0.25165754556655883789 0.29939255118370056152 0.33148097991943359375 0.28022924065589904785 0.31224608421325683594 0.2786152958869934082 0.2786152958869934082 0.24965894222259521484 0.25759577751159667969 0.26762002706527709961 0.27245804667472839355 0.28906804323196411133 0.27961871027946472168 0.29330047965049743652 0.29330047965049743652 0.62410259246826171875 0.33791708946228027344 0.66982823610305786133 0.66890281438827514648 0.27498927712440490723
0.17733898758888244629 0.18922254443168640137 0.19441366195678710938 0.18095639348030090332 0.18250599503517150879 0.1967843472957611084 0.36141303181648254395 0.3960113823413848877 0.3960113823413848877 0.52664321660995483398 0.43895098567008972168 0.24602867662906646729 0.18299365043640136719 0.20904523134231567383 0.2061414569616317749 0.20322422683238983154 0.18639922142028808594 0.19384013116359710693 0.20009393990039825439 0.21455457806587219238 0.2636178135871887207 0.31314286589622497559 0.4364179074764251709 0.6245467066764831543 0.5196049809455871582 0.5196049809455871582 0.34290447831153869629 0.2873681485652923584 0.27563950419425964355 0.28143134713172912598 0.31622603535652160645 0.32548618316650390625 0.48543155193328857422 0.48543155193328857422 0.81325620412826538086 0.51063334941864013672 0.82256412506103515625 0.40413317084312438965 0.22570344805717468262
0.18742857873439788818 0.19184167683124542236 0.18365727365016937256 0.18201038241386413574 0.18691070377826690674 0.42112359404563903809 0.70659422874450683594 0.40316468477249145508 0.40316468477249145508 0.34752407670021057129 0.21134868264198303223 0.18377088010311126709 0.22739432752132415771 0.20837344229221343994 0.18620689213275909424 0.18639922142028808594 0.18886972963809967041 0.18233408033847808838 0.18620014190673828125 0.19522300362586975098 0.20235353708267211914 0.27218773961067199707 0.49117401242256164551 0.59184795618057250977 0.59184795618057250977 0.6598275303840637207 0.6253178715705871582 0.5984827876091003418 0.67573696374893188477 0.61578512191772460938 0.56064838171005249023 0.54284232854843139648 0.74550640583038330078 0.74550640583038330078 0.85401457548141479492 0.71658384799957275391 0.4793459475040435791 0.25128814578056335449 0.21716772019863128662
0.26136362552642822266 0.20252391695976257324 0.18787878751754760742 0.18055017292499542236 0.19890110194683074951 0.52342486381530761719 0.49569267034530639648 0.49569267034530639648 0.20880088210105895996 0.17431597411632537842 0.18936416506767272949 0.20559580624103546143 0.23681542277336120605 0.18712466955184936523 0.19009467959403991699 0.18886972963809967041 0.18586573004722595215 0.18798077106475830078 0.19118376076221466064 0.19448621571063995361 0.20183707773685455322 0.24907748401165008545 0.28727769851684570312 0.26638966798782348633 0.26638966798782348633 0.38651794195175170898 0.581790924072265625 0.40951973199844360352 0.287021636962890625 0.40907049179077148438 0.63584309816360473633 0.55606257915496826172 0.41511386632919311523 0.41511386632919311523 0.38654875755310058594 0.33508542180061340332 0.26239004731178283691 0.2297181934118270874 0.22033898532390594482
0.26704016327857971191 0.29245719313621520996 0.33739286661148071289 0.3666737675666809082 0.34878948330879211426 0.45676735043525695801 0.34106940031051635742 0.34106940031051635742 0.18690745532512664795 0.18890891969203948975 0.20700407028198242188 0.21299280226230621338 0.19394512474536895752 0.1829268336296081543 0.18527203798294067383 0.18586573004722595215 0.1795224994421005249 0.18365406990051269531 0.19129383563995361328 0.18889439105987548828 0.18950851261615753174 0.1802997887134552002 0.18105356395244598389 0.1877651214599609375 0.1877651214599609375 0.21081316471099853516 0.40250530838966369629 0.51504731178283691406 0.31044119596481323242 0.18342734873294830322 0.3983777463436126709 0.45784926414489746094 0.45784926414489746094 0.20929203927516937256 0.18149779736995697021 0.19962686300277709961 0.22421632707118988037 0.23793517053127288818 0.23358778655529022217
0.38389071822166442871 0.49275705218315124512 0.46392208337783813477 0.33708769083023071289 0.37281176447868347168 0.43812060356140136719 0.31536513566970825195 0.31536513566970825195 0.2120653986930847168 0.19782930612564086914 0.21452301740646362305 0.19431714713573455811 0.18396334350109100342 0.18146184086799621582 0.18088269233703613281 0.18088269233703613281 0.18324361741542816162 0.18504673242568969727 0.18465448915958404541 0.19195346534252166748 0.18631863594055175781 0.17664930224418640137 0.17984323203563690186 0.17510595917701721191 0.17510595917701721191 0.17795485258102416992 0.20357142388820648193 0.32309746742248535156 0.61697876453399658203 0.3566315770149230957 0.36601898074150085449 0.57807117700576782227 0.57807117700576782227 0.26831421256065368652 0.21622237563133239746 0.19659367203712463379 0.20480081439018249512 0.20376494526863098145 0.22149343788623809814
0.42531210184097290039 0.26641833782196044922 0.19015482068061828613 0.20701611042022705078 0.18285599350929260254 0.22076214849948883057 0.35111567378044128418 0.35111567378044128418 0.3624248802661895752 0.25635358691215515137 0.20082814991474151611 0.18935561180114746094 0.19106145203113555908 0.1896235048770904541 0.18649668991565704346 0.18649668991565704346 0.18324361741542816162 0.18511670827865600586 0.18158686161041259766 0.1898158639669418335 0.18091619014739990234 0.18027867376804351807 0.17952097952365875244 0.17952097952365875244 0.18463611602783203125 0.18667274713516235352 0.18125714361667633057 0.19584128260612487793 0.37428697943687438965 0.62370371818542480469 0.63031333684921264648 0.69459539651870727539 0.69459539651870727539 0.5045153498649597168 0.43480417132377624512 0.30704656243324279785 0.21327757835388183594 0.19261637330055236816 0.21527214348316192627
0.21105626225471496582 0.17434211075305938721 0.18052203953266143799 0.17970764636993408203 0.18623310327529907227 0.1808576732873916626 0.1808576732873916626 0.19485130906105041504 0.23798191547393798828 0.23994812369346618652 0.16504342854022979736 0.17671908438205718994 0.1827570796012878418 0.18738739192485809326 0.19371244311332702637 0.19371244311332702637 0.19177761673927307129 0.19180218875408172607 0.18901099264621734619 0.18087486922740936279 0.17217741906642913818 0.16927573084831237793 0.17098224163055419922 0.17098224163055419922 0.17564608156681060791 0.18127089738845825195 0.18298447132110595703 0.18278615176677703857 0.20000000298023223877 0.56483173370361328125 0.83543288707733154297 0.77045577764511108398 0.77045577764511108398 0.69705313444137573242 0.7280966639518737793 0.6709524989128112793 0.5174013972282409668 0.3321196436882019043 0.2343117445707321167
0.17819261550903320312 0.17694944143295288086 0.17792984843254089355 0.18041020631790161133 0.17769607901573181152 0.18164910376071929932 0.18164910376071929932 0.18094012141227722168 0.18127147853374481201 0.18467973172664642334 0.19896396994590759277 0.19929718971252441406 0.21283949911594390869 0.20502091944217681885 0.19918422400951385498 0.19918422400951385498 0.194494590163230896 0.19017288088798522949 0.19033232331275939941 0.17044566571712493896 0.17013269662857055664 0.1748279184103012085 0.18028846383094787598 0.18028846383094787598 0.1787885129451751709 0.18104760348796844482 0.18574275076389312744 0.18656015396118164062 0.18650168180465698242 0.54735416173934936523 0.7802346348762512207 0.7802346348762512207 0.78316909074783325195 0.82752096652984619141 0.85776913166046142578 0.87451630830764770508 0.88087165355682373047 0.70778191089630126953 0.40624207258224487305
0.17939840257167816162 0.17833332717418670654 0.17433413863182067871 0.17520858347415924072 0.17595012485980987549 0.17563162744045257568 0.17563162744045257568 0.17518097162246704102 0.17385144531726837158 0.17301107943058013916 0.16755686700344085693 0.16019316017627716064 0.15653602778911590576 0.15593996644020080566 0.15593996644020080566 0.16906192898750305176 0.18363463878631591797 0.19980193674564361572 0.20000000298023223877 0.17891760170459747314 0.17535169422626495361 0.17447656393051147461 0.17491883039474487305 0.17491883039474487305 0.17886009812355041504 0.18225523829460144043 0.18646408617496490479 0.18723800778388977051 0.22000458836555480957 0.64636874198913574219 0.76566237211227416992 0.76566237211227416992 0.78152424097061157227 0.84998661279678344727 0.88229191303253173828 0.88205897808074951172 0.85666823387145996094 0.61525464057922363281 0.35458749532699584961
0.17847383022308349609 0.17403425276279449463 0.1743154674768447876 0.17057366669178009033 0.17362898588180541992 0.17346733808517456055 0.17346733808517456055 0.17492537200450897217 0.17098850011825561523 0.16964980959892272949 0.17142857611179351807 0.17790910601615905762 0.18339100480079650879 0.19030559062957763672 0.19030559062957763672 0.19839204847812652588 0.20731706917285919189 0.17961165308952331543 0.16703350841999053955 0.17333962023258209229 0.16573876142501831055 0.17586912214756011963 0.17721518874168395996 0.17721518874168395996 0.17988729476928710938 0.18471910059452056885 0.18265503644943237305 0.214337959885597229 0.34631711244583129883 0.6548773646354675293 0.6954498291015625 0.6954498291015625 0.75177663564682006836 0.82991045713424682617 0.8853442072868347168 0.88729423284530639648 0.76155829429626464844 0.37514963746070861816 0.20543806254863739014
0.17482808232307434082 0.17263199388980865479 0.17647059261798858643 0.17676767706871032715 0.17591124773025512695 0.17651741206645965576 0.17651741206645965576 0.17552144825458526611 0.1748549342155456543 0.17557846009731292725 0.17224974930286407471 0.17692308127880096436 0.17816683650016784668 0.17627811431884765625 0.17627811431884765625 0.17399699985980987549 0.16928043961524963379 0.18543046712875366211 0.18944232165813446045 0.19448699057102203369 0.19673247635364532471 0.19666966795921325684 0.19666966795921325684 0.19251924753189086914 0.18832771480083465576 0.1871782839298248291 0.18775220215320587158 0.25842133164405822754 0.60383206605911254883 0.73303419351577758789 0.67141705751419067383 0.67141705751419067383 0.71840173006057739258 0.85478550195693969727 0.90670287609100341797 0.85328185558319091797 0.58111941814422607422 0.26779162883758544922 0.22966624796390533447
0.18270693719387054443 0.17549668252468109131 0.17591644823551177979 0.1763029247522354126 0.17740297317504882812 0.17740297317504882812 0.17752183973789215088 0.17749950289726257324 0.17487537860870361328 0.17588539421558380127 0.17758484184741973877 0.17917485535144805908 0.18075683712959289551 0.17866776883602142334 0.17866776883602142334 0.18322104215621948242 0.18525180220603942871 0.18912796676158905029 0.18436510860919952393 0.17277950048446655273 0.18494722247123718262 0.17868189513683319092 0.17868189513683319092 0.18668310344219207764 0.18277983367443084717 0.18820638954639434814 0.18752908706665039062 0.41973572969436645508 0.77357554435729980469 0.83575582504272460938 0.83575582504272460938 0.78015339374542236328 0.77269095182418823242 0.87578755617141723633 0.90122914314270019531 0.68733412027359008789 0.33005195856094360352 0.27158001065254211426 0.23354774713516235352
0.22656641900539398193 0.20118074119091033936 0.17926932871341705322 0.17153434455394744873 0.17116750776767730713 0.17116750776767730713 0.17376387119293212891 0.17556008696556091309 0.17772416770458221436 0.18131868541240692139 0.17886018753051757812 0.17788271605968475342 0.18260869383811950684 0.18260869383811950684 0.18048377335071563721 0.18404509127140045166 0.18815408647060394287 0.18912796676158905029 0.18513323366641998291 0.1915486454963684082 0.18628141283988952637 0.19168591499328613281 0.19168591499328613281 0.18479262292385101318 0.19859485328197479248 0.18880455195903778076 0.22619622945785522461 0.70014905929565429688 0.68706464767456054688 0.59779733419418334961 0.59779733419418334961 0.7276172637939453125 0.79195475578308105469 0.85435479879379272461 0.84040153026580810547 0.49679076671600341797 0.23673869669437408447 0.28508430719375610352 0.25490197539329528809
0.27529022097587585449 0.25313538312911987305 0.21428571641445159912 0.18362012505531311035 0.17531557381153106689 0.17531557381153106689 0.17816436290740966797 0.18142235279083251953 0.18330970406532287598 0.18389208614826202393 0.18701826035976409912 0.18592132627964019775 0.19917957484722137451 0.19917957484722137451 0.22079096734523773193 0.19296702742576599121 0.18893212080001831055 0.18415227532386779785 0.18810068070888519287 0.19360393285751342773 0.19565217196941375732 0.19254353642463684082 0.19254353642463684082 0.19376066327095031738 0.19395102560520172119 0.19540229439735412598 0.245990753173828125 0.49449816346168518066 0.59142345190048217773 0.53703701496124267578 0.53703701496124267578 0.63017582893371582031 0.66079294681549072266 0.76889169216156005859 0.68727272748947143555 0.36121299862861633301 0.20803509652614593506 0.27430987358093261719 0.27430987358093261719
0.28081813454627990723 0.28963246941566467285 0.28836333751678466797 0.25321239233016967773 0.205709114670753479 0.205709114670753479 0.18611052632331848145 0.18052403628826141357 0.18774580955505371094 0.18697829544544219971 0.21196359395980834961 0.30976024270057678223 0.52359294891357421875 0.52359294891357421875 0.46373420953750610352 0.24455206096172332764 0.18212337791919708252 0.18257956206798553467 0.18775807321071624756 0.19015888869762420654 0.18968969583511352539 0.18968969583511352539 0.19209876656532287598 0.19705159962177276611 0.19657282531261444092 0.19949494302272796631 0.29145595431327819824 0.30843061208724975586 0.32295122742652893066 0.44997236132621765137 0.44997236132621765137 0.61045891046524047852 0.5683333277702331543 0.60772103071212768555 0.43362832069396972656 0.26166704297065734863 0.230121612548828125 0.2385956496000289917 0.2385956496000289917
0.2751528620719909668 0.28444936871528625488 0.28117358684539794922 0.26972281932830810547 0.26972281932830810547 0.25151434540748596191 0.20941759645938873291 0.18419864773750305176 0.17946428060531616211 0.2254174351692199707 0.39215686917304992676 0.70832091569900512695 0.73075890541076660156 0.73075890541076660156 0.72849839925765991211 0.43132328987121582031 0.28763440251350402832 0.21567739546298980713 0.19324289262294769287 0.19472458958625793457 0.19836400449275970459 0.19836400449275970459 0.19702233374118804932 0.19940401613712310791 0.19814769923686981201 0.27439531683921813965 0.30955481529235839844 0.267578125 0.27051374316215515137 0.28419989347457885742 0.28419989347457885742 0.36556220054626464844 0.49562171101570129395 0.48136448860168457031 0.28924080729484558105 0.24954128265380859375 0.23970127105712890625 0.23228441178798675537 0.23228441178798675537
