samples/ndvi/map_ndvi_2017-08-07.asc
ncols        322
nrows        306
xllcorner    -53.726171018035
yllcorner    -28.476684338117
cellsize     0.000269494585
NODATA_value  -9999
[rows 102 to 118 of 306, columns 234 to 272 of 322]
0.55972045660018920898 0.56251937150955200195 0.60057717561721801758 0.65177363157272338867 0.74787753820419311523 0.74787753820419311523 0.79029810428619384766 0.56897783279418945312 0.52852016687393188477 0.62672990560531616211 0.60251373052597045898 0.3292999267578125 0.28851965069770812988 0.28851965069770812988 0.32169577479362487793 0.16289480030536651611 0.39755153656005859375 0.4644444584846496582 0.66791605949401855469 0.40458530187606811523 0.28657314181327819824 0.28657314181327819824 0.37833827733993530273 0.41048216819763183594 0.3618106544017791748 0.34356847405433654785 0.25453811883926391602 0.21454545855522155762 0.23124420642852783203 0.32682618498802185059 0.32682618498802185059 0.31524288654327392578 0.36956521868705749512 0.46488523483276367188 0.56221681833267211914 0.50888413190841674805 0.37806540727615356445 0.34513866901397705078 0.34513866901397705078
0.53522473573684692383 0.59184896945953369141 0.61822247505187988281 0.66923689842224121094 0.66923689842224121094 0.74549204111099243164 0.68955224752426147461 0.47133758664131164551 0.53132098913192749023 0.50285136699676513672 0.43231114745140075684 0.36463224887847900391 0.43889740109443664551 0.43889740109443664551 0.42108625173568725586 0.24433405697345733643 0.24869927763938903809 0.34088051319122314453 0.38262698054313659668 0.4362074434757232666 0.33987814188003540039 0.33987814188003540039 0.37812042236328125 0.38253012299537658691 0.34447994828224182129 0.42959511280059814453 0.42414081096649169922 0.36878880858421325684 0.39841687679290771484 0.49319508671760559082 0.49319508671760559082 0.34413644671440124512 0.41427659988403320312 0.49748742580413818359 0.52274143695831298828 0.46493688225746154785 0.39138880372047424316 0.32989063858985900879 0.32989063858985900879
0.57046568393707275391 0.62363481521606445312 0.64819794893264770508 0.70516717433929443359 0.70516717433929443359 0.71980679035186767578 0.45065996050834655762 0.32626324892044067383 0.38345348834991455078 0.27631986141204833984 0.2973950803279876709 0.44807121157646179199 0.52320957183837890625 0.52320957183837890625 0.53794264793395996094 0.36046913266181945801 0.27713719010353088379 0.28593391180038452148 0.2919947504997253418 0.34359961748123168945 0.27039882540702819824 0.27039882540702819824 0.51447367668151855469 0.60424709320068359375 0.17897464334964752197 0.50614035129547119141 0.52610731124877929688 0.65220820903778076172 0.56992483139038085938 0.56992483139038085938 0.4226894378662109375 0.2989183962345123291 0.42773935198783874512 0.45909091830253601074 0.41927853226661682129 0.45280939340591430664 0.54277795553207397461 0.4754810631275177002 0.4754810631275177002
0.60385310649871826172 0.65272629261016845703 0.66692894697189331055 0.74832463264465332031 0.74832463264465332031 0.67965370416641235352 0.42235833406448364258 0.59001040458679199219 0.66980844736099243164 0.5 0.35512965917587280273 0.38633376359939575195 0.38633376359939575195 0.41054230928421020508 0.51673942804336547852 0.42282897233963012695 0.3877550959587097168 0.30141288042068481445 0.58620691299438476562 0.2959524691104888916 0.24803961813449859619 0.24803961813449859619 0.42967742681503295898 0.4464168250560760498 0.26205694675445556641 0.23866347968578338623 0.29729729890823364258 0.61734694242477416992 0.59969848394393920898 0.59969848394393920898 0.4563185572624206543 0.35603961348533630371 0.31312325596809387207 0.38433110713958740234 0.39283153414726257324 0.46553716063499450684 0.52460730075836181641 0.52460730075836181641 0.49548193812370300293
0.62046563625335693359 0.69595956802368164062 0.68068093061447143555 0.73978275060653686523 0.73978275060653686523 0.52360200881958007812 0.41464987397193908691 0.54745531082153320312 0.63469624519348144531 0.35043936967849731445 0.36550307273864746094 0.34446626901626586914 0.34446626901626586914 0.40306463837623596191 0.51762115955352783203 0.42031377553939819336 0.5076923370361328125 0.70683038234710693359 0.47677260637283325195 0.24727430939674377441 0.24727430939674377441 0.21417322754859924316 0.28058999776840209961 0.39303481578826904297 0.14716359972953796387 0.15504978597164154053 0.33780759572982788086 0.31524389982223510742 0.34350576996803283691 0.34350576996803283691 0.4638932347297668457 0.50624245405197143555 0.36040145158767700195 0.22742316126823425293 0.26939842104911804199 0.34668236970901489258 0.33441662788391113281 0.33441662788391113281 0.34028503298759460449
0.68997430801391601562 0.6880353093147277832 0.69591253995895385742 0.64045584201812744141 0.64045584201812744141 0.49764308333396911621 0.48002755641937255859 0.43758574128150939941 0.47068905830383300781 0.42439606785774230957 0.48408710956573486328 0.52152752876281738281 0.52152752876281738281 0.59563690423965454102 0.42609298229217529297 0.3210690617561340332 0.51662611961364746094 0.58088523149490356445 0.41716092824935913086 0.40182054042816162109 0.40182054042816162109 0.26942801475524902344 0.18103744089603424072 0.1835616379976272583 0.31934031844139099121 0.14697143435478210449 0.42724347114562988281 0.41001614928245544434 0.31827348470687866211 0.31827348470687866211 0.40265655517578125 0.51137727499008178711 0.52326059341430664062 0.25638911128044128418 0.36784511804580688477 0.37326458096504211426 0.38565173745155334473 0.38565173745155334473 0.35545721650123596191
0.74055159091949462891 0.73478704690933227539 0.68537461757659912109 0.68537461757659912109 0.50751990079879760742 0.64032536745071411133 0.51530778408050537109 0.44259873032569885254 0.34147334098815917969 0.24959428608417510986 0.28428092598915100098 0.47088521718978881836 0.47088521718978881836 0.47016212344169616699 0.33849129080772399902 0.28261533379554748535 0.32809430360794067383 0.3194707036018371582 0.27539780735969543457 0.42432132363319396973 0.42432132363319396973 0.28148886561393737793 0.34957548975944519043 0.30176565051078796387 0.31934031844139099121 0.31219169497489929199 0.5686448216438293457 0.59140592813491821289 0.59140592813491821289 0.37105962634086608887 0.31826886534690856934 0.36938926577568054199 0.24837502837181091309 0.22033898532390594482 0.47306221723556518555 0.5966898798942565918 0.63695418834686279297 0.63695418834686279297 0.43452143669128417969
0.68998795747756958008 0.77413570880889892578 0.61980062723159790039 0.61980062723159790039 0.47769027948379516602 0.60076922178268432617 0.45205479860305786133 0.34370771050453186035 0.23479491472244262695 0.34948557615280151367 0.37713894248008728027 0.37713894248008728027 0.48684209585189819336 0.45982497930526733398 0.37048378586769104004 0.45745745301246643066 0.3525619208812713623 0.47447445988655090332 0.37012219429016113281 0.5139344334602355957 0.5139344334602355957 0.18409904837608337402 0.2603531181812286377 0.21314553916454315186 0.45648413896560668945 0.72852534055709838867 0.53982299566268920898 0.46507140994071960449 0.46507140994071960449 0.5425007939338684082 0.44266667962074279785 0.39664804935455322266 0.28656420111656188965 0.32326880097389221191 0.47146400809288024902 0.56143528223037719727 0.46997138857841491699 0.46997138857841491699 0.4853420257568359375
0.41471302509307861328 0.58952277898788452148 0.45374450087547302246 0.45374450087547302246 0.50254917144775390625 0.45879024267196655273 0.42512908577919006348 0.23288591206073760986 0.32811388373374938965 0.48391419649124145508 0.3635342717170715332 0.3635342717170715332 0.3540573418140411377 0.33486765623092651367 0.32036775350570678711 0.39590683579444885254 0.38538539409637451172 0.40675365924835205078 0.64734691381454467773 0.59130078554153442383 0.59130078554153442383 0.3754208683967590332 0.26487961411476135254 0.26248398423194885254 0.4748026728630065918 0.65242314338684082031 0.53150606155395507812 0.39315155148506164551 0.39315155148506164551 0.46818181872367858887 0.59236109256744384766 0.5374634861946105957 0.31023719906806945801 0.29092159867286682129 0.4439461827278137207 0.64136558771133422852 0.64136558771133422852 0.5227489471435546875 0.35859417915344238281
0.3559322059154510498 0.43937125802040100098 0.36523762345314025879 0.36523762345314025879 0.38771399855613708496 0.40723082423210144043 0.32798716425895690918 0.33676850795745849609 0.44664633274078369141 0.55909597873687744141 0.42662632465362548828 0.42662632465362548828 0.28868195414543151855 0.32766762375831604004 0.33798140287399291992 0.33966398239135742188 0.35990339517593383789 0.49622800946235656738 0.65511339902877807617 0.65511339902877807617 0.71665352582931518555 0.59237533807754516602 0.38945770263671875 0.31754255294799804688 0.4742737114429473877 0.41131013631820678711 0.34822803735733032227 0.3018372654914855957 0.3018372654914855957 0.42213517427444458008 0.48959398269653320312 0.36229023337364196777 0.13723915815353393555 0.26967471837997436523 0.41265419125556945801 0.73276674747467041016 0.73276674747467041016 0.36051046848297119141 0.24791768193244934082
0.41283124685287475586 0.31622365117073059082 0.31622365117073059082 0.40792217850685119629 0.44200411438941955566 0.43231999874114990234 0.38352271914482116699 0.49906960129737854004 0.40878829360008239746 0.29223024845123291016 0.30676743388175964355 0.30676743388175964355 0.22758284211158752441 0.3542817533016204834 0.42827078700065612793 0.40913921594619750977 0.29882988333702087402 0.40466392040252685547 0.57221055030822753906 0.57221055030822753906 0.72173142433166503906 0.48722177743911743164 0.41590720415115356445 0.3690744936466217041 0.47022587060928344727 0.18987341225147247314 0.33212339878082275391 0.33212339878082275391 0.34378340840339660645 0.33357933163642883301 0.46855852007865905762 0.40745905041694641113 0.38594534993171691895 0.45483529567718505859 0.39623671770095825195 0.35265699028968811035 0.35265699028968811035 0.30021205544471740723 0.23576240241527557373
0.46558704972267150879 0.27517178654670715332 0.27517178654670715332 0.39408865571022033691 0.49563953280448913574 0.45913290977478027344 0.54383355379104614258 0.53645431995391845703 0.37516868114471435547 0.21741914749145507812 0.22884224355220794678 0.22884224355220794678 0.093246422708034515381 0.46764603257179260254 0.46131619811058044434 0.33956184983253479004 0.23005366325378417969 0.39179524779319763184 0.41331434249877929688 0.41331434249877929688 0.62715107202529907227 0.33900582790374755859 0.29113924503326416016 0.39819005131721496582 0.2354933321475982666 0.31085449457168579102 0.54698616266250610352 0.54698616266250610352 0.45401364564895629883 0.2921727299690246582 0.24753148853778839111 0.42243063449859619141 0.51941239833831787109 0.4041157066822052002 0.3296089470386505127 0.33079180121421813965 0.33079180121421813965 0.38273194432258605957 0.48721036314964294434
0.60424029827117919922 0.43759399652481079102 0.43759399652481079102 0.35725191235542297363 0.46413198113441467285 0.44799098372459411621 0.55190837383270263672 0.65427213907241821289 0.46662238240242004395 0.30539610981941223145 0.30539610981941223145 0.34819120168685913086 0.25473228096961975098 0.3246930539608001709 0.36533331871032714844 0.32721936702728271484 0.22136279940605163574 0.41595253348350524902 0.25224962830543518066 0.25224962830543518066 0.34681183099746704102 0.28433856368064880371 0.36191424727439880371 0.31906461715698242188 0.23503267765045166016 0.31085449457168579102 0.52577316761016845703 0.52577316761016845703 0.49327495694160461426 0.38713744282722473145 0.35632911324501037598 0.40129032731056213379 0.38654148578643798828 0.38456752896308898926 0.40430799126625061035 0.40430799126625061035 0.43280130624771118164 0.36583703756332397461 0.62755304574966430664
0.59749305248260498047 0.56861555576324462891 0.56861555576324462891 0.60030221939086914062 0.46113073825836181641 0.48342058062553405762 0.52922588586807250977 0.43527737259864807129 0.33538672327995300293 0.37442621588706970215 0.37442621588706970215 0.50981068611145019531 0.46907573938369750977 0.29647910594940185547 0.29335862398147583008 0.3546511530876159668 0.31964057683944702148 0.39297387003898620605 0.39297387003898620605 0.37211093306541442871 0.35950562357902526855 0.42013627290725708008 0.44523981213569641113 0.3958809971809387207 0.33805161714553833008 0.41681078076362609863 0.59538030624389648438 0.59538030624389648438 0.51013511419296264648 0.47407963871955871582 0.44413495063781738281 0.4656696021556854248 0.47112038731575012207 0.3333333432674407959 0.21348313987255096436 0.21348313987255096436 0.42901715636253356934 0.44023904204368591309 0.60827863216400146484
0.67353552579879760742 0.67353552579879760742 0.69797205924987792969 0.67116159200668334961 0.60862958431243896484 0.60657155513763427734 0.4540901482105255127 0.29066857695579528809 0.26066046953201293945 0.47822931408882141113 0.47822931408882141113 0.59407663345336914062 0.55612808465957641602 0.43837010860443115234 0.32870048284530639648 0.42097488045692443848 0.27416321635246276855 0.25941422581672668457 0.25941422581672668457 0.3208388984203338623 0.51766246557235717773 0.57882350683212280273 0.4362366795539855957 0.49731293320655822754 0.4140625 0.44808742403984069824 0.51823580265045166016 0.51823580265045166016 0.4389705955982208252 0.39710885286331176758 0.49123945832252502441 0.50284755229949951172 0.39680284261703491211 0.36031240224838256836 0.30237740278244018555 0.30237740278244018555 0.3126189112663269043 0.50054925680160522461 0.35184299945831298828
0.78642576932907104492 0.78642576932907104492 0.7236741185188293457 0.68727141618728637695 0.66553854942321777344 0.74890512228012084961 0.7298266291618347168 0.55843245983123779297 0.48932743072509765625 0.47685682773590087891 0.47685682773590087891 0.39991676807403564453 0.54636782407760620117 0.48369807004928588867 0.35721328854560852051 0.54251319169998168945 0.27568572759628295898 0.31218698620796203613 0.31218698620796203613 0.39643764495849609375 0.54455447196960449219 0.51014041900634765625 0.45904624462127685547 0.33791917562484741211 0.46300974488258361816 0.38213479518890380859 0.63745319843292236328 0.53629976511001586914 0.44641479849815368652 0.3475462496280670166 0.36082473397254943848 0.42464813590049743652 0.38960060477256774902 0.42322358489036560059 0.46206897497177124023 0.46206897497177124023 0.55163043737411499023 0.5811481475830078125 0.33707866072654724121
0.77092510461807250977 0.77092510461807250977 0.74049055576324462891 0.7170779109001159668 0.69970780611038208008 0.75376754999160766602 0.74055743217468261719 0.71876633167266845703 0.67930203676223754883 0.67930203676223754883 0.56531202793121337891 0.43015432357788085938 0.50995868444442749023 0.42117464542388916016 0.39958733320236206055 0.45323741436004638672 0.4111169278621673584 0.47717571258544921875 0.47717571258544921875 0.33537518978118896484 0.4386355280876159668 0.41015625 0.38653367757797241211 0.40984940528869628906 0.50098490715026855469 0.63745319843292236328 0.57052350044250488281 0.37876042723655700684 0.34880545735359191895 0.32175076007843017578 0.3778883814811706543 0.42427423596382141113 0.34072658419609069824 0.37776243686676025391 0.37776243686676025391 0.4856198430061340332 0.59956789016723632812 0.49292787909507751465 0.38170120120048522949
