samples/ndvi/map_ndvi_2017-06-20.asc
ncols        322
nrows        306
xllcorner    -53.726171018035
yllcorner    -28.476684338117
cellsize     0.000269494585
NODATA_value  -9999
[rows 102 to 118 of 306, columns 39 to 77 of 322]
0.83100813627243041992 0.81020689010620117188 0.71598809957504272461 0.69046753644943237305 0.73101949691772460938 0.73778557777404785156 0.7702071070671081543 0.7702071070671081543 0.78232616186141967773 0.80672526359558105469 0.8364537358283996582 0.8397267460823059082 0.82769727706909179688 0.83861833810806274414 0.85523211956024169922 0.85523211956024169922 0.86826348304748535156 0.87305510044097900391 0.87270504236221313477 0.85877358913421630859 0.82987427711486816406 0.85460525751113891602 0.88036906719207763672 0.57324004173278808594 0.57324004173278808594 0.28654971718788146973 0.27228069305419921875 0.26147705316543579102 0.25818181037902832031 0.25915965437889099121 0.23384964466094970703 0.26137566566467285156 0.26137566566467285156 0.24690116941928863525 0.25416520237922668457 0.25974026322364807129 0.24959480762481689453 0.25080907344818115234 0.2588469088077545166
0.84485930204391479492 0.8303597569465637207 0.71847712993621826172 0.73396825790405273438 0.74932616949081420898 0.76930594444274902344 0.75717586278915405273 0.75717586278915405273 0.78080457448959350586 0.79882752895355224609 0.82164156436920166016 0.83795541524887084961 0.83342200517654418945 0.8249556422233581543 0.85732811689376831055 0.85732811689376831055 0.8728606104850769043 0.86980748176574707031 0.8709195256233215332 0.85410177707672119141 0.79831933975219726562 0.86151528358459472656 0.79218393564224243164 0.3725490272045135498 0.3725490272045135498 0.25512528419494628906 0.26655349135398864746 0.26205998659133911133 0.25786572694778442383 0.25620916485786437988 0.25801229476928710938 0.26322975754737854004 0.26322975754737854004 0.25958600640296936035 0.25409549474716186523 0.25247344374656677246 0.25482314825057983398 0.25979217886924743652 0.28842276334762573242
0.85975611209869384766 0.84666174650192260742 0.70804822444915771484 0.75193321704864501953 0.77335858345031738281 0.79021406173706054688 0.77951282262802124023 0.77951282262802124023 0.80292862653732299805 0.80776226520538330078 0.80974209308624267578 0.84134489297866821289 0.8376935124397277832 0.81903642416000366211 0.85319089889526367188 0.85319089889526367188 0.86334747076034545898 0.86777722835540771484 0.86764323711395263672 0.84960776567459106445 0.8288478851318359375 0.87823438644409179688 0.57076781988143920898 0.57076781988143920898 0.27914354205131530762 0.27104794979095458984 0.26280549168586730957 0.25864908099174499512 0.25471395254135131836 0.25410374999046325684 0.25826928019523620605 0.25294524431228637695 0.25294524431228637695 0.25798526406288146973 0.25521886348724365234 0.24352693557739257812 0.25541126728057861328 0.27272728085517883301 0.40125885605812072754
0.84615385532379150391 0.78963416814804077148 0.72853904962539672852 0.77365165948867797852 0.74807196855545043945 0.77502381801605224609 0.77502381801605224609 0.78168129920959472656 0.80006229877471923828 0.81785714626312255859 0.83397895097732543945 0.83391749858856201172 0.82177102565765380859 0.8356781005859375 0.83426719903945922852 0.83426719903945922852 0.83826547861099243164 0.85227596759796142578 0.85467708110809326172 0.83179295063018798828 0.83922588825225830078 0.87535208463668823242 0.58784192800521850586 0.58784192800521850586 0.31124106049537658691 0.26783311367034912109 0.25662481784820556641 0.2526423335075378418 0.247518196702003479 0.24485126137733459473 0.24228496849536895752 0.24228496849536895752 0.25148653984069824219 0.25223213434219360352 0.25327509641647338867 0.24506828188896179199 0.25103563070297241211 0.30353513360023498535 0.53568685054779052734
0.78353661298751831055 0.75270605087280273438 0.81812459230422973633 0.79993861913681030273 0.72423207759857177734 0.74423336982727050781 0.74423336982727050781 0.77821654081344604492 0.78981721401214599609 0.82058203220367431641 0.83942413330078125 0.84413540363311767578 0.83700555562973022461 0.83146065473556518555 0.81856286525726318359 0.81856286525726318359 0.83417236804962158203 0.84232616424560546875 0.84885054826736450195 0.81082886457443237305 0.85058367252349853516 0.84678149223327636719 0.56923079490661621094 0.56923079490661621094 0.29852744936943054199 0.26459279656410217285 0.25008767843246459961 0.24810996651649475098 0.24917162954807281494 0.24408383667469024658 0.24559654295444488525 0.24559654295444488525 0.24476021528244018555 0.2444807887077331543 0.24366956949234008789 0.23548130691051483154 0.22940655052661895752 0.42697113752365112305 0.61782944202423095703
0.68727791309356689453 0.71333611011505126953 0.83756345510482788086 0.82835382223129272461 0.75331294536590576172 0.75872796773910522461 0.75872796773910522461 0.7796382904052734375 0.75938338041305541992 0.7944228053092956543 0.81199157238006591797 0.85566478967666625977 0.85358411073684692383 0.83146065473556518555 0.8241519927978515625 0.83352601528167724609 0.82575309276580810547 0.78530353307723999023 0.81146025657653808594 0.76700383424758911133 0.82532298564910888672 0.81075268983840942383 0.59604692459106445312 0.59604692459106445312 0.27431058883666992188 0.25733137130737304688 0.25511303544044494629 0.25830128788948059082 0.24950364232063293457 0.24726775288581848145 0.24225352704524993896 0.24225352704524993896 0.25738102197647094727 0.38402512669563293457 0.41733941435813903809 0.43648207187652587891 0.45778411626815795898 0.60376620292663574219 0.6154816746711730957
0.65661579370498657227 0.70140844583511352539 0.81471985578536987305 0.8555691838264465332 0.82081109285354614258 0.79155313968658447266 0.79155313968658447266 0.79243451356887817383 0.78191316127777099609 0.77586776018142700195 0.79359430074691772461 0.84352213144302368164 0.8508052825927734375 0.8241519927978515625 0.8361714482307434082 0.8163636326789855957 0.77036309242248535156 0.75416386127471923828 0.76310801506042480469 0.72880190610885620117 0.74403470754623413086 0.83816915750503540039 0.83816915750503540039 0.6235370635986328125 0.26797387003898620605 0.25644916296005249023 0.25037038326263427734 0.24540778994560241699 0.24604633450508117676 0.24465188384056091309 0.27454110980033874512 0.27454110980033874512 0.50645053386688232422 0.77051031589508056641 0.77791488170623779297 0.78654122352600097656 0.79600137472152709961 0.80943846702575683594 0.73776221275329589844
0.63771188259124755859 0.68645709753036499023 0.78302985429763793945 0.79593497514724731445 0.81633418798446655273 0.81633418798446655273 0.83350461721420288086 0.8307597041130065918 0.80489295721054077148 0.78476190567016601562 0.79188144207000732422 0.80539202690124511719 0.83454990386962890625 0.8361714482307434082 0.7633711695671081543 0.7294915318489074707 0.73786729574203491211 0.7322540283203125 0.74298375844955444336 0.73360657691955566406 0.74537038803100585938 0.87292820215225219727 0.87292820215225219727 0.54538577795028686523 0.28560125827789306641 0.26838514208793640137 0.2561728358268737793 0.24116504192352294922 0.22804123163223266602 0.35112935304641723633 0.58177745342254638672 0.58177745342254638672 0.8519083857536315918 0.82431912422180175781 0.58837771415710449219 0.50552338361740112305 0.49154520034790039062 0.73333334922790527344 0.81516939401626586914
0.78244602680206298828 0.75358361005783081055 0.79656356573104858398 0.77383905649185180664 0.78434908390045166016 0.78434908390045166016 0.81529784202575683594 0.85887932777404785156 0.85684430599212646484 0.8323809504508972168 0.8331381678581237793 0.83600711822509765625 0.83565187454223632812 0.7633711695671081543 0.65696024894714355469 0.69230771064758300781 0.73063743114471435547 0.7044506072998046875 0.70395177602767944336 0.66333907842636108398 0.76803773641586303711 0.86009538173675537109 0.86009538173675537109 0.65519547462463378906 0.4497890174388885498 0.31614539027214050293 0.3414535224437713623 0.43545877933502197266 0.45151033997535705566 0.70867049694061279297 0.70867049694061279297 0.84579902887344360352 0.86651498079299926758 0.47204709053039550781 0.22534014284610748291 0.2231194227933883667 0.25127401947975158691 0.30430838465690612793 0.41545253992080688477
0.76467281579971313477 0.80652678012847900391 0.79785507917404174805 0.75200581550598144531 0.76609814167022705078 0.76609814167022705078 0.79322266578674316406 0.84836214780807495117 0.86235094070434570312 0.85382342338562011719 0.84354835748672485352 0.7935034632682800293 0.83162015676498413086 0.83162015676498413086 0.73153454065322875977 0.74054437875747680664 0.70579916238784790039 0.71748435497283935547 0.72491180896759033203 0.69692480564117431641 0.79016876220703125 0.80840665102005004883 0.80840665102005004883 0.82615387439727783203 0.78250002861022949219 0.80516350269317626953 0.8232586979866027832 0.78900563716888427734 0.83357769250869750977 0.86133557558059692383 0.86133557558059692383 0.88198971748352050781 0.74787718057632446289 0.36861050128936767578 0.32850241661071777344 0.24514262378215789795 0.23887240886688232422 0.21381235122680664062 0.21381235122680664062
0.81005024909973144531 0.83439493179321289062 0.82397574186325073242 0.74046975374221801758 0.78700208663940429688 0.78700208663940429688 0.8404337763786315918 0.82839316129684448242 0.84638857841491699219 0.80400508642196655273 0.7723051905632019043 0.84104049205780029297 0.81704545021057128906 0.81704545021057128906 0.75667089223861694336 0.74480086565017700195 0.7216828465461730957 0.74992680549621582031 0.74734491109848022461 0.74132061004638671875 0.80006557703018188477 0.74908292293548583984 0.74908292293548583984 0.70384740829467773438 0.71912348270416259766 0.82418811321258544922 0.83307689428329467773 0.77894735336303710938 0.76726585626602172852 0.86932033300399780273 0.86932033300399780273 0.78957283496856689453 0.55792278051376342773 0.4632511436939239502 0.48513215780258178711 0.45947825908660888672 0.31358215212821960449 0.23682199418544769287 0.23682199418544769287
0.83143937587738037109 0.84379994869232177734 0.85727232694625854492 0.80027359724044799805 0.78824543952941894531 0.78824543952941894531 0.78500217199325561523 0.76252824068069458008 0.77757352590560913086 0.80976647138595581055 0.81450575590133666992 0.80517023801803588867 0.77870696783065795898 0.77870696783065795898 0.75667089223861694336 0.56920486688613891602 0.68870729207992553711 0.61191809177398681641 0.69747292995452880859 0.7694848179817199707 0.78869777917861938477 0.78869777917861938477 0.70702701807022094727 0.62771362066268920898 0.58800524473190307617 0.60781627893447875977 0.60972446203231811523 0.52501440048217773438 0.48788115382194519043 0.63831615447998046875 0.63831615447998046875 0.56586486101150512695 0.52300649881362915039 0.52106052637100219727 0.51021277904510498047 0.60195851325988769531 0.51612901687622070312 0.37228715419769287109 0.37228715419769287109
0.83223372697830200195 0.84458708763122558594 0.86292183399200439453 0.79273653030395507812 0.79273653030395507812 0.70886725187301635742 0.69038629531860351562 0.73464220762252807617 0.76767981052398681641 0.76028621196746826172 0.76181924343109130859 0.73640555143356323242 0.54595047235488891602 0.54595047235488891602 0.3339882194995880127 0.53806585073471069336 0.76259309053421020508 0.68675541877746582031 0.67893218994140625 0.78884351253509521484 0.84499460458755493164 0.84499460458755493164 0.84446877241134643555 0.77839475870132446289 0.61693269014358520508 0.52859133481979370117 0.48867470026016235352 0.49017727375030517578 0.49905303120613098145 0.49905303120613098145 0.51021426916122436523 0.52369260787963867188 0.52194887399673461914 0.51127988100051879883 0.50347077846527099609 0.561065673828125 0.62910050153732299805 0.49599084258079528809 0.49599084258079528809
0.8274790644645690918 0.82992357015609741211 0.834476470947265625 0.74389177560806274414 0.74389177560806274414 0.69941109418869018555 0.69292449951171875 0.71232515573501586914 0.76586359739303588867 0.7949886322021484375 0.79610896110534667969 0.70412337779998779297 0.70412337779998779297 0.49497956037521362305 0.44999998807907104492 0.69679301977157592773 0.77284896373748779297 0.75111377239227294922 0.67614483833312988281 0.76319837570190429688 0.84549355506896972656 0.84549355506896972656 0.82664448022842407227 0.83111113309860229492 0.82462865114212036133 0.75156903266906738281 0.58783954381942749023 0.49011495709419250488 0.51576000452041625977 0.51576000452041625977 0.5228545069694519043 0.53219699859619140625 0.53079175949096679688 0.51416224241256713867 0.50477886199951171875 0.51030808687210083008 0.66903072595596313477 0.53846156597137451172 0.53846156597137451172
0.84117501974105834961 0.84332460165023803711 0.84226852655410766602 0.80439025163650512695 0.80439025163650512695 0.78506463766098022461 0.762775421142578125 0.74571430683135986328 0.73326700925827026367 0.72550028562545776367 0.77156627178192138672 0.77634406089782714844 0.77634406089782714844 0.75701862573623657227 0.71201413869857788086 0.76762038469314575195 0.75182479619979858398 0.71759009361267089844 0.70465308427810668945 0.78667318820953369141 0.84821230173110961914 0.84821230173110961914 0.84045976400375366211 0.83215415477752685547 0.83139264583587646484 0.78765881061553955078 0.53671532869338989258 0.47761881351470947266 0.51790195703506469727 0.51790195703506469727 0.52250117063522338867 0.53418087959289550781 0.53222304582595825195 0.52170783281326293945 0.51375085115432739258 0.50567001104354858398 0.58482611179351806641 0.58482611179351806641 0.55397146940231323242
0.8407122492790222168 0.84347826242446899414 0.83809310197830200195 0.84782135486602783203 0.84782135486602783203 0.83407872915267944336 0.81843191385269165039 0.79927831888198852539 0.76364892721176147461 0.7100213170051574707 0.73417133092880249023 0.77529138326644897461 0.77529138326644897461 0.76980704069137573242 0.75664788484573364258 0.79410851001739501953 0.80408406257629394531 0.79746836423873901367 0.65300691127777099609 0.63859891891479492188 0.63859891891479492188 0.74347120523452758789 0.83763837814331054688 0.85078978538513183594 0.8228346705436706543 0.66122174263000488281 0.49209347367286682129 0.49834984540939331055 0.51537746191024780273 0.51537746191024780273 0.51983100175857543945 0.5151659846305847168 0.51590800285339355469 0.50378513336181640625 0.50273096561431884766 0.50249433517456054688 0.57805693149566650391 0.57805693149566650391 0.55107384920120239258
0.83994054794311523438 0.84228891134262084961 0.83266401290893554688 0.83266401290893554688 0.8255761265754699707 0.8188489079475402832 0.81581395864486694336 0.81963104009628295898 0.80261647701263427734 0.78128576278686523438 0.76013195514678955078 0.73974329233169555664 0.73974329233169555664 0.77294087409973144531 0.8036015629768371582 0.84547656774520874023 0.85056966543197631836 0.77629554271697998047 0.57131999731063842773 0.50263160467147827148 0.50263160467147827148 0.5630671381950378418 0.65204679965972900391 0.71917486190795898438 0.79188543558120727539 0.58203566074371337891 0.47964149713516235352 0.48360228538513183594 0.48856768012046813965 0.48856768012046813965 0.47720834612846374512 0.50615459680557250977 0.50603622198104858398 0.49452191591262817383 0.49581485986709594727 0.49128109216690063477 0.53653937578201293945 0.53653937578201293945 0.56144696474075317383
