samples/ndvi/map_ndvi_2017-09-24.asc
ncols        322
nrows        306
xllcorner    -53.726171018035
yllcorner    -28.476684338117
cellsize     0.000269494585
NODATA_value  -9999
[rows 136 to 152 of 306, columns 39 to 77 of 322]
0.2937685549259185791 0.29481923580169677734 0.29659000039100646973 0.28916156291961669922 0.29256594181060791016 0.29784736037254333496 0.30098560452461242676 0.29700073599815368652 0.29700073599815368652 0.29420289397239685059 0.29764917492866516113 0.29853415489196777344 0.29944288730621337891 0.30305179953575134277 0.30065360665321350098 0.29875665903091430664 0.29875665903091430664 0.29739129543304443359 0.29638722538948059082 0.2886562049388885498 0.29424083232879638672 0.33884298801422119141 0.43138542771339416504 0.51134598255157470703 0.51134598255157470703 0.50302660465240478516 0.42335087060928344727 0.35194805264472961426 0.32193160057067871094 0.29411765933036804199 0.28742322325706481934 0.29467681050300598145 0.30244207382202148438 0.30244207382202148438 0.33856841921806335449 0.52948719263076782227 0.77846342325210571289 0.81034481525421142578 0.65819722414016723633
0.29281371831893920898 0.29347825050354003906 0.29384255409240722656 0.29265356063842773438 0.29579699039459228516 0.29729729890823364258 0.30014750361442565918 0.30014750361442565918 0.29832237958908081055 0.29894658923149108887 0.30057388544082641602 0.30108302831649780273 0.30211818218231201172 0.30515387654304504395 0.30051058530807495117 0.29924377799034118652 0.29924377799034118652 0.29871976375579833984 0.29845505952835083008 0.29898351430892944336 0.29909783601760864258 0.29912739992141723633 0.31158122420310974121 0.37110877037048339844 0.37110877037048339844 0.47913187742233276367 0.54227590560913085938 0.49513912200927734375 0.43684992194175720215 0.3375295102596282959 0.32095491886138916016 0.29972565174102783203 0.29912465810775756836 0.29912465810775756836 0.29746305942535400391 0.3337192535400390625 0.46831622719764709473 0.60909688472747802734 0.47687774896621704102
0.2975438535213470459 0.29390934109687805176 0.29235497117042541504 0.29304897785186767578 0.29696503281593322754 0.29955291748046875 0.30155292153358459473 0.30155292153358459473 0.30003646016120910645 0.3020871579647064209 0.30379745364189147949 0.30330330133438110352 0.30480879545211791992 0.29970759153366088867 0.3030630648136138916 0.30128204822540283203 0.30128204822540283203 0.2959435582160949707 0.29845505952835083008 0.30031612515449523926 0.30346518754959106445 0.30081880092620849609 0.29974442720413208008 0.28947368264198303223 0.28947368264198303223 0.30261248350143432617 0.34486487507820129395 0.4351724088191986084 0.54015636444091796875 0.50188392400741577148 0.39379844069480895996 0.33059701323509216309 0.33059701323509216309 0.31773880124092102051 0.30806258320808410645 0.31014660000801086426 0.30864197015762329102 0.33256015181541442871 0.31879657506942749023
0.2949790656566619873 0.29731613397598266602 0.29523810744285583496 0.29738178849220275879 0.29600596427917480469 0.30029585957527160645 0.30011072754859924316 0.30011072754859924316 0.3002980649471282959 0.30438065528869628906 0.30345612764358520508 0.31245282292366027832 0.33231472969055175781 0.3012504875659942627 0.30282738804817199707 0.30282738804817199707 0.30618077516555786133 0.30545711517333984375 0.30304089188575744629 0.30535152554512023926 0.30519032478332519531 0.29869210720062255859 0.29411765933036804199 0.29463309049606323242 0.29463309049606323242 0.29454544186592102051 0.2912692725658416748 0.30659669637680053711 0.39598393440246582031 0.48573791980743408203 0.52265626192092895508 0.47579178214073181152 0.47579178214073181152 0.39521801471710205078 0.33425128459930419922 0.32469215989112854004 0.31404960155487060547 0.30271631479263305664 0.29744574427604675293
0.30169972777366638184 0.30046114325523376465 0.29886791110038757324 0.30174756050109863281 0.30269655585289001465 0.30464583635330200195 0.30394786596298217773 0.30394786596298217773 0.3059984743595123291 0.30454546213150024414 0.30531996488571166992 0.34689179062843322754 0.43949982523918151855 0.41527003049850463867 0.3477109372615814209 0.3477109372615814209 0.30795583128929138184 0.30434781312942504883 0.30285713076591491699 0.30169242620468139648 0.30642858147621154785 0.30092924833297729492 0.29475587606430053711 0.29659172892570495605 0.29659172892570495605 0.29518949985504150391 0.29381442070007324219 0.29193007946014404297 0.30257248878479003906 0.33602875471115112305 0.37221267819404602051 0.45620024204254150391 0.45620024204254150391 0.49521204829216003418 0.42886596918106079102 0.35978296399116516113 0.33443054556846618652 0.32383018732070922852 0.3082052767276763916
0.29922372102737426758 0.30269300937652587891 0.3042157292366027832 0.30591461062431335449 0.30631333589553833008 0.30733230710029602051 0.3083820641040802002 0.3083820641040802002 0.30581039190292358398 0.30890861153602600098 0.31467413902282714844 0.36384096741676330566 0.39010283350944519043 0.51663976907730102539 0.60435080528259277344 0.60435080528259277344 0.46234154701232910156 0.33306992053985595703 0.29812476038932800293 0.35218510031700134277 0.30702742934226989746 0.29686909914016723633 0.29673591256141662598 0.29673591256141662598 0.29822012782096862793 0.29710143804550170898 0.29922708868980407715 0.2972367405891418457 0.3064391016960144043 0.32395604252815246582 0.3243243098258972168 0.33219030499458312988 0.33219030499458312988 0.38859254121780395508 0.44887217879295349121 0.49560323357582092285 0.47646856307983398438 0.40181058645248413086 0.34130147099494934082
0.30360329151153564453 0.30387541651725769043 0.30872741341590881348 0.31876707077026367188 0.31872355937957763672 0.30883502960205078125 0.30883502960205078125 0.31141045689582824707 0.31242555379867553711 0.31309902667999267578 0.31600326299667358398 0.3715693056583404541 0.37334138154983520508 0.64102566242218017578 0.79182153940200805664 0.79182153940200805664 0.74342298507690429688 0.63146346807479858398 0.46813639998435974121 0.61162483692169189453 0.43704774975776672363 0.3226909935474395752 0.29623943567276000977 0.29623943567276000977 0.29806259274482727051 0.30210602283477783203 0.29768785834312438965 0.29693838953971862793 0.29721593856811523438 0.31479966640472412109 0.31959667801856994629 0.31959667801856994629 0.31031507253646850586 0.30530786514282226562 0.31091740727424621582 0.38485437631607055664 0.48347258567810058594 0.52390569448471069336 0.4392338097095489502
0.30422124266624450684 0.30712166428565979004 0.31718748807907104492 0.40257713198661804199 0.51724135875701904297 0.35259258747100830078 0.35259258747100830078 0.31209149956703186035 0.31951928138732910156 0.31524008512496948242 0.32311517000198364258 0.37224817276000976562 0.39693683385848999023 0.75296580791473388672 0.75296580791473388672 0.81828874349594116211 0.83112859725952148438 0.81207215785980224609 0.74822145700454711914 0.79826086759567260742 0.71971493959426879883 0.59394133090972900391 0.44959676265716552734 0.44959676265716552734 0.34287813305854797363 0.31000751256942749023 0.30500757694244384766 0.30220395326614379883 0.30206379294395446777 0.30875575542449951172 0.32693111896514892578 0.32693111896514892578 0.3151041567325592041 0.30915224552154541016 0.31040269136428833008 0.30801686644554138184 0.34390652179718017578 0.42319747805595397949 0.49875044822692871094
0.30490565299987792969 0.31086438894271850586 0.3305613398551940918 0.49336755275726318359 0.73572593927383422852 0.58524751663208007812 0.58524751663208007812 0.36791700124740600586 0.33392071723937988281 0.33980581164360046387 0.36003205180168151855 0.39215049147605895996 0.45037180185317993164 0.78282999992370605469 0.78282999992370605469 0.82284665107727050781 0.83031350374221801758 0.83169704675674438477 0.81525623798370361328 0.79826086759567260742 0.81523025035858154297 0.80991494655609130859 0.75134170055389404297 0.75134170055389404297 0.61555916070938110352 0.4499645233154296875 0.34322819113731384277 0.29908674955368041992 0.29795297980308532715 0.30309900641441345215 0.30835029482841491699 0.30835029482841491699 0.3209342658519744873 0.30890497565269470215 0.30759546160697937012 0.30634391307830810547 0.30281394720077514648 0.3005008399486541748 0.31785428524017333984
0.29996025562286376953 0.30818143486976623535 0.4219188988208770752 0.59001916646957397461 0.74831140041351318359 0.73350256681442260742 0.73350256681442260742 0.60668027400970458984 0.51713144779205322266 0.60030627250671386719 0.56328046321868896484 0.42947500944137573242 0.51412427425384521484 0.79487180709838867188 0.79487180709838867188 0.8272698521614074707 0.81782311201095581055 0.81440621614456176758 0.81227672100067138672 0.81915527582168579102 0.82525902986526489258 0.83009439706802368164 0.83009439706802368164 0.82313305139541625977 0.81395345926284790039 0.73747014999389648438 0.63734614849090576172 0.49505603313446044922 0.37407276034355163574 0.31088665127754211426 0.29964184761047363281 0.29964184761047363281 0.30676949024200439453 0.30341881513595581055 0.30391752719879150391 0.30517598986625671387 0.3028666377067565918 0.29649484157562255859 0.30263158679008483887
0.30149501562118530273 0.32167831063270568848 0.52878290414810180664 0.78813272714614868164 0.78691452741622924805 0.78691452741622924805 0.78667563199996948242 0.79599159955978393555 0.81676411628723144531 0.84610348939895629883 0.72166764736175537109 0.45632332563400268555 0.50105887651443481445 0.81371188163757324219 0.81371188163757324219 0.84246152639389038086 0.82429784536361694336 0.8083998560905456543 0.80194044113159179688 0.81604939699172973633 0.82560515403747558594 0.83451402187347412109 0.83451402187347412109 0.82524842023849487305 0.82993590831756591797 0.82722949981689453125 0.82235747575759887695 0.75044775009155273438 0.64520049095153808594 0.52523362636566162109 0.39513242244720458984 0.39513242244720458984 0.46260997653007507324 0.42343750596046447754 0.30896726250648498535 0.30993658304214477539 0.30827704071998596191 0.29804083704948425293 0.30120483040809631348
0.29969814419746398926 0.32204899191856384277 0.42869526147842407227 0.78305518627166748047 0.79941952228546142578 0.79941952228546142578 0.80019783973693847656 0.83920454978942871094 0.87058186531066894531 0.85616624355316162109 0.80150961875915527344 0.46166288852691650391 0.44293579459190368652 0.78892987966537475586 0.78892987966537475586 0.84742647409439086914 0.83469575643539428711 0.83653843402862548828 0.82168054580688476562 0.81976926326751708984 0.81284284591674804688 0.82345902919769287109 0.82345902919769287109 0.82997632026672363281 0.82673859596252441406 0.82050538063049316406 0.81449276208877563477 0.80099505186080932617 0.80510175228118896484 0.78609031438827514648 0.78609031438827514648 0.73085588216781616211 0.73074698448181152344 0.64633774757385253906 0.34687110781669616699 0.30598291754722595215 0.29330453276634216309 0.29596602916717529297 0.31165540218353271484
0.31489741802215576172 0.32024976611137390137 0.36842104792594909668 0.60336261987686157227 0.73637700080871582031 0.73637700080871582031 0.80638223886489868164 0.85185188055038452148 0.87163561582565307617 0.85528546571731567383 0.79533755779266357422 0.53129547834396362305 0.41026523709297180176 0.41026523709297180176 0.56051218509674072266 0.74514037370681762695 0.82989215850830078125 0.84231019020080566406 0.82931470870971679688 0.81992948055267333984 0.82020390033721923828 0.8187192082405090332 0.8187192082405090332 0.82358640432357788086 0.82969826459884643555 0.8261649012565612793 0.82239854335784912109 0.81242156028747558594 0.82288444042205810547 0.82627815008163452148 0.82627815008163452148 0.82505518198013305664 0.81400376558303833008 0.72439801692962646484 0.49779412150382995605 0.45201355218887329102 0.40476191043853759766 0.32811856269836425781 0.32811856269836425781
0.40776309370994567871 0.32923617959022521973 0.32088580727577209473 0.33615222573280334473 0.51662969589233398438 0.51662969589233398438 0.78299874067306518555 0.86229747533798217773 0.85745275020599365234 0.83832526206970214844 0.83027231693267822266 0.65113568305969238281 0.40679579973220825195 0.40679579973220825195 0.37293729186058044434 0.43773978948593139648 0.60633987188339233398 0.75172942876815795898 0.81278699636459350586 0.82243591547012329102 0.8179581761360168457 0.8179581761360168457 0.81790220737457275391 0.82438719272613525391 0.82863920927047729492 0.83200001716613769531 0.83069080114364624023 0.81559836864471435547 0.82797980308532714844 0.80722892284393310547 0.80722892284393310547 0.82710415124893188477 0.8277333378791809082 0.81042397022247314453 0.77027028799057006836 0.74762052297592163086 0.68327182531356811523 0.54340833425521850586 0.54340833425521850586
0.53634440898895263672 0.4509499669075012207 0.44262295961380004883 0.43377977609634399414 0.43377977609634399414 0.51073986291885375977 0.72147649526596069336 0.78662288188934326172 0.81872212886810302734 0.8049526214599609375 0.79522860050201416016 0.74278217554092407227 0.45436829328536987305 0.45436829328536987305 0.36760607361793518066 0.37820315361022949219 0.39831060171127319336 0.43213203549385070801 0.58626073598861694336 0.79412782192230224609 0.8179581761360168457 0.75913399457931518555 0.80466008186340332031 0.81796336174011230469 0.81436187028884887695 0.81947892904281616211 0.81187498569488525391 0.81678450107574462891 0.82049012184143066406 0.82818639278411865234 0.82818639278411865234 0.82045042514801025391 0.84219086170196533203 0.82933032512664794922 0.82687103748321533203 0.80093026161193847656 0.80904239416122436523 0.78240090608596801758 0.78240090608596801758
0.60235446691513061523 0.52316462993621826172 0.52265650033950805664 0.53871607780456542969 0.53871607780456542969 0.56124079227447509766 0.58819669485092163086 0.62866216897964477539 0.68404120206832885742 0.64716804027557373047 0.61331444978713989258 0.77053141593933105469 0.47476038336753845215 0.47476038336753845215 0.39456921815872192383 0.39091774821281433105 0.39874362945556640625 0.39382132887840270996 0.39259257912635803223 0.58735793828964233398 0.75913399457931518555 0.47739464044570922852 0.74837970733642578125 0.81785285472869873047 0.819026947021484375 0.82487922906875610352 0.82141745090484619141 0.81568259000778198242 0.81255918741226196289 0.81255918741226196289 0.82198953628540039062 0.82210403680801391602 0.83902978897094726562 0.81795114278793334961 0.83960211277008056641 0.82271635532379150391 0.83008038997650146484 0.82992404699325561523 0.82992404699325561523
0.62808841466903686523 0.5341446995735168457 0.53512394428253173828 0.54401350021362304688 0.54401350021362304688 0.54515272378921508789 0.54589372873306274414 0.52716690301895141602 0.52049851417541503906 0.5252558588981628418 0.53218430280685424805 0.71368712186813354492 0.71368712186813354492 0.62954413890838623047 0.41346153616905212402 0.38950183987617492676 0.38489645719528198242 0.39063361287117004395 0.38043779134750366211 0.37885043025016784668 0.47739464044570922852 0.36852085590362548828 0.58020359277725219727 0.76509845256805419922 0.80383527278900146484 0.81645023822784423828 0.82639646530151367188 0.8258635401725769043 0.81995725631713867188 0.81995725631713867188 0.82184261083602905273 0.81812727451324462891 0.82021218538284301758 0.74281895160675048828 0.79168230295181274414 0.81216579675674438477 0.8109677433967590332 0.8109677433967590332 0.8292471766471862793
