samples/ndvi/map_ndvi_2017-07-06.asc
ncols        322
nrows        306
xllcorner    -53.726171018035
yllcorner    -28.476684338117
cellsize     0.000269494585
NODATA_value  -9999
[rows 204 to 220 of 306, columns 117 to 155 of 322]
0.2910906374454498291 0.29306006431579589844 0.28622159361839294434 0.28796914219856262207 0.2924594879150390625 0.28941836953163146973 0.28941836953163146973 0.28425356745719909668 0.28943851590156555176 0.28210055828094482422 0.27846536040306091309 0.27782860398292541504 0.27964070439338684082 0.26960194110870361328 0.26960194110870361328 0.26666668057441711426 0.26008182764053344727 0.2634976506233215332 0.26709526777267456055 0.27704328298568725586 0.28026238083839416504 0.27902734279632568359 0.27892032265663146973 0.27892032265663146973 0.28074946999549865723 0.28400814533233642578 0.28500145673751831055 0.28672149777412414551 0.29238039255142211914 0.28424757719039916992 0.28030303120613098145 0.28030303120613098145 0.27808904647827148438 0.27251663804054260254 0.27537056803703308105 0.27670601010322570801 0.271457672119140625 0.27049899101257324219 0.26252159476280212402
0.2884540259838104248 0.28464978933334350586 0.2867132723331451416 0.28632783889770507812 0.28953945636749267578 0.28516039252281188965 0.28516039252281188965 0.28913572430610656738 0.28769978880882263184 0.28414022922515869141 0.27966910600662231445 0.27893266081809997559 0.27638804912567138672 0.26885643601417541504 0.26885643601417541504 0.27294397354125976562 0.26660865545272827148 0.27499276399612426758 0.27544733881950378418 0.27839377522468566895 0.28598248958587646484 0.26426148414611816406 0.27615061402320861816 0.27615061402320861816 0.28068116307258605957 0.28284299373626708984 0.285503387451171875 0.28947368264198303223 0.27990707755088806152 0.27718487381935119629 0.27517163753509521484 0.27517163753509521484 0.27298685908317565918 0.2766685783863067627 0.27251461148262023926 0.26444312930107116699 0.26472374796867370605 0.26479560136795043945 0.26357293128967285156
0.28802844882011413574 0.28822630643844604492 0.2915407717227935791 0.28996691107749938965 0.28643214702606201172 0.29323843121528625488 0.29323843121528625488 0.28986534476280212402 0.28686514496803283691 0.28286305069923400879 0.27772259712219238281 0.27598336338996887207 0.26936131715774536133 0.26972696185111999512 0.26972696185111999512 0.27159762382507324219 0.27945929765701293945 0.27900230884552001953 0.27898967266082763672 0.27673324942588806152 0.27317222952842712402 0.2696265876293182373 0.2696265876293182373 0.27766302227973937988 0.28241148591041564941 0.28397211432456970215 0.28444060683250427246 0.27754056453704833984 0.27660784125328063965 0.2753047943115234375 0.27456486225128173828 0.27456486225128173828 0.27378639578819274902 0.26936218142509460449 0.26751002669334411621 0.26422894001007080078 0.25429674983024597168 0.27983105182647705078 0.27066245675086975098
0.28491172194480895996 0.28837209939956665039 0.28620037436485290527 0.28808557987213134766 0.28714284300804138184 0.28714284300804138184 0.28903180360794067383 0.28617364168167114258 0.28450107574462890625 0.28205129504203796387 0.26951798796653747559 0.2746181488037109375 0.2769661247730255127 0.27710109949111938477 0.27710109949111938477 0.28593131899833679199 0.28728136420249938965 0.28227445483207702637 0.27870711684226989746 0.28192090988159179688 0.27907648682594299316 0.27863046526908874512 0.27863046526908874512 0.28878280520439147949 0.28704783320426940918 0.27816092967987060547 0.2749004065990447998 0.27381291985511779785 0.27231639623641967773 0.27242058515548706055 0.26870748400688171387 0.26870748400688171387 0.26929774880409240723 0.26947179436683654785 0.26094108819961547852 0.263671875 0.29847979545593261719 0.25641858577728271484 0.27359819412231445312
0.29567307233810424805 0.28471139073371887207 0.28091603517532348633 0.28455284237861633301 0.28203293681144714355 0.28203293681144714355 0.28510335087776184082 0.28464552760124206543 0.28652483224868774414 0.28391608595848083496 0.27760788798332214355 0.27644151449203491211 0.28000000119209289551 0.28489482402801513672 0.28489482402801513672 0.28022146224975585938 0.2817910313606262207 0.28004634380340576172 0.27572485804557800293 0.27543562650680541992 0.27800348401069641113 0.28957286477088928223 0.28957286477088928223 0.28478059172630310059 0.27804297208786010742 0.27576112747192382812 0.27944168448448181152 0.27423167228698730469 0.27235049009323120117 0.27251392602920532227 0.27251392602920532227 0.26779863238334655762 0.27113527059555053711 0.26365947723388671875 0.26094108819961547852 0.25519973039627075195 0.26453074812889099121 0.27573528885841369629 0.27555322647094726562
0.29854846000671386719 0.28654068708419799805 0.28799390792846679688 0.27783945202827453613 0.2804698944091796875 0.2804698944091796875 0.28802588582038879395 0.28607231378555297852 0.28448891639709472656 0.28099468350410461426 0.28377908468246459961 0.27720740437507629395 0.28002721071243286133 0.28002721071243286133 0.28305518627166748047 0.28584817051887512207 0.27927929162979125977 0.28600761294364929199 0.28662052750587463379 0.2806867063045501709 0.28072288632392883301 0.28807657957077026367 0.28807657957077026367 0.27843987941741943359 0.29120519757270812988 0.27819550037384033203 0.27606597542762756348 0.27629911899566650391 0.27596247196197509766 0.27585130929946899414 0.27585130929946899414 0.26985058188438415527 0.26406157016754150391 0.27131259441375732422 0.2546952366828918457 0.27070653438568115234 0.27731528878211975098 0.27832898497581481934 0.27832898497581481934
0.3360995948314666748 0.2883389592170715332 0.28603774309158325195 0.27906978130340576172 0.28053292632102966309 0.28053292632102966309 0.28008833527565002441 0.28509092330932617188 0.28352898359298706055 0.28214284777641296387 0.28601998090744018555 0.28219562768936157227 0.28060522675514221191 0.28060522675514221191 0.28039216995239257812 0.28549140691757202148 0.28842622041702270508 0.29116222262382507324 0.28911361098289489746 0.28629738092422485352 0.27525252103805541992 0.27525252103805541992 0.25600001215934753418 0.22755505144596099854 0.26455566287040710449 0.27537211775779724121 0.29318651556968688965 0.27535158395767211914 0.28072071075439453125 0.27350166440010070801 0.27350166440010070801 0.26503708958625793457 0.25778880715370178223 0.25482290983200073242 0.26749655604362487793 0.27616050839424133301 0.27638453245162963867 0.27670800685882568359 0.27670800685882568359
0.43280422687530517578 0.28700226545333862305 0.28799390792846679688 0.28434014320373535156 0.28070852160453796387 0.28070852160453796387 0.28284740447998046875 0.28343832492828369141 0.28504505753517150879 0.2839330136775970459 0.28667372465133666992 0.27994430065155029297 0.28109028935432434082 0.28109028935432434082 0.2923386991024017334 0.2962239682674407959 0.29112312197685241699 0.28840124607086181641 0.28636226058006286621 0.27104425430297851562 0.27487742900848388672 0.27487742900848388672 0.29058822989463806152 0.20359955728054046631 0.31309723854064941406 0.2850894629955291748 0.26937577128410339355 0.28712871670722961426 0.26739469170570373535 0.26523604989051818848 0.26523604989051818848 0.26711773872375488281 0.27027741074562072754 0.2725372314453125 0.27220329642295837402 0.27976816892623901367 0.27755644917488098145 0.27870619297027587891 0.27870619297027587891
0.62621217966079711914 0.33059701323509216309 0.28560489416122436523 0.28414443135261535645 0.28414443135261535645 0.2844759523868560791 0.28138527274131774902 0.28003031015396118164 0.28260067105293273926 0.2774982154369354248 0.28296506404876708984 0.2803376615047454834 0.28717598319053649902 0.28717598319053649902 0.30218487977981567383 0.3049113154411315918 0.30981183052062988281 0.28891777992248535156 0.28298279643058776855 0.27649056911468505859 0.27283725142478942871 0.27283725142478942871 0.28571429848670959473 0.31328594684600830078 0.23154787719249725342 0.2752971351146697998 0.27077749371528625488 0.26026636362075805664 0.26792663335800170898 0.26792663335800170898 0.26829269528388977051 0.27055066823959350586 0.27061310410499572754 0.27890440821647644043 0.27373710274696350098 0.28839957714080810547 0.28955560922622680664 0.2815208137035369873 0.2815208137035369873
0.78196930885314941406 0.54750072956085205078 0.28318917751312255859 0.28968405723571777344 0.28968405723571777344 0.28028503060340881348 0.28509634733200073242 0.27861270308494567871 0.28337061405181884766 0.27979463338851928711 0.28581765294075012207 0.28961360454559326172 0.28961360454559326172 0.29144850373268127441 0.30229276418685913086 0.29625743627548217773 0.29342561960220336914 0.28488570451736450195 0.28643897175788879395 0.27285367250442504883 0.27009755373001098633 0.27009755373001098633 0.27218145132064819336 0.25651240348815917969 0.27904790639877319336 0.26819708943367004395 0.2661400139331817627 0.27173912525177001953 0.27169197797775268555 0.27169197797775268555 0.27508091926574707031 0.27349972724914550781 0.27993655204772949219 0.28237456083297729492 0.2772845923900604248 0.28493747115135192871 0.28494775295257568359 0.28020274639129638672 0.28020274639129638672
0.8224163055419921875 0.7046616673469543457 0.40402683615684509277 0.28560775518417358398 0.28560775518417358398 0.28463286161422729492 0.28682169318199157715 0.28281667828559875488 0.2818590700626373291 0.28372791409492492676 0.28708487749099731445 0.28734809160232543945 0.28734809160232543945 0.29369628429412841797 0.30123099684715270996 0.30278593301773071289 0.28662872314453125 0.27880769968032836914 0.28914368152618408203 0.28120976686477661133 0.26710683107376098633 0.26710683107376098633 0.26871508359909057617 0.26295265555381774902 0.26315790414810180664 0.268829345703125 0.26895406842231750488 0.27311828732490539551 0.27369540929794311523 0.27369540929794311523 0.27640330791473388672 0.27738189697265625 0.28033691644668579102 0.28033691644668579102 0.28250652551651000977 0.28493747115135192871 0.28535705804824829102 0.28535705804824829102 0.27608758211135864258
0.8023039698600769043 0.79714739322662353516 0.51444238424301147461 0.29737716913223266602 0.29737716913223266602 0.28955006599426269531 0.28967812657356262207 0.28658074140548706055 0.28187918663024902344 0.28229665756225585938 0.28370371460914611816 0.28724583983421325684 0.28724583983421325684 0.29058560729026794434 0.28968542814254760742 0.27237948775291442871 0.27464789152145385742 0.2732060551643371582 0.27590289711952209473 0.27109616994857788086 0.27109616994857788086 0.27186891436576843262 0.26493361592292785645 0.26347306370735168457 0.26814058423042297363 0.27471297979354858398 0.27681756019592285156 0.27691891789436340332 0.2758064568042755127 0.2758064568042755127 0.28666844964027404785 0.28918206691741943359 0.28416600823402404785 0.28158941864967346191 0.27972215414047241211 0.283672332763671875 0.28344038128852844238 0.28344038128852844238 0.27439025044441223145
0.82448601722717285156 0.77335834503173828125 0.61661809682846069336 0.61661809682846069336 0.31895911693572998047 0.28634360432624816895 0.28721478581428527832 0.2901573479175567627 0.28555595874786376953 0.2835051417350769043 0.28228229284286499023 0.28686326742172241211 0.28686326742172241211 0.28275862336158752441 0.27689462900161743164 0.27420604228973388672 0.26565465331077575684 0.26983225345611572266 0.27593180537223815918 0.27247190475463867188 0.27247190475463867188 0.2685082852840423584 0.2724297642707824707 0.26663032174110412598 0.27734375 0.27623844146728515625 0.27398779988288879395 0.28653374314308166504 0.28653374314308166504 0.28932353854179382324 0.29603475332260131836 0.29066953063011169434 0.28532901406288146973 0.27984973788261413574 0.27799016237258911133 0.28341075778007507324 0.27316197752952575684 0.27316197752952575684 0.27454909682273864746
0.80918496847152709961 0.68252789974212646484 0.66653650999069213867 0.66653650999069213867 0.41885396838188171387 0.2954291999340057373 0.29116684198379516602 0.28652885556221008301 0.28248175978660583496 0.28682169318199157715 0.28193500638008117676 0.28217238187789916992 0.28217238187789916992 0.26900583505630493164 0.25181597471237182617 0.25721785426139831543 0.26303318142890930176 0.26998841762542724609 0.27128595113754272461 0.27443715929985046387 0.27443715929985046387 0.26707726716995239258 0.27498620748519897461 0.27726382017135620117 0.27700832486152648926 0.2830613255500793457 0.28635096549987792969 0.29118135571479797363 0.29118135571479797363 0.29977998137474060059 0.2962455451488494873 0.29337015748023986816 0.28643214702606201172 0.27966806292533874512 0.27936333417892456055 0.28333333134651184082 0.27108433842658996582 0.27108433842658996582 0.2647253572940826416
0.82057279348373413086 0.68695652484893798828 0.6512749791145324707 0.6512749791145324707 0.63420957326889038086 0.41434410214424133301 0.28718143701553344727 0.28684970736503601074 0.28715002536773681641 0.28212812542915344238 0.27279782295227050781 0.27279782295227050781 0.27295082807540893555 0.26085224747657775879 0.27326732873916625977 0.26260763406753540039 0.26897388696670532227 0.27361366152763366699 0.27547627687454223633 0.27171033620834350586 0.27171033620834350586 0.27494198083877563477 0.28029656410217285156 0.28555241227149963379 0.28921431303024291992 0.29752531647682189941 0.2987085878849029541 0.29230770468711853027 0.29230770468711853027 0.29877367615699768066 0.29740294814109802246 0.28992423415184020996 0.28966686129570007324 0.27700832486152648926 0.27578476071357727051 0.27195122838020324707 0.25925925374031066895 0.2630208432674407959 0.26954346895217895508
0.81327205896377563477 0.71377986669540405273 0.6978371739387512207 0.6978371739387512207 0.77176016569137573242 0.64714235067367553711 0.37712344527244567871 0.28034120798110961914 0.28838402032852172852 0.2852153778076171875 0.27531516551971435547 0.27531516551971435547 0.27320554852485656738 0.27272728085517883301 0.2654781341552734375 0.27052059769630432129 0.27508705854415893555 0.27860540151596069336 0.28301885724067687988 0.28301885724067687988 0.27915409207344055176 0.2796013951301574707 0.28236317634582519531 0.29347825050354003906 0.29988533258438110352 0.30326241254806518555 0.29744884371757507324 0.2944475710391998291 0.2944475710391998291 0.29953917860984802246 0.29796385765075683594 0.28867441415786743164 0.28125 0.28239953517913818359 0.27858000993728637695 0.25925925374031066895 0.25207021832466125488 0.27389353513717651367 0.26643598079681396484
0.78775745630264282227 0.76994121074676513672 0.76994121074676513672 0.68460112810134887695 0.69812655448913574219 0.77719980478286743164 0.63887184858322143555 0.3847217559814453125 0.27568367123603820801 0.27705112099647521973 0.28008595108985900879 0.28008595108985900879 0.27762618660926818848 0.27421554923057556152 0.2740841209888458252 0.27440634369850158691 0.27201050519943237305 0.27741515636444091797 0.28914505243301391602 0.28914505243301391602 0.28728607296943664551 0.28824570775032043457 0.29782924056053161621 0.30263540148735046387 0.30184331536293029785 0.29974380135536193848 0.29563993215560913086 0.29201498627662658691 0.29201498627662658691 0.29092499613761901855 0.28790953755378723145 0.28616991639137268066 0.28291970491409301758 0.28296384215354919434 0.26638683676719665527 0.25207021832466125488 0.25207021832466125488 0.26598885655403137207 0.2684949040412902832
