samples/ndvi/map_ndvi_2017-07-06.asc
ncols        322
nrows        306
xllcorner    -53.726171018035
yllcorner    -28.476684338117
cellsize     0.000269494585
NODATA_value  -9999
[rows 136 to 152 of 306, columns 195 to 233 of 322]
0.83618026971817016602 0.84584903717041015625 0.84584903717041015625 0.85911655426025390625 0.84962403774261474609 0.79054582118988037109 0.78638684749603271484 0.78618860244750976562 0.80096030235290527344 0.67316341400146484375 0.3945808708667755127 0.3945808708667755127 0.30373832583427429199 0.3587360680103302002 0.56531703472137451172 0.53036177158355712891 0.34876295924186706543 0.32225912809371948242 0.30996152758598327637 0.30996152758598327637 0.29302737116813659668 0.29958581924438476562 0.30735552310943603516 0.3063291013240814209 0.30420309305191040039 0.30257248878479003906 0.2956129610538482666 0.32582393288612365723 0.68622756004333496094 0.82901805639266967773 0.83919596672058105469 0.84535413980484008789 0.85544675588607788086 0.84445005655288696289 0.81606042385101318359 0.83350187540054321289 0.83350187540054321289 0.83871960639953613281 0.85465407371520996094
0.83527487516403198242 0.83902150392532348633 0.83902150392532348633 0.85288572311401367188 0.82868349552154541016 0.79470688104629516602 0.78158026933670043945 0.78068029880523681641 0.791858673095703125 0.77977979183197021484 0.77977979183197021484 0.58034026622772216797 0.42045453190803527832 0.52683156728744506836 0.68496847152709960938 0.67109864950180053711 0.56502729654312133789 0.46352940797805786133 0.41113841533660888672 0.41113841533660888672 0.43418014049530029297 0.3871237337589263916 0.31321445107460021973 0.30496454238891601562 0.29748186469078063965 0.29859387874603271484 0.32582393288612365723 0.4482758641242980957 0.81692659854888916016 0.84139454364776611328 0.84479463100433349609 0.84737318754196166992 0.85698854923248291016 0.83713352680206298828 0.79844963550567626953 0.80570220947265625 0.80570220947265625 0.84477341175079345703 0.86429959535598754883
0.83186948299407958984 0.84295064210891723633 0.84295064210891723633 0.84529536962509155273 0.80260705947875976562 0.79043060541152954102 0.78516745567321777344 0.78289002180099487305 0.78344351053237915039 0.78226447105407714844 0.78226447105407714844 0.69858610630035400391 0.72529435157775878906 0.75279039144515991211 0.78650200366973876953 0.7816931605339050293 0.770015716552734375 0.72948426008224487305 0.69581747055053710938 0.69581747055053710938 0.7151775360107421875 0.65641027688980102539 0.48020792007446289062 0.41498216986656188965 0.3310782313346862793 0.2974910438060760498 0.4482758641242980957 0.4482758641242980957 0.83966660499572753906 0.84710645675659179688 0.85179787874221801758 0.85129052400588989258 0.85247474908828735352 0.85107022523880004883 0.85055232048034667969 0.85055232048034667969 0.85431581735610961914 0.85898619890213012695 0.84538799524307250977
0.8315079808235168457 0.84087234735488891602 0.84087234735488891602 0.82887053489685058594 0.78422653675079345703 0.78215527534484863281 0.78904110193252563477 0.79072970151901245117 0.80050563812255859375 0.81073868274688720703 0.81073868274688720703 0.78872120380401611328 0.79415500164031982422 0.75782155990600585938 0.71701490879058837891 0.75920248031616210938 0.80462044477462768555 0.83647799491882324219 0.83647799491882324219 0.80049872398376464844 0.79327160120010375977 0.79266637563705444336 0.71024143695831298828 0.7003459930419921875 0.56945508718490600586 0.39073425531387329102 0.62835514545440673828 0.62835514545440673828 0.8365840911865234375 0.84353214502334594727 0.86023861169815063477 0.86938005685806274414 0.86648046970367431641 0.8573163151741027832 0.82831048965454101562 0.82831048965454101562 0.8050015568733215332 0.80364656448364257812 0.82853603363037109375
0.83611345291137695312 0.83611345291137695312 0.83478087186813354492 0.81561774015426635742 0.77762174606323242188 0.78150105476379394531 0.77844035625457763672 0.79495197534561157227 0.82150632143020629883 0.82220131158828735352 0.82220131158828735352 0.78749573230743408203 0.69872337579727172852 0.67695271968841552734 0.65306121110916137695 0.60111057758331298828 0.66173571348190307617 0.81581395864486694336 0.81581395864486694336 0.82940912246704101562 0.82476347684860229492 0.83278226852416992188 0.79139655828475952148 0.7955157160758972168 0.72358953952789306641 0.61852109432220458984 0.74440133571624755859 0.74440133571624755859 0.86328125 0.8552036285400390625 0.84450399875640869141 0.86682593822479248047 0.87662148475646972656 0.84268909692764282227 0.76483517885208129883 0.76483517885208129883 0.69765627384185791016 0.75203555822372436523 0.82628202438354492188
0.83510303497314453125 0.83510303497314453125 0.82745260000228881836 0.80186170339584350586 0.78554993867874145508 0.78316557407379150391 0.78880000114440917969 0.80659437179565429688 0.82721942663192749023 0.82995575666427612305 0.82995575666427612305 0.81150907278060913086 0.73930752277374267578 0.67346936464309692383 0.61486989259719848633 0.66374164819717407227 0.77200835943222045898 0.84227299690246582031 0.84227299690246582031 0.86547553539276123047 0.86125934123992919922 0.85428833961486816406 0.82709676027297973633 0.80227792263031005859 0.74681645631790161133 0.76963031291961669922 0.76963031291961669922 0.82679295539855957031 0.81042653322219848633 0.79700118303298950195 0.83314794301986694336 0.8462066650390625 0.85669779777526855469 0.82049691677093505859 0.68898487091064453125 0.68898487091064453125 0.66680145263671875 0.66349732875823974609 0.73276859521865844727
0.80308794975280761719 0.80308794975280761719 0.81241911649703979492 0.7880764007568359375 0.79254454374313354492 0.79128015041351318359 0.79838895797729492188 0.80517435073852539062 0.8116232752799987793 0.8116232752799987793 0.79378145933151245117 0.78046935796737670898 0.77789843082427978516 0.69008535146713256836 0.6663055419921875 0.72365039587020874023 0.79759460687637329102 0.83046358823776245117 0.83046358823776245117 0.84932172298431396484 0.8590247035026550293 0.85489392280578613281 0.82195377349853515625 0.76564466953277587891 0.77005791664123535156 0.81075698137283325195 0.81075698137283325195 0.84247308969497680664 0.74969124794006347656 0.73795300722122192383 0.72035974264144897461 0.76314628124237060547 0.82986915111541748047 0.82101422548294067383 0.82101422548294067383 0.70486557483673095703 0.65245902538299560547 0.71534568071365356445 0.80395793914794921875
0.71651786565780639648 0.71651786565780639648 0.69596582651138305664 0.71646732091903686523 0.73658293485641479492 0.75886523723602294922 0.7733752131462097168 0.78695964813232421875 0.80183488130569458008 0.80183488130569458008 0.80415827035903930664 0.80532181262969970703 0.79923880100250244141 0.74508702754974365234 0.7226123809814453125 0.77749520540237426758 0.80660659074783325195 0.80660659074783325195 0.84487831592559814453 0.86132228374481201172 0.85254693031311035156 0.83938640356063842773 0.80963683128356933594 0.74634146690368652344 0.70165371894836425781 0.69472855329513549805 0.69472855329513549805 0.71816945075988769531 0.73629081249237060547 0.71116656064987182617 0.736766815185546875 0.76457273960113525391 0.7862307429313659668 0.81051921844482421875 0.81051921844482421875 0.80671226978302001953 0.80455154180526733398 0.83131718635559082031 0.84317183494567871094
0.69506460428237915039 0.70816445350646972656 0.69226443767547607422 0.69736135005950927734 0.68542957305908203125 0.65160232782363891602 0.62866818904876708984 0.6618251800537109375 0.71501272916793823242 0.71501272916793823242 0.76068782806396484375 0.77971696853637695312 0.79434812068939208984 0.7908051609992980957 0.73428303003311157227 0.72530972957611083984 0.81043529510498046875 0.81043529510498046875 0.84906679391860961914 0.85989993810653686523 0.85749059915542602539 0.83975481986999511719 0.81764572858810424805 0.79581153392791748047 0.74478328227996826172 0.68218499422073364258 0.68218499422073364258 0.68894600868225097656 0.79353547096252441406 0.77921408414840698242 0.79388916492462158203 0.82212364673614501953 0.74259561300277709961 0.79667383432388305664 0.79667383432388305664 0.83645653724670410156 0.82193547487258911133 0.83411467075347900391 0.84052717685699462891
0.70817238092422485352 0.73118281364440917969 0.71930789947509765625 0.7148959040641784668 0.70794826745986938477 0.67778074741363525391 0.60757315158843994141 0.58602148294448852539 0.60142558813095092773 0.60142558813095092773 0.63918411731719970703 0.67248910665512084961 0.71309554576873779297 0.75590354204177856445 0.69408285617828369141 0.58860760927200317383 0.74666666984558105469 0.74666666984558105469 0.83458244800567626953 0.85481202602386474609 0.86194998025894165039 0.84523808956146240234 0.82603091001510620117 0.81447863578796386719 0.77700692415237426758 0.77700692415237426758 0.69276571273803710938 0.73594403266906738281 0.79353547096252441406 0.81446242332458496094 0.82060891389846801758 0.81132078170776367188 0.73127228021621704102 0.78599858283996582031 0.78599858283996582031 0.82681435346603393555 0.8192259669303894043 0.82423436641693115234 0.82537686824798583984
0.72917282581329345703 0.75764316320419311523 0.74732804298400878906 0.73340618610382080078 0.7211176753044128418 0.71359872817993164062 0.66903328895568847656 0.62553924322128295898 0.62553924322128295898 0.60469210147857666016 0.61962479352951049805 0.65224766731262207031 0.67705702781677246094 0.67952013015747070312 0.60329008102416992188 0.57504457235336303711 0.61533004045486450195 0.61533004045486450195 0.77673327922821044922 0.83095723390579223633 0.83376872539520263672 0.83473265171051025391 0.8234405517578125 0.81758671998977661133 0.79574859142303466797 0.79574859142303466797 0.73297590017318725586 0.72579264640808105469 0.78895258903503417969 0.81234568357467651367 0.80957078933715820312 0.79508405923843383789 0.7833169102668762207 0.7833169102668762207 0.79664176702499389648 0.80990189313888549805 0.79006332159042358398 0.79965287446975708008 0.76572197675704956055
0.73123699426651000977 0.76306229829788208008 0.7432015538215637207 0.72035795450210571289 0.73020207881927490234 0.73135137557983398438 0.71091610193252563477 0.69379842281341552734 0.69379842281341552734 0.64375716447830200195 0.63397198915481567383 0.67362636327743530273 0.69276458024978637695 0.72258067131042480469 0.67242842912673950195 0.64072948694229125977 0.60447514057159423828 0.60447514057159423828 0.68671679496765136719 0.71966886520385742188 0.75327396392822265625 0.76258820295333862305 0.76910495758056640625 0.7824675440788269043 0.78952145576477050781 0.78952145576477050781 0.75511211156845092773 0.70684778690338134766 0.7800051569938659668 0.79882562160491943359 0.81639665365219116211 0.80692952871322631836 0.81346678733825683594 0.81346678733825683594 0.82327401638031005859 0.8317025303840637207 0.82646721601486206055 0.7447916865348815918 0.67592847347259521484
0.72310459613800048828 0.76009029150009155273 0.74604070186614990234 0.73205739259719848633 0.73056709766387939453 0.72727274894714355469 0.72944015264511108398 0.7282695770263671875 0.7282695770263671875 0.69647252559661865234 0.66115701198577880859 0.68286174535751342773 0.71023619174957275391 0.71692633628845214844 0.67158365249633789062 0.65981733798980712891 0.65981733798980712891 0.65419203042984008789 0.69592761993408203125 0.75090557336807250977 0.75019931793212890625 0.71570420265197753906 0.68863809108734130859 0.68965518474578857422 0.72011804580688476562 0.72011804580688476562 0.72581875324249267578 0.71467244625091552734 0.76244401931762695312 0.71142619848251342773 0.75569355487823486328 0.77799701690673828125 0.77507895231246948242 0.77507895231246948242 0.79479974508285522461 0.79090911149978637695 0.66169667243957519531 0.65065991878509521484 0.76344084739685058594
0.72027552127838134766 0.74356007575988769531 0.73364216089248657227 0.72646635770797729492 0.73048067092895507812 0.72630429267883300781 0.72542649507522583008 0.73436665534973144531 0.73436665534973144531 0.72214871644973754883 0.68622243404388427734 0.68915724754333496094 0.70775550603866577148 0.69937038421630859375 0.67595630884170532227 0.67563116550445556641 0.67563116550445556641 0.68194365501403808594 0.69396674633026123047 0.73779958486557006836 0.73070698976516723633 0.719089508056640625 0.70526850223541259766 0.6858475804328918457 0.6858475804328918457 0.67639255523681640625 0.67129254341125488281 0.66100716590881347656 0.67342209815979003906 0.7002614140510559082 0.69472503662109375 0.70412594079971313477 0.65939831733703613281 0.65939831733703613281 0.65274012088775634766 0.62079358100891113281 0.65708470344543457031 0.78076523542404174805 0.78387910127639770508
0.71626925468444824219 0.71677690744400024414 0.69936990737915039062 0.70073205232620239258 0.72838103771209716797 0.72030651569366455078 0.71910721063613891602 0.71910721063613891602 0.72645026445388793945 0.72591233253479003906 0.70007973909378051758 0.69839626550674438477 0.70502680540084838867 0.70987343788146972656 0.69004642963409423828 0.6634133458137512207 0.6634133458137512207 0.68138295412063598633 0.70040929317474365234 0.71028035879135131836 0.7168674468994140625 0.73446178436279296875 0.71354705095291137695 0.68536323308944702148 0.68536323308944702148 0.67813003063201904297 0.6667575836181640625 0.69416278600692749023 0.68593108654022216797 0.72050917148590087891 0.73823374509811401367 0.74210256338119506836 0.70995670557022094727 0.70995670557022094727 0.56646704673767089844 0.59205871820449829102 0.80691111087799072266 0.78566223382949829102 0.76021933555603027344
0.69264072179794311523 0.68633443117141723633 0.67968511581420898438 0.69580626487731933594 0.72034382820129394531 0.72382825613021850586 0.72001081705093383789 0.72001081705093383789 0.71375268697738647461 0.7214247584342956543 0.71846729516983032227 0.70669442415237426758 0.71327614784240722656 0.71386575698852539062 0.6863346099853515625 0.66440147161483764648 0.66440147161483764648 0.66287380456924438477 0.69079822301864624023 0.6934426426887512207 0.70979964733123779297 0.73606431484222412109 0.7135416865348815918 0.68878233432769775391 0.68878233432769775391 0.68861305713653564453 0.68357557058334350586 0.70743668079376220703 0.70188784599304199219 0.72050917148590087891 0.73768705129623413086 0.75675678253173828125 0.75675678253173828125 0.69243514537811279297 0.66224980354309082031 0.80628800392150878906 0.8170032501220703125 0.78592664003372192383 0.77217090129852294922
0.54364168643951416016 0.59719568490982055664 0.62364214658737182617 0.63196432590484619141 0.67299008369445800781 0.71315860748291015625 0.72202461957931518555 0.72202461957931518555 0.72315162420272827148 0.72278821468353271484 0.72368073463439941406 0.72381448745727539062 0.72155767679214477539 0.70951414108276367188 0.69681400060653686523 0.69681400060653686523 0.68188893795013427734 0.67288750410079956055 0.70508563518524169922 0.71980428695678710938 0.71727204322814941406 0.72103893756866455078 0.71145832538604736328 0.69238817691802978516 0.69238817691802978516 0.69193679094314575195 0.69318181276321411133 0.70796221494674682617 0.71813929080963134766 0.72185808420181274414 0.74733972549438476562 0.74568033218383789062 0.74568033218383789062 0.6437295079231262207 0.73930180072784423828 0.81840550899505615234 0.81513011455535888672 0.79305171966552734375 0.79521673917770385742
