samples/ndvi/map_ndvi_2017-07-06.asc
ncols        322
nrows        306
xllcorner    -53.726171018035
yllcorner    -28.476684338117
cellsize     0.000269494585
NODATA_value  -9999
[rows 136 to 152 of 306, columns 234 to 272 of 322]
0.85277843475341796875 0.85488188266754150391 0.85986328125 0.86216795444488525391 0.86157858371734619141 0.86157858371734619141 0.85858112573623657227 0.85624563694000244141 0.75330150127410888672 0.55106461048126220703 0.49835604429244995117 0.57874017953872680664 0.47182229161262512207 0.56454992294311523438 0.56454992294311523438 0.40709459781646728516 0.33305817842483520508 0.34292763471603393555 0.34045279026031494141 0.35002121329307556152 0.33573141694068908691 0.32761833071708679199 0.32761833071708679199 0.3480663001537322998 0.35896459221839904785 0.36171936988830566406 0.34762108325958251953 0.34111544489860534668 0.33793103694915771484 0.41314357519149780273 0.41314357519149780273 0.45816072821617126465 0.74921089410781860352 0.75607091188430786133 0.73582917451858520508 0.78088861703872680664 0.74396783113479614258 0.66319566965103149414 0.6449934840202331543
0.84932595491409301758 0.85419809818267822266 0.8610286712646484375 0.86296027898788452148 0.85728251934051513672 0.85728251934051513672 0.85731500387191772461 0.84927392005920410156 0.55658692121505737305 0.43993636965751647949 0.39414227008819580078 0.73225009441375732422 0.6874039769172668457 0.6874039769172668457 0.74388909339904785156 0.42676880955696105957 0.33946561813354492188 0.35192227363586425781 0.34175011515617370605 0.33734938502311706543 0.32445922493934631348 0.32261857390403747559 0.32261857390403747559 0.32979127764701843262 0.33781763911247253418 0.33904242515563964844 0.32938688993453979492 0.3324851691722869873 0.33929368853569030762 0.67840534448623657227 0.67840534448623657227 0.73866027593612670898 0.79455512762069702148 0.75705438852310180664 0.71468532085418701172 0.63930547237396240234 0.69596630334854125977 0.74632251262664794922 0.74632251262664794922
0.84583818912506103516 0.84835165739059448242 0.86249047517776489258 0.86215668916702270508 0.85389524698257446289 0.85389524698257446289 0.84832906723022460938 0.83573567867279052734 0.48411214351654052734 0.44699367880821228027 0.37590360641479492188 0.68168169260025024414 0.78413790464401245117 0.78413790464401245117 0.76320129632949829102 0.52299702167510986328 0.3433106541633605957 0.36084285378456115723 0.33364400267601013184 0.32952547073364257812 0.32973870635032653809 0.32973870635032653809 0.32026144862174987793 0.32530120015144348145 0.33786335587501525879 0.34223577380180358887 0.35154974460601806641 0.34695616364479064941 0.4674650728702545166 0.8005473017692565918 0.8005473017692565918 0.78459757566452026367 0.7498016357421875 0.69328546524047851562 0.62069946527481079102 0.60712265968322753906 0.70458310842514038086 0.77494257688522338867 0.77494257688522338867
0.84014868736267089844 0.84767442941665649414 0.8541666865348815918 0.85044705867767333984 0.85044705867767333984 0.85207587480545043945 0.84004414081573486328 0.68366014957427978516 0.41200160980224609375 0.4067102968692779541 0.36691930890083312988 0.64362388849258422852 0.8439915776252746582 0.8439915776252746582 0.80094146728515625 0.71879839897155761719 0.59650403261184692383 0.58635860681533813477 0.52123260498046875 0.34510150551795959473 0.32210525870323181152 0.32210525870323181152 0.32372322678565979004 0.32775786519050598145 0.32404181361198425293 0.33594360947608947754 0.44057053327560424805 0.62740123271942138672 0.71447199583053588867 0.8005473017692565918 0.73173803091049194336 0.7257696986198425293 0.66955155134201049805 0.63919597864151000977 0.65671640634536743164 0.68680202960968017578 0.71271872520446777344 0.75563526153564453125 0.75563526153564453125
0.85150164365768432617 0.85440611839294433594 0.85020136833190917969 0.84632033109664916992 0.84632033109664916992 0.85702413320541381836 0.72871285676956176758 0.39660492539405822754 0.3305263221263885498 0.35936188697814941406 0.49594125151634216309 0.72119814157485961914 0.8049869537353515625 0.8049869537353515625 0.82318937778472900391 0.80506330728530883789 0.77797567844390869141 0.78664135932922363281 0.68950676918029785156 0.4196847081184387207 0.32774516940116882324 0.32774516940116882324 0.33254063129425048828 0.32855436205863952637 0.39863160252571105957 0.44601961970329284668 0.67171561717987060547 0.78917908668518066406 0.75037866830825805664 0.75037866830825805664 0.67668396234512329102 0.65830719470977783203 0.66102576255798339844 0.65727341175079345703 0.68421053886413574219 0.69831585884094238281 0.69404518604278564453 0.68988174200057983398 0.68988174200057983398
0.83425736427307128906 0.85752493143081665039 0.8457711338996887207 0.84814047813415527344 0.84814047813415527344 0.77903515100479125977 0.40000000596046447754 0.3183034062385559082 0.361179351806640625 0.49095109105110168457 0.77077364921569824219 0.81879419088363647461 0.81879419088363647461 0.82585948705673217773 0.79753267765045166016 0.79209822416305541992 0.77067255973815917969 0.7982031702995300293 0.78770333528518676758 0.65296804904937744141 0.41505715250968933105 0.41505715250968933105 0.41685822606086730957 0.59701490402221679688 0.6905574798583984375 0.72409939765930175781 0.77091985940933227539 0.72654157876968383789 0.69375348091125488281 0.69375348091125488281 0.66071426868438720703 0.68504744768142700195 0.67045456171035766602 0.6688607335090637207 0.67343938350677490234 0.64673084020614624023 0.61416488885879516602 0.61416488885879516602 0.61220633983612060547
0.85580307245254516602 0.83417850732803344727 0.84538298845291137695 0.79724019765853881836 0.79724019765853881836 0.48788115382194519043 0.35294118523597717285 0.43917524814605712891 0.4947604835033416748 0.73178809881210327148 0.85104131698608398438 0.79014188051223754883 0.79014188051223754883 0.79924243688583374023 0.77371174097061157227 0.68688702583312988281 0.67150557041168212891 0.70988571643829345703 0.77657264471054077148 0.77641564607620239258 0.69104665517807006836 0.69104665517807006836 0.73875433206558227539 0.78751164674758911133 0.80550098419189453125 0.78494626283645629883 0.73056995868682861328 0.65337240695953369141 0.64552134275436401367 0.64552134275436401367 0.68838673830032348633 0.67302167415618896484 0.64550262689590454102 0.62136435508728027344 0.59458744525909423828 0.57326203584671020508 0.57494527101516723633 0.57494527101516723633 0.58186811208724975586
0.84039258956909179688 0.83909207582473754883 0.80512017011642456055 0.71577978134155273438 0.71577978134155273438 0.67459094524383544922 0.61302804946899414062 0.61040836572647094727 0.70648461580276489258 0.80303543806076049805 0.73327863216400146484 0.69431579113006591797 0.69431579113006591797 0.72325021028518676758 0.74952417612075805664 0.72540384531021118164 0.72157281637191772461 0.76233637332916259766 0.81008899211883544922 0.8039353489875793457 0.8039353489875793457 0.81009697914123535156 0.80014532804489135742 0.75344508886337280273 0.72485548257827758789 0.71830987930297851562 0.68994677066802978516 0.67054498195648193359 0.67945826053619384766 0.67945826053619384766 0.66694420576095581055 0.62647622823715209961 0.5990206599235534668 0.58128076791763305664 0.57943671941757202148 0.57842326164245605469 0.57384318113327026367 0.57384318113327026367 0.57629466056823730469
0.8387705683708190918 0.79390835762023925781 0.71410048007965087891 0.71410048007965087891 0.78133332729339599609 0.82950383424758911133 0.79562979936599731445 0.67994773387908935547 0.80536693334579467773 0.80040735006332397461 0.6756756901741027832 0.68000000715255737305 0.68000000715255737305 0.71449273824691772461 0.74515235424041748047 0.76328349113464355469 0.77510982751846313477 0.77115547657012939453 0.76623374223709106445 0.77814936637878417969 0.77814936637878417969 0.78444129228591918945 0.74783551692962646484 0.67223149538040161133 0.60933744907379150391 0.61572349071502685547 0.71935188770294189453 0.7291730046272277832 0.7291730046272277832 0.69819033145904541016 0.60801649093627929688 0.58279085159301757812 0.57396775484085083008 0.5742251276969909668 0.57017058134078979492 0.57186377048492431641 0.5706806182861328125 0.5706806182861328125 0.57048457860946655273
0.7993399500846862793 0.61488437652587890625 0.73732334375381469727 0.73732334375381469727 0.70460706949234008789 0.71882760524749755859 0.77798509597778320312 0.70559781789779663086 0.71061092615127563477 0.77198445796966552734 0.70030349493026733398 0.70030349493026733398 0.69901132583618164062 0.74610543251037597656 0.77442276477813720703 0.74849975109100341797 0.77194803953170776367 0.78152978420257568359 0.78984415531158447266 0.78767633438110351562 0.78767633438110351562 0.77870458364486694336 0.72693359851837158203 0.65824663639068603516 0.63013291358947753906 0.63854682445526123047 0.71952968835830688477 0.74386274814605712891 0.74386274814605712891 0.65521436929702758789 0.60801649093627929688 0.57326477766036987305 0.56709003448486328125 0.56908792257308959961 0.56800872087478637695 0.5640252232551574707 0.53649026155471801758 0.53649026155471801758 0.48021945357322692871
0.67470908164978027344 0.71337020397186279297 0.71439421176910400391 0.71439421176910400391 0.62537503242492675781 0.6056454777717590332 0.61478263139724731445 0.76033055782318115234 0.58295810222625732422 0.74920749664306640625 0.71819424629211425781 0.71819424629211425781 0.74523967504501342773 0.76888316869735717773 0.79865396022796630859 0.78057742118835449219 0.78616040945053100586 0.7921320796012878418 0.78732812404632568359 0.77189916372299194336 0.77189916372299194336 0.76105546951293945312 0.7554060816764831543 0.65704500675201416016 0.71841669082641601562 0.72029769420623779297 0.66554051637649536133 0.66627007722854614258 0.66627007722854614258 0.61614233255386352539 0.57853716611862182617 0.5843251347541809082 0.57767808437347412109 0.57603937387466430664 0.55549436807632446289 0.49379509687423706055 0.49379509687423706055 0.39412674307823181152 0.32600969076156616211
0.73326414823532104492 0.81175887584686279297 0.76611959934234619141 0.76611959934234619141 0.67849057912826538086 0.62514197826385498047 0.66241794824600219727 0.6967741847038269043 0.63576376438140869141 0.77979272603988647461 0.73418575525283813477 0.73418575525283813477 0.73722624778747558594 0.77010768651962280273 0.82060343027114868164 0.81542485952377319336 0.79839920997619628906 0.78725469112396240234 0.78011751174926757812 0.78011751174926757812 0.77386558055877685547 0.76799404621124267578 0.74666345119476318359 0.6967270970344543457 0.70189201831817626953 0.65714287757873535156 0.59524422883987426758 0.59815865755081176758 0.59815865755081176758 0.60292774438858032227 0.59224480390548706055 0.59209764003753662109 0.57260119915008544922 0.5 0.40340030193328857422 0.31946223974227905273 0.31946223974227905273 0.3163897097110748291 0.32334744930267333984
0.79852455854415893555 0.79024392366409301758 0.79024392366409301758 0.79701638221740722656 0.77493607997894287109 0.74417054653167724609 0.78156375885009765625 0.7033430933952331543 0.63097095489501953125 0.74697172641754150391 0.70627951622009277344 0.70627951622009277344 0.73393899202346801758 0.8016026616096496582 0.82221007347106933594 0.82340538501739501953 0.8113968968391418457 0.80363279581069946289 0.80524164438247680664 0.80524164438247680664 0.79916524887084960938 0.78181821107864379883 0.7842343449592590332 0.66586881875991821289 0.62010908126831054688 0.6008847355842590332 0.56207334995269775391 0.54933875799179077148 0.54933875799179077148 0.58616876602172851562 0.6014449000358581543 0.53154760599136352539 0.40249222517013549805 0.32628881931304931641 0.30165961384773254395 0.31260123848915100098 0.31260123848915100098 0.3087800145149230957 0.30713343620300292969
0.76816695928573608398 0.75312268733978271484 0.75312268733978271484 0.77783066034317016602 0.79518932104110717773 0.79975092411041259766 0.77372860908508300781 0.67370891571044921875 0.55232030153274536133 0.76415091753005981445 0.75676518678665161133 0.75676518678665161133 0.81204664707183837891 0.83341693878173828125 0.83758211135864257812 0.83614951372146606445 0.82977682352066040039 0.82791495323181152344 0.81069153547286987305 0.81069153547286987305 0.79359257221221923828 0.78523492813110351562 0.79630076885223388672 0.68040984869003295898 0.56515371799468994141 0.57405567169189453125 0.54666668176651000977 0.54666668176651000977 0.55283308029174804688 0.55578249692916870117 0.57374203205108642578 0.33070608973503112793 0.30820104479789733887 0.30151414871215820312 0.3023255765438079834 0.29470530152320861816 0.29470530152320861816 0.29356253147125244141 0.30360206961631774902
0.75254660844802856445 0.7463271021842956543 0.7463271021842956543 0.75030362606048583984 0.75048357248306274414 0.78465938568115234375 0.75981986522674560547 0.66289031505584716797 0.63901096582412719727 0.69658589363098144531 0.69658589363098144531 0.83456128835678100586 0.8405253291130065918 0.81470412015914916992 0.83759468793869018555 0.84291654825210571289 0.84090906381607055664 0.83317261934280395508 0.81955993175506591797 0.81955993175506591797 0.79764819145202636719 0.79381442070007324219 0.78110945224761962891 0.73838210105895996094 0.57000762224197387695 0.55360823869705200195 0.54940509796142578125 0.54940509796142578125 0.54276984930038452148 0.50724637508392333984 0.43946188688278198242 0.30006358027458190918 0.30302023887634277344 0.29380235075950622559 0.285617828369140625 0.285617828369140625 0.29326424002647399902 0.30742049217224121094 0.3065433800220489502
0.7787005305290222168 0.77590364217758178711 0.77590364217758178711 0.75226885080337524414 0.74134969711303710938 0.75465762615203857422 0.75330173969268798828 0.73173224925994873047 0.67816686630249023438 0.60532408952713012695 0.60532408952713012695 0.83888047933578491211 0.83108341693878173828 0.81512153148651123047 0.81678318977355957031 0.83042043447494506836 0.83981370925903320312 0.8317890167236328125 0.8317890167236328125 0.81599605083465576172 0.79926562309265136719 0.786594390869140625 0.78051179647445678711 0.73759919404983520508 0.60514140129089355469 0.54941552877426147461 0.50606632232666015625 0.50606632232666015625 0.41117873787879943848 0.3176733851432800293 0.29276219010353088379 0.28336495161056518555 0.2786324918270111084 0.28442281484603881836 0.2927086949348449707 0.2927086949348449707 0.30202311277389526367 0.29652652144432067871 0.30560579895973205566
0.79995107650756835938 0.79995107650756835938 0.79568064212799072266 0.77712178230285644531 0.76545011997222900391 0.7643979191780090332 0.74835407733917236328 0.75418144464492797852 0.7453715205192565918 0.62097465991973876953 0.62097465991973876953 0.76487749814987182617 0.81161010265350341797 0.81966829299926757812 0.82147711515426635742 0.8155524134635925293 0.81835472583770751953 0.81080418825149536133 0.81080418825149536133 0.78657317161560058594 0.77936470508575439453 0.78202301263809204102 0.77487039566040039062 0.76825088262557983398 0.56333512067794799805 0.4179566502571105957 0.31172657012939453125 0.31172657012939453125 0.28815555572509765625 0.28112214803695678711 0.28874483704566955566 0.28336495161056518555 0.29000353813171386719 0.28780132532119750977 0.28607964515686035156 0.28607964515686035156 0.29342201352119445801 0.34053274989128112793 0.39759036898612976074
