samples/ndvi/map_ndvi_2017-06-20.asc
ncols        322
nrows        306
xllcorner    -53.726171018035
yllcorner    -28.476684338117
cellsize     0.000269494585
NODATA_value  -9999
[rows 85 to 101 of 306, columns 0 to 38 of 322]
0.77935945987701416016 0.68817579746246337891 0.69612711668014526367 0.71283882856369018555 0.76266109943389892578 0.80460083484649658203 0.84102994203567504883 0.70666664838790893555 0.70666664838790893555 0.78862291574478149414 0.82413583993911743164 0.73050719499588012695 0.71428573131561279297 0.70446735620498657227 0.70003587007522583008 0.71184706687927246094 0.71184706687927246094 0.80965292453765869141 0.62287759780883789062 0.27816259860992431641 0.26040878891944885254 0.25607064366340637207 0.25386780500411987305 0.25309735536575317383 0.25339838862419128418 0.25339838862419128418 0.25263515114784240723 0.25582945346832275391 0.25207021832466125488 0.23824091255664825439 0.23145161569118499756 0.23289838433265686035 0.22900158166885375977 0.22900158166885375977 0.22125297784805297852 0.22367927432060241699 0.24703557789325714111 0.24718740582466125488 0.24407431483268737793
0.69464594125747680664 0.66421407461166381836 0.56578946113586425781 0.71012526750564575195 0.76614832878112792969 0.73744934797286987305 0.71988970041275024414 0.70666664838790893555 0.7026691436767578125 0.72867697477340698242 0.80489438772201538086 0.77013689279556274414 0.72199010848999023438 0.69261479377746582031 0.70425140857696533203 0.70269322395324707031 0.70269322395324707031 0.63765823841094970703 0.52210175991058349609 0.29284650087356567383 0.25037145614624023438 0.23985239863395690918 0.24593795835971832275 0.26030448079109191895 0.28022962808609008789 0.28022962808609008789 0.26182964444160461426 0.26270580291748046875 0.26609441637992858887 0.24938675761222839355 0.23256820440292358398 0.22649572789669036865 0.21971595287322998047 0.21971595287322998047 0.20624208450317382812 0.22537313401699066162 0.24563138186931610107 0.24952380359172821045 0.24396783113479614258
0.50609260797500610352 0.45290467143058776855 0.51150625944137573242 0.68673777580261230469 0.74861025810241699219 0.72180223464965820312 0.69788521528244018555 0.7026691436767578125 0.72114551067352294922 0.73294723033905029297 0.79245281219482421875 0.80082988739013671875 0.67983704805374145508 0.70370370149612426758 0.70359170436859130859 0.72043013572692871094 0.72043013572692871094 0.67873787879943847656 0.56255710124969482422 0.45486414432525634766 0.37290215492248535156 0.3717842400074005127 0.3710536956787109375 0.41393113136291503906 0.41393113136291503906 0.52128148078918457031 0.48309180140495300293 0.44493392109870910645 0.44541138410568237305 0.37490195035934448242 0.23148147761821746826 0.21697287261486053467 0.20824569463729858398 0.20824569463729858398 0.20800980925559997559 0.24412810802459716797 0.249918326735496521 0.25377833843231201172 0.23829489946365356445
0.59020173549652099609 0.64439654350280761719 0.64017093181610107422 0.65752846002578735352 0.68712067604064941406 0.68506902456283569336 0.70866847038269042969 0.70866847038269042969 0.68081903457641601562 0.72850120067596435547 0.75303643941879272461 0.8083451390266418457 0.62717217206954956055 0.71974033117294311523 0.71158212423324584961 0.70663732290267944336 0.70663732290267944336 0.69710147380828857422 0.60548174381256103516 0.54706686735153198242 0.54102677106857299805 0.47763714194297790527 0.56988352537155151367 0.64597517251968383789 0.64597517251968383789 0.64081293344497680664 0.62606012821197509766 0.62326455116271972656 0.61046731472015380859 0.41697147488594055176 0.23677095770835876465 0.23433133959770202637 0.23433133959770202637 0.23867997527122497559 0.24069295823574066162 0.24746237695217132568 0.24958677589893341064 0.25257068872451782227 0.24227175116539001465
0.67121851444244384766 0.69657677412033081055 0.69615662097930908203 0.70605397224426269531 0.65580511093139648438 0.64633393287658691406 0.65838700532913208008 0.65838700532913208008 0.67513668537139892578 0.79385066032409667969 0.78632700443267822266 0.67289412021636962891 0.56746339797973632812 0.7012888789176940918 0.70925438404083251953 0.66744732856750488281 0.66744732856750488281 0.64866977930068969727 0.64081323146820068359 0.55468136072158813477 0.55212354660034179688 0.61724656820297241211 0.63378119468688964844 0.63107538223266601562 0.63107538223266601562 0.62424242496490478516 0.62150055170059204102 0.62066417932510375977 0.58493351936340332031 0.37088516354560852051 0.2392947077751159668 0.24945612251758575439 0.24945612251758575439 0.24125230312347412109 0.23994147777557373047 0.24416579306125640869 0.24311926960945129395 0.25251868367195129395 0.24524158239364624023
0.70270270109176635742 0.69325155019760131836 0.68523764610290527344 0.67881941795349121094 0.6617730259895324707 0.63087439537048339844 0.61007732152938842773 0.61007732152938842773 0.63243949413299560547 0.73823398351669311523 0.80620157718658447266 0.69610869884490966797 0.52841389179229736328 0.63770365715026855469 0.68961751461029052734 0.68961751461029052734 0.67335033416748046875 0.6789417266845703125 0.62425595521926879883 0.58823531866073608398 0.62906169891357421875 0.63858997821807861328 0.62112516164779663086 0.62599772214889526367 0.62599772214889526367 0.62823885679244995117 0.62696957588195800781 0.63053655624389648438 0.55099099874496459961 0.32172057032585144043 0.24590164422988891602 0.24938271939754486084 0.24938271939754486084 0.24385772645473480225 0.24486115574836730957 0.24710687994956970215 0.24614395201206207275 0.24605894088745117188 0.24408283829689025879
0.71587342023849487305 0.70857667922973632812 0.68709033727645874023 0.65883731842041015625 0.63380283117294311523 0.60876995325088500977 0.6036434173583984375 0.6036434173583984375 0.60588574409484863281 0.66024094820022583008 0.80442804098129272461 0.74914479255676269531 0.58760428428649902344 0.5626952052116394043 0.67308419942855834961 0.67308419942855834961 0.72122055292129516602 0.703624725341796875 0.5189120173454284668 0.64469695091247558594 0.65223771333694458008 0.63033872842788696289 0.62960207462310791016 0.62960207462310791016 0.63947856426239013672 0.6434395909309387207 0.64638918638229370117 0.6546567082405090332 0.5438225865364074707 0.27863129973411560059 0.25714287161827087402 0.24884299933910369873 0.24884299933910369873 0.2434456944465637207 0.24299065768718719482 0.25186187028884887695 0.25357607007026672363 0.24560774862766265869 0.24199552834033966064
0.76086956262588500977 0.67616492509841918945 0.65575248003005981445 0.61740201711654663086 0.60604232549667358398 0.58535176515579223633 0.58535176515579223633 0.58556526899337768555 0.60588574409484863281 0.61608451604843139648 0.72241181135177612305 0.75078862905502319336 0.7652721405029296875 0.58269488811492919922 0.61831367015838623047 0.61831367015838623047 0.71223020553588867188 0.69776117801666259766 0.52910512685775756836 0.68517839908599853516 0.65844541788101196289 0.65016502141952514648 0.64950710535049438477 0.64950710535049438477 0.65497285127639770508 0.65517240762710571289 0.65612787008285522461 0.66093695163726806641 0.51221239566802978516 0.25079590082168579102 0.25735542178153991699 0.25126719474792480469 0.25126719474792480469 0.24398624897003173828 0.24651503562927246094 0.24948453903198242188 0.24818275868892669678 0.24480712413787841797 0.24449506402015686035
0.71855539083480834961 0.65217393636703491211 0.60111320018768310547 0.61223870515823364258 0.59343284368515014648 0.5675213932991027832 0.5675213932991027832 0.56021237373352050781 0.57038289308547973633 0.55856114625930786133 0.6421725153923034668 0.70630371570587158203 0.74002951383590698242 0.74651813507080078125 0.59803920984268188477 0.59803920984268188477 0.63387978076934814453 0.62445414066314697266 0.58831226825714111328 0.69876360893249511719 0.67378050088882446289 0.65517240762710571289 0.64009112119674682617 0.64009112119674682617 0.65140324831008911133 0.65597885847091674805 0.65729087591171264648 0.65936398506164550781 0.45724907517433166504 0.24255628883838653564 0.25596073269844055176 0.25596073269844055176 0.25092524290084838867 0.24971231818199157715 0.24692738056182861328 0.25017768144607543945 0.24246877431869506836 0.24549980461597442627 0.2397979050874710083
0.66634207963943481445 0.61116337776184082031 0.59876352548599243164 0.60000002384185791016 0.5881837010383605957 0.56670469045639038086 0.56670469045639038086 0.54596728086471557617 0.54663652181625366211 0.54537445306777954102 0.6114285588264465332 0.62652707099914550781 0.61446738243103027344 0.75324672460556030273 0.75324672460556030273 0.6725794672966003418 0.58731615543365478516 0.50287353992462158203 0.55161941051483154297 0.66608846187591552734 0.66274827718734741211 0.65402841567993164062 0.63435775041580200195 0.63435775041580200195 0.64390999078750610352 0.65546876192092895508 0.66806244850158691406 0.64322721958160400391 0.36907535791397094727 0.25207546353340148926 0.25093913078308105469 0.25093913078308105469 0.25038638710975646973 0.25334382057189941406 0.24518322944641113281 0.24704085290431976318 0.25739061832427978516 0.25709649920463562012 0.25211098790168762207
0.63089007139205932617 0.61699509620666503906 0.61001789569854736328 0.58649289608001708984 0.57515382766723632812 0.56920415163040161133 0.56920415163040161133 0.55359178781509399414 0.53693181276321411133 0.53846156597137451172 0.60692131519317626953 0.59911894798278808594 0.58725661039352416992 0.64237356185913085938 0.64237356185913085938 0.6825885772705078125 0.64967912435531616211 0.4019260108470916748 0.45141699910163879395 0.60993903875350952148 0.63459914922714233398 0.64909517765045166016 0.65393608808517456055 0.65393608808517456055 0.64419627189636230469 0.64864861965179443359 0.66561013460159301758 0.61038959026336669922 0.3064263463020324707 0.26128175854682922363 0.25389409065246582031 0.25389409065246582031 0.25137469172477722168 0.25485625863075256348 0.27937132120132446289 0.55805772542953491211 0.53907382488250732422 0.55823570489883422852 0.62240529060363769531
0.60623407363891601562 0.61223870515823364258 0.59549230337142944336 0.59187334775924682617 0.57957601547241210938 0.58113652467727661133 0.58113652467727661133 0.58680558204650878906 0.55263906717300415039 0.56089478731155395508 0.62100183963775634766 0.68250375986099243164 0.67752999067306518555 0.61871016025543212891 0.61871016025543212891 0.68299710750579833984 0.73589915037155151367 0.43416544795036315918 0.52595496177673339844 0.61593174934387207031 0.6616871953010559082 0.67262613773345947266 0.67262613773345947266 0.65819090604782104492 0.62665528059005737305 0.63548952341079711914 0.64836102724075317383 0.57822024822235107422 0.27301588654518127441 0.25812619924545288086 0.25612649321556091309 0.25612649321556091309 0.25285094976425170898 0.2573807835578918457 0.33142390847206115723 0.79388177394866943359 0.81146132946014404297 0.81081080436706542969 0.80112993717193603516
0.59785693883895874023 0.60049092769622802734 0.59289371967315673828 0.59313875436782836914 0.58023220300674438477 0.58023220300674438477 0.57009345293045043945 0.57553344964981079102 0.55635756254196166992 0.56447297334671020508 0.60066282749176025391 0.62618482112884521484 0.62039494514465332031 0.60699468851089477539 0.60699468851089477539 0.63605093955993652344 0.6706517338752746582 0.63356006145477294922 0.61045891046524047852 0.66884940862655639648 0.69349396228790283203 0.68942308425903320312 0.68942308425903320312 0.72890734672546386719 0.68060839176177978516 0.60072761774063110352 0.61775046586990356445 0.51390057802200317383 0.26955816149711608887 0.25773194432258605957 0.25773194432258605957 0.25658693909645080566 0.25737053155899047852 0.27321565151214599609 0.46943312883377075195 0.80734217166900634766 0.82305473089218139648 0.82312923669815063477 0.81403309106826782227
0.62046509981155395508 0.61235612630844116211 0.60876089334487915039 0.60344827175140380859 0.57357710599899291992 0.57357710599899291992 0.5545851588249206543 0.55702477693557739258 0.55543678998947143555 0.56447297334671020508 0.57093054056167602539 0.58177828788757324219 0.58772176504135131836 0.58772176504135131836 0.64459347724914550781 0.6567020416259765625 0.65912002325057983398 0.69793325662612915039 0.70735716819763183594 0.69672501087188720703 0.48898217082023620605 0.4595635533332824707 0.4595635533332824707 0.77053290605545043945 0.75379127264022827148 0.62279152870178222656 0.59412783384323120117 0.4091866910457611084 0.2667757868766784668 0.25501203536987304688 0.25501203536987304688 0.2576383054256439209 0.26077857613563537598 0.29112833738327026367 0.66791939735412597656 0.83060920238494873047 0.82719630002975463867 0.82902586460113525391 0.81997674703598022461
0.62442469596862792969 0.59696507453918457031 0.59149938821792602539 0.58452141284942626953 0.57450473308563232422 0.57450473308563232422 0.5776684880256652832 0.57428181171417236328 0.56878304481506347656 0.5639412999153137207 0.56860530376434326172 0.62065219879150390625 0.57915163040161132812 0.57915163040161132812 0.65969473123550415039 0.66902238130569458008 0.63165682554244995117 0.72305333614349365234 0.75429618358612060547 0.73535120487213134766 0.65384614467620849609 0.67599815130233764648 0.67599815130233764648 0.76049035787582397461 0.7433993220329284668 0.65277779102325439453 0.60748440027236938477 0.33692499995231628418 0.26614561676979064941 0.26350244879722595215 0.26350244879722595215 0.25904121994972229004 0.26409494876861572266 0.33207011222839355469 0.80925577878952026367 0.83313471078872680664 0.82114303112030029297 0.81860464811325073242 0.81860464811325073242
0.60652709007263183594 0.58277744054794311523 0.58301383256912231445 0.59008747339248657227 0.58330935239791870117 0.58330935239791870117 0.59780412912368774414 0.59425193071365356445 0.59115427732467651367 0.57880580425262451172 0.63747906684875488281 0.71292346715927124023 0.63963961601257324219 0.63963961601257324219 0.60012102127075195312 0.67708927392959594727 0.66516381502151489258 0.67468655109405517578 0.73475933074951171875 0.7573426365852355957 0.70150434970855712891 0.70150434970855712891 0.7617079615592956543 0.77830028533935546875 0.73281908035278320312 0.67821586132049560547 0.63028764724731445312 0.4186325371265411377 0.27130433917045593262 0.25935268402099609375 0.25935268402099609375 0.26189455389976501465 0.26946631073951721191 0.37117904424667358398 0.83828485012054443359 0.84279209375381469727 0.82048958539962768555 0.81636846065521240234 0.81636846065521240234
0.58533579111099243164 0.5855363011360168457 0.5833581089973449707 0.59544658660888671875 0.59544658660888671875 0.58297133445739746094 0.59068411588668823242 0.58571016788482666016 0.59491527080535888672 0.59742438793182373047 0.72145283222198486328 0.75635015964508056641 0.64478766918182373047 0.64478766918182373047 0.61204606294631958008 0.68818718194961547852 0.67542856931686401367 0.64455413818359375 0.66902905702590942383 0.68558281660079956055 0.68594342470169067383 0.68594342470169067383 0.77665400505065917969 0.79398548603057861328 0.77740305662155151367 0.71720224618911743164 0.73892331123352050781 0.65737706422805786133 0.50803369283676147461 0.35301351547241210938 0.35301351547241210938 0.29142856597900390625 0.28633934259414672852 0.5254237055778503418 0.85202312469482421875 0.86031746864318847656 0.84197974205017089844 0.81801748275756835938 0.81801748275756835938
