samples/ndvi/map_ndvi_2017-04-01.asc
ncols        322
nrows        306
xllcorner    -53.726171018035
yllcorner    -28.476684338117
cellsize     0.000269494585
NODATA_value  -9999
[rows 85 to 101 of 306, columns 117 to 155 of 322]
0.50299400091171264648 0.65970426797866821289 0.80036777257919311523 0.92793309688568115234 0.60409384965896606445 0.37669491767883300781 0.29681977629661560059 0.29763051867485046387 0.29763051867485046387 0.29554188251495361328 0.30674847960472106934 0.30872741341590881348 0.28758674860000610352 0.27944663166999816895 0.2803497016429901123 0.28140899538993835449 0.28622186183929443359 0.28622186183929443359 0.28845781087875366211 0.28868180513381958008 0.28270363807678222656 0.28109407424926757812 0.2779369652271270752 0.2762139439582824707 0.27757620811462402344 0.27757620811462402344 0.27964535355567932129 0.28119862079620361328 0.27412691712379455566 0.33552902936935424805 0.49193549156188964844 0.36562252044677734375 0.25693252682685852051 0.25693252682685852051 0.25177472829818725586 0.24872389435768127441 0.2515856325626373291 0.24917413294315338135 0.24594078958034515381
0.84215533733367919922 0.86762666702270507812 0.8727372288703918457 0.85446524620056152344 0.45820370316505432129 0.3044897913932800293 0.29722222685813903809 0.29454684257507324219 0.29454684257507324219 0.29062137007713317871 0.28755202889442443848 0.2792758941650390625 0.27259260416030883789 0.27491408586502075195 0.27685385942459106445 0.28188434243202209473 0.28188434243202209473 0.2895348966121673584 0.29286515712738037109 0.28928434848785400391 0.28164497017860412598 0.28382059931755065918 0.28140524029731750488 0.27857393026351928711 0.28051000833511352539 0.28051000833511352539 0.28071454167366027832 0.282848358154296875 0.28798788785934448242 0.43799057602882385254 0.43175625801086425781 0.25737202167510986328 0.24971699714660644531 0.24971699714660644531 0.24568764865398406982 0.24849048256874084473 0.24563445150852203369 0.24377879500389099121 0.245630607008934021
0.81752872467041015625 0.85608464479446411133 0.85209006071090698242 0.78824126720428466797 0.60427331924438476562 0.41459503769874572754 0.29299879074096679688 0.28704422712326049805 0.28704422712326049805 0.2810935676097869873 0.28201249241828918457 0.28235295414924621582 0.27872538566589355469 0.28185766935348510742 0.28169015049934387207 0.28356525301933288574 0.28356525301933288574 0.28764045238494873047 0.28806135058403015137 0.28248795866966247559 0.27886587381362915039 0.28245645761489868164 0.28137475252151489258 0.27862140536308288574 0.28085929155349731445 0.28085929155349731445 0.28125545382499694824 0.27621036767959594727 0.28925931453704833984 0.4629764556884765625 0.31592968106269836426 0.2461538463830947876 0.25607216358184814453 0.25607216358184814453 0.25574976205825805664 0.26253548264503479004 0.25145381689071655273 0.24886877834796905518 0.24729698896408081055
0.81100142002105712891 0.71709716320037841797 0.43814122676849365234 0.4535840153694152832 0.67006224393844604492 0.54189705848693847656 0.3120784759521484375 0.28957834839820861816 0.28957834839820861816 0.28815534710884094238 0.28434380888938903809 0.28289723396301269531 0.2859020233154296875 0.28582173585891723633 0.28459236025810241699 0.28399184346199035645 0.28399184346199035645 0.28032246232032775879 0.27677586674690246582 0.27810204029083251953 0.27870678901672363281 0.28201439976692199707 0.28212195634841918945 0.27764627337455749512 0.27764627337455749512 0.27689412236213684082 0.27384614944458007812 0.27275916934013366699 0.30892169475555419922 0.32584270834922790527 0.26058232784271240234 0.26086956262588500977 0.22619047760963439941 0.22619047760963439941 0.22191780805587768555 0.2544676661491394043 0.25563362240791320801 0.26212707161903381348 0.25870427489280700684
0.68565511703491210938 0.39815762639045715332 0.27885091304779052734 0.26685041189193725586 0.25038167834281921387 0.29990494251251220703 0.2877076268196105957 0.2877076268196105957 0.28607594966888427734 0.28403428196907043457 0.28762209415435791016 0.28146991133689880371 0.28910133242607116699 0.28942415118217468262 0.28658875823020935059 0.28358763456344604492 0.28358763456344604492 0.2772166132926940918 0.27816969156265258789 0.2771358191967010498 0.2786032557487487793 0.28205129504203796387 0.28164833784103393555 0.27785420417785644531 0.27785420417785644531 0.27990263700485229492 0.27428671717643737793 0.28843951225280761719 0.31717357039451599121 0.27233532071113586426 0.24832813441753387451 0.25114354491233825684 0.24613711237907409668 0.24613711237907409668 0.24607095122337341309 0.21037311851978302002 0.25442537665367126465 0.27159905433654785156 0.26760563254356384277
0.38194444775581359863 0.29008921980857849121 0.27767354249954223633 0.27879491448402404785 0.27583783864974975586 0.2761770784854888916 0.27438467741012573242 0.27438467741012573242 0.28044945001602172852 0.29090908169746398926 0.28879836201667785645 0.29635316133499145508 0.29489165544509887695 0.29586589336395263672 0.28693711757659912109 0.28358763456344604492 0.28427839279174804688 0.27977100014686584473 0.27749091386795043945 0.27660390734672546387 0.27814948558807373047 0.27826905250549316406 0.27899801731109619141 0.28454416990280151367 0.28454416990280151367 0.28596490621566772461 0.27742391824722290039 0.29734185338020324707 0.25553125143051147461 0.24800354242324829102 0.2436905205249786377 0.24368005990982055664 0.24368005990982055664 0.24465267360210418701 0.24548223614692687988 0.24291321635246276855 0.2471411973237991333 0.27370029687881469727 0.31057062745094299316
0.27960446476936340332 0.28622582554817199707 0.27686533331871032715 0.26902857422828674316 0.26536247134208679199 0.26699909567832946777 0.2691179811954498291 0.2691179811954498291 0.26744708418846130371 0.26510369777679443359 0.27236843109130859375 0.27065172791481018066 0.28402957320213317871 0.28108832240104675293 0.29076659679412841797 0.29076659679412841797 0.28996649384498596191 0.28506609797477722168 0.27954679727554321289 0.27840349078178405762 0.28176796436309814453 0.28064325451850891113 0.27900287508964538574 0.28566095232963562012 0.28566095232963562012 0.28938263654708862305 0.27879241108894348145 0.25127333402633666992 0.2117420583963394165 0.24412070214748382568 0.24227117002010345459 0.24845996499061584473 0.24845996499061584473 0.24596856534481048584 0.24560339748859405518 0.2429085075855255127 0.24925941228866577148 0.36020943522453308105 0.63906979560852050781
0.34465196728706359863 0.28554362058639526367 0.2687307894229888916 0.26883721351623535156 0.26603817939758300781 0.26166328787803649902 0.25907552242279052734 0.25907552242279052734 0.25775977969169616699 0.25727170705795288086 0.25774583220481872559 0.27104040980339050293 0.2828890681266784668 0.29113394021987915039 0.29452472925186157227 0.29452472925186157227 0.28286683559417724609 0.28932118415832519531 0.2883955538272857666 0.29161652922630310059 0.28697749972343444824 0.28218412399291992188 0.27942353487014770508 0.27942353487014770508 0.28179845213890075684 0.30528798699378967285 0.28097063302993774414 0.21789321303367614746 0.24690492451190948486 0.249689444899559021 0.24447149038314819336 0.24183006584644317627 0.24183006584644317627 0.24351255595684051514 0.24207492172718048096 0.24140703678131103516 0.2406724095344543457 0.34623542428016662598 0.80266499519348144531
0.48548662662506103516 0.33105969429016113281 0.27845036983489990234 0.27321082353591918945 0.27307417988777160645 0.27089202404022216797 0.27089202404022216797 0.26129031181335449219 0.25510907173156738281 0.25321102142333984375 0.25256204605102539062 0.25186356902122497559 0.25767147541046142578 0.27569988369941711426 0.27224901318550109863 0.27224901318550109863 0.26638334989547729492 0.2686437070369720459 0.28517270088195800781 0.3103732764720916748 0.30310359597206115723 0.28760623931884765625 0.27970144152641296387 0.27970144152641296387 0.27764025330543518066 0.31311440467834472656 0.24869044125080108643 0.2572314143180847168 0.27078384160995483398 0.25734174251556396484 0.26525476574897766113 0.26174217462539672852 0.26174217462539672852 0.24979491531848907471 0.24586144089698791504 0.24338518083095550537 0.2519238591194152832 0.25611150264739990234 0.48430928587913513184
0.44301524758338928223 0.32141056656837463379 0.28012049198150634766 0.27295982837677001953 0.27263632416725158691 0.27765122056007385254 0.27765122056007385254 0.27318170666694641113 0.26578560471534729004 0.27395209670066833496 0.26606401801109313965 0.25659584999084472656 0.2712815701961517334 0.26590910553932189941 0.25901052355766296387 0.25901052355766296387 0.25505337119102478027 0.25919201970100402832 0.25694137811660766602 0.27296531200408935547 0.29119831323623657227 0.28741669654846191406 0.28348398208618164062 0.28348398208618164062 0.28436911106109619141 0.27913767099380493164 0.20247378945350646973 0.25863820314407348633 0.26576253771781921387 0.25668087601661682129 0.25438597798347473145 0.25438597798347473145 0.25880357623100280762 0.24845743179321289062 0.24502234160900115967 0.23902633786201477051 0.23836164176464080811 0.2458089292049407959 0.27088949084281921387
0.26473987102508544922 0.28099367022514343262 0.27408143877983093262 0.28189140558242797852 0.27926987409591674805 0.28887689113616943359 0.28887689113616943359 0.29059350490570068359 0.31921735405921936035 0.32621157169342041016 0.30466508865356445312 0.28724440932273864746 0.30293625593185424805 0.27373018860816955566 0.27373018860816955566 0.25149568915367126465 0.25571271777153015137 0.25658044219017028809 0.25744149088859558105 0.25417688488960266113 0.26966804265975952148 0.27910760045051574707 0.29057651758193969727 0.29057651758193969727 0.30145719647407531738 0.27656251192092895508 0.20622780919075012207 0.24883550405502319336 0.25578069686889648438 0.25214171409606933594 0.25426009297370910645 0.25426009297370910645 0.25163257122039794922 0.24884015321731567383 0.247646331787109375 0.24223601818084716797 0.23736177384853363037 0.23787075281143188477 0.24081140756607055664
0.26376298069953918457 0.27332746982574462891 0.28288447856903076172 0.29053419828414916992 0.29484638571739196777 0.28727272152900695801 0.28727272152900695801 0.29728275537490844727 0.33222591876983642578 0.46021330356597900391 0.48493304848670959473 0.32669889926910400391 0.43210554122924804688 0.44263106584548950195 0.44263106584548950195 0.28443732857704162598 0.25571271777153015137 0.25595495104789733887 0.25195619463920593262 0.25016918778419494629 0.25881814956665039062 0.2755356132984161377 0.27128502726554870605 0.27128502726554870605 0.26498076319694519043 0.26683431863784790039 0.244070395827293396 0.24845016002655029297 0.24940504133701324463 0.25071632862091064453 0.25142315030097961426 0.25142315030097961426 0.2517853081226348877 0.25022342801094055176 0.24854995310306549072 0.24137930572032928467 0.23687887191772460938 0.23572416603565216064 0.23630611598491668701
0.25873488187789916992 0.26261493563652038574 0.26707530021667480469 0.27541267871856689453 0.27576974034309387207 0.27859649062156677246 0.27859649062156677246 0.27947816252708435059 0.31454643607139587402 0.61084270477294921875 0.55665349960327148438 0.34843650460243225098 0.54846781492233276367 0.53531277179718017578 0.53531277179718017578 0.28746592998504638672 0.25449544191360473633 0.25869703292846679688 0.25410711765289306641 0.25210455060005187988 0.2612571418285369873 0.2803389132022857666 0.2803389132022857666 0.26766481995582580566 0.20996038615703582764 0.24105668067932128906 0.25319039821624755859 0.25527271628379821777 0.25306415557861328125 0.2509708702564239502 0.25381210446357727051 0.25381210446357727051 0.24946081638336181641 0.24557316303253173828 0.24479638040065765381 0.24182723462581634521 0.23970037698745727539 0.23848515748977661133 0.24118477106094360352
0.26256984472274780273 0.26110747456550598145 0.25796595215797424316 0.2584514617919921875 0.26783728599548339844 0.26783728599548339844 0.26974266767501831055 0.28193110227584838867 0.31721419095993041992 0.71397501230239868164 0.26789975166320800781 0.26356130838394165039 0.57979798316955566406 0.39259257912635803223 0.39259257912635803223 0.26768010854721069336 0.25651809573173522949 0.24968260526657104492 0.25410711765289306641 0.25467187166213989258 0.25816696882247924805 0.2616208195686340332 0.2616208195686340332 0.2557646334171295166 0.21914084255695343018 0.25751635432243347168 0.25951728224754333496 0.25889328122138977051 0.25625455379486083984 0.25244140625 0.25244140625 0.25219574570655822754 0.25262105464935302734 0.24969549477100372314 0.25099229812622070312 0.24685251712799072266 0.24246396124362945557 0.24018771946430206299 0.24152365326881408691
0.27042627334594726562 0.27455699443817138672 0.26553428173065185547 0.26101988554000854492 0.26798561215400695801 0.26798561215400695801 0.2714901268482208252 0.26821345090866088867 0.29773554205894470215 0.62473195791244506836 0.27692309021949768066 0.32099115848541259766 0.42559707164764404297 0.42559707164764404297 0.28918206691741943359 0.2701136171817779541 0.25358441472053527832 0.26813736557960510254 0.2551632225513458252 0.25863221287727355957 0.26496520638465881348 0.26655349135398864746 0.26655349135398864746 0.29116746783256530762 0.28608924150466918945 0.2526582181453704834 0.25378879904747009277 0.2532373964786529541 0.25350439548492431641 0.25372415781021118164 0.25372415781021118164 0.25810444355010986328 0.25423729419708251953 0.24937281012535095215 0.24926972389221191406 0.25122463703155517578 0.24620611965656280518 0.24706923961639404297 0.24326673150062561035
0.26926445960998535156 0.26251897215843200684 0.26263499259948730469 0.26130759716033935547 0.26020297408103942871 0.26020297408103942871 0.25800865888595581055 0.26860135793685913086 0.26824733614921569824 0.29572290182113647461 0.41290166974067687988 0.31252911686897277832 0.26243230700492858887 0.26243230700492858887 0.26696357131004333496 0.28745555877685546875 0.2936109006404876709 0.29809829592704772949 0.27358490228652954102 0.25946444272994995117 0.27217555046081542969 0.3165467679500579834 0.3165467679500579834 0.4753577113151550293 0.43879741430282592773 0.34871426224708557129 0.26692271232604980469 0.25621008872985839844 0.25571531057357788086 0.25589066743850708008 0.25589066743850708008 0.2553494870662689209 0.25447851419448852539 0.25639116764068603516 0.25289908051490783691 0.25030466914176940918 0.25041696429252624512 0.25029048323631286621 0.25029048323631286621
0.26938864588737487793 0.26890572905540466309 0.26542261242866516113 0.26161158084869384766 0.26026815176010131836 0.26026815176010131836 0.26120033860206604004 0.25702217221260070801 0.25672876834869384766 0.26470589637756347656 0.27497380971908569336 0.27595803141593933105 0.26609158515930175781 0.26609158515930175781 0.26802217960357666016 0.26987150311470031738 0.28406012058258056641 0.26981920003890991211 0.26533591747283935547 0.24842309951782226562 0.25372406840324401855 0.25372406840324401855 0.32322379946708679199 0.51876604557037353516 0.69468086957931518555 0.71983915567398071289 0.41591694951057434082 0.25179511308670043945 0.25805681943893432617 0.259876251220703125 0.259876251220703125 0.25590178370475769043 0.25593796372413635254 0.25575757026672363281 0.25986135005950927734 0.25782555341720581055 0.25368803739547729492 0.25257360935211181641 0.25257360935211181641
