samples/ndvi/map_ndvi_2017-02-28.asc
ncols        322
nrows        306
xllcorner    -53.726171018035
yllcorner    -28.476684338117
cellsize     0.000269494585
NODATA_value  -9999
[rows 255 to 271 of 306, columns 0 to 38 of 322]
0.90791964530944824219 0.90747058391571044922 0.90170776844024658203 0.90170776844024658203 0.90074908733367919922 0.91103076934814453125 0.9128564000129699707 0.91489362716674804688 0.91714137792587280273 0.92021274566650390625 0.90430402755737304688 0.90430402755737304688 0.89538806676864624023 0.91051262617111206055 0.91504102945327758789 0.91404771804809570312 0.91397440433502197266 0.91671377420425415039 0.9177570343017578125 0.9218692779541015625 0.9218692779541015625 0.92855882644653320312 0.93024069070816040039 0.92740541696548461914 0.91103631258010864258 0.89473682641983032227 0.90256279706954956055 0.90478795766830444336 0.90478795766830444336 0.90409713983535766602 0.89643621444702148438 0.89672541618347167969 0.90021556615829467773 0.90567040443420410156 0.90546447038650512695 0.89969348907470703125 0.89969348907470703125 0.90319579839706420898 0.90944230556488037109
0.90631520748138427734 0.9034220576286315918 0.90145915746688842773 0.90145915746688842773 0.90711390972137451172 0.91313791275024414062 0.91163212060928344727 0.91114270687103271484 0.91595166921615600586 0.92180997133255004883 0.90199637413024902344 0.90199637413024902344 0.89925926923751831055 0.91491776704788208008 0.91728913784027099609 0.91394150257110595703 0.91442823410034179688 0.91459482908248901367 0.91608917713165283203 0.91608917713165283203 0.92510449886322021484 0.92973166704177856445 0.92853176593780517578 0.9078490138053894043 0.89887356758117675781 0.89740961790084838867 0.90412026643753051758 0.90862941741943359375 0.90862941741943359375 0.90449261665344238281 0.89331662654876708984 0.89671969413757324219 0.89790165424346923828 0.90167796611785888672 0.89783191680908203125 0.89121580123901367188 0.89121580123901367188 0.89836066961288452148 0.90544581413269042969
0.9070568084716796875 0.89550238847732543945 0.89550238847732543945 0.90584295988082885742 0.90902364253997802734 0.91112732887268066406 0.90730905532836914062 0.91104680299758911133 0.91656357049942016602 0.92127919197082519531 0.90700131654739379883 0.90700131654739379883 0.90860217809677124023 0.91893827915191650391 0.91754484176635742188 0.91557824611663818359 0.91574531793594360352 0.91493386030197143555 0.91752195358276367188 0.91752195358276367188 0.92812216281890869141 0.93078327178955078125 0.91740816831588745117 0.90205681324005126953 0.89890980720520019531 0.90305304527282714844 0.90802764892578125 0.90854531526565551758 0.90854531526565551758 0.90415912866592407227 0.90358048677444458008 0.89647215604782104492 0.89390069246292114258 0.90269333124160766602 0.90253984928131103516 0.9051570892333984375 0.9051570892333984375 0.90645879507064819336 0.90563070774078369141
0.90379846096038818359 0.89875835180282592773 0.89875835180282592773 0.9093087315559387207 0.91015768051147460938 0.91226464509963989258 0.90949225425720214844 0.91150766611099243164 0.91369473934173583984 0.91970288753509521484 0.91354465484619140625 0.91354465484619140625 0.91389757394790649414 0.92091387510299682617 0.91519701480865478516 0.91565811634063720703 0.91604936122894287109 0.91705936193466186523 0.91807228326797485352 0.91807228326797485352 0.92989397048950195312 0.9274546504020690918 0.90042597055435180664 0.89933836460113525391 0.90363198518753051758 0.9060109257698059082 0.90504628419876098633 0.90504628419876098633 0.90545451641082763672 0.90640097856521606445 0.90796554088592529297 0.90481925010681152344 0.89503818750381469727 0.90257716178894042969 0.90382242202758789062 0.9051570892333984375 0.90747123956680297852 0.91219252347946166992 0.90803259611129760742
0.90108841657638549805 0.90368700027465820312 0.90368700027465820312 0.90979379415512084961 0.90987360477447509766 0.90864062309265136719 0.90608245134353637695 0.90867412090301513672 0.91385501623153686523 0.91991305351257324219 0.91991305351257324219 0.91702175140380859375 0.91529107093811035156 0.92219018936157226562 0.91776192188262939453 0.91535395383834838867 0.91484510898590087891 0.9168078303337097168 0.92146790027618408203 0.92146790027618408203 0.92936152219772338867 0.91905325651168823242 0.9008528590202331543 0.90171045064926147461 0.90103316307067871094 0.90260672569274902344 0.90877795219421386719 0.90877795219421386719 0.89905565977096557617 0.89027112722396850586 0.89933848381042480469 0.90347260236740112305 0.90290695428848266602 0.90241032838821411133 0.90547412633895874023 0.90547412633895874023 0.90850478410720825195 0.90889370441436767578 0.90391558408737182617
0.90423923730850219727 0.90633195638656616211 0.90633195638656616211 0.9091923832893371582 0.9078801274299621582 0.90646952390670776367 0.90797883272171020508 0.91128009557723999023 0.91410166025161743164 0.91908931732177734375 0.91908931732177734375 0.91614162921905517578 0.91674810647964477539 0.92148309946060180664 0.91786527633666992188 0.91575723886489868164 0.91601449251174926758 0.91677802801132202148 0.91677802801132202148 0.92010456323623657227 0.92720764875411987305 0.91295599937438964844 0.90442764759063720703 0.90380138158798217773 0.90663522481918334961 0.90626704692840576172 0.90618926286697387695 0.90618926286697387695 0.90151274204254150391 0.88250911235809326172 0.8850574493408203125 0.89596468210220336914 0.90259009599685668945 0.90286052227020263672 0.91289198398590087891 0.91289198398590087891 0.88485759496688842773 0.90544772148132324219 0.88144826889038085938
0.9074249267578125 0.90754717588424682617 0.90754717588424682617 0.90793889760971069336 0.90572011470794677734 0.90614527463912963867 0.91068172454833984375 0.9121157526969909668 0.91631203889846801758 0.92130112648010253906 0.92130112648010253906 0.91685718297958374023 0.90440362691879272461 0.91942447423934936523 0.91762703657150268555 0.91554778814315795898 0.91886174678802490234 0.91412961483001708984 0.91412961483001708984 0.91854685544967651367 0.92790651321411132812 0.91109836101531982422 0.90486723184585571289 0.9043731689453125 0.90460437536239624023 0.90820586681365966797 0.904022216796875 0.904022216796875 0.90635657310485839844 0.89870214462280273438 0.89352691173553466797 0.88983923196792602539 0.8943347930908203125 0.9081065058708190918 0.90798556804656982422 0.90798556804656982422 0.90542167425155639648 0.89722311496734619141 0.88318473100662231445
0.90606582164764404297 0.90606582164764404297 0.90492421388626098633 0.90677648782730102539 0.90582543611526489258 0.90927606821060180664 0.91136944293975830078 0.91406667232513427734 0.91928720474243164062 0.92179757356643676758 0.92179757356643676758 0.90666019916534423828 0.89554208517074584961 0.90495449304580688477 0.91386270523071289062 0.91996949911117553711 0.91916048526763916016 0.91394013166427612305 0.91394013166427612305 0.91614663600921630859 0.92474615573883056641 0.91296678781509399414 0.90427929162979125977 0.9030640721321105957 0.89663934707641601562 0.89773070812225341797 0.89773070812225341797 0.90280264616012573242 0.89861482381820678711 0.8893820643424987793 0.89805197715759277344 0.89690721035003662109 0.90012562274932861328 0.91068303585052490234 0.90765172243118286133 0.90765172243118286133 0.90116459131240844727 0.88665449619293212891 0.8921833038330078125
0.90675729513168334961 0.90675729513168334961 0.90675902366638183594 0.90695089101791381836 0.90942561626434326172 0.91072738170623779297 0.91279172897338867188 0.917270660400390625 0.92102974653244018555 0.92102974653244018555 0.9162241816520690918 0.89491152763366699219 0.89766234159469604492 0.89573228359222412109 0.89960014820098876953 0.91236001253128051758 0.91700446605682373047 0.91869920492172241211 0.91869920492172241211 0.91859102249145507812 0.92155975103378295898 0.90893369913101196289 0.90184724330902099609 0.90607160329818725586 0.90150016546249389648 0.89648681879043579102 0.89648681879043579102 0.89746832847595214844 0.89403569698333740234 0.89759033918380737305 0.90611487627029418945 0.90600687265396118164 0.90542685985565185547 0.90503323078155517578 0.90503323078155517578 0.90965729951858520508 0.89864653348922729492 0.89848673343658447266 0.89915966987609863281
0.90813648700714111328 0.90813648700714111328 0.90625 0.90904068946838378906 0.91086047887802124023 0.91271281242370605469 0.9150606989860534668 0.92025291919708251953 0.92359787225723266602 0.92359787225723266602 0.91013878583908081055 0.89647197723388671875 0.89585441350936889648 0.90205371379852294922 0.9083003997802734375 0.89000242948532104492 0.91084051132202148438 0.91989058256149291992 0.91989058256149291992 0.92001551389694213867 0.92092019319534301758 0.91115987300872802734 0.90624135732650756836 0.90443503856658935547 0.89555823802947998047 0.89928984642028808594 0.89928984642028808594 0.89267712831497192383 0.89952903985977172852 0.90511173009872436523 0.89793437719345092773 0.90697675943374633789 0.89350974559783935547 0.89496856927871704102 0.89496856927871704102 0.90493714809417724609 0.89864653348922729492 0.90106219053268432617 0.89825016260147094727
0.90881913900375366211 0.90881913900375366211 0.91030395030975341797 0.90840810537338256836 0.91277706623077392578 0.9135602116584777832 0.91631203889846801758 0.91923820972442626953 0.924152374267578125 0.924152374267578125 0.88724035024642944336 0.88686019182205200195 0.89043247699737548828 0.9002666473388671875 0.89112049341201782227 0.89103490114212036133 0.90709626674652099609 0.90709626674652099609 0.92369943857192993164 0.91902518272399902344 0.92275196313858032227 0.91015976667404174805 0.90937501192092895508 0.90927320718765258789 0.90076941251754760742 0.90669721364974975586 0.90669721364974975586 0.89614838361740112305 0.90084642171859741211 0.90634626150131225586 0.90165948867797851562 0.90714287757873535156 0.90605765581130981445 0.9083232879638671875 0.9083232879638671875 0.91657459735870361328 0.90859889984130859375 0.89907985925674438477 0.9040635228157043457
0.91022729873657226562 0.91028034687042236328 0.91240066289901733398 0.91182363033294677734 0.91474115848541259766 0.91421961784362792969 0.91830241680145263672 0.91931760311126708984 0.92426210641860961914 0.92426210641860961914 0.8979409337043762207 0.89567148685455322266 0.88154506683349609375 0.88954836130142211914 0.89294171333312988281 0.89620190858840942383 0.90889024734497070312 0.90889024734497070312 0.91956895589828491211 0.91965681314468383789 0.92024171352386474609 0.91281604766845703125 0.90531915426254272461 0.9063650965690612793 0.90713357925415039062 0.90713357925415039062 0.90411317348480224609 0.9045257568359375 0.90413814783096313477 0.90197288990020751953 0.89762967824935913086 0.90122658014297485352 0.9042618870735168457 0.90228819847106933594 0.90228819847106933594 0.90514981746673583984 0.90050637722015380859 0.89603364467620849609 0.89457362890243530273
0.91143071651458740234 0.91129332780838012695 0.91237115859985351562 0.91395515203475952148 0.91648972034454345703 0.91848874092102050781 0.92142480611801147461 0.92507916688919067383 0.92311012744903564453 0.92311012744903564453 0.89858132600784301758 0.89031898975372314453 0.88170635700225830078 0.89669513702392578125 0.9125766754150390625 0.91748017072677612305 0.91517251729965209961 0.91517251729965209961 0.91671556234359741211 0.92179411649703979492 0.92484343051910400391 0.91334092617034912109 0.90720796585083007812 0.91198945045471191406 0.91054487228393554688 0.91054487228393554688 0.90486848354339599609 0.9065138697624206543 0.90365743637084960938 0.90364277362823486328 0.90274149179458618164 0.89911383390426635742 0.90164995193481445312 0.90400969982147216797 0.90400969982147216797 0.902496337890625 0.89766079187393188477 0.89065819978713989258 0.89301800727844238281
0.91488569974899291992 0.91352140903472900391 0.91391938924789428711 0.91561031341552734375 0.91662251949310302734 0.91884362697601318359 0.92397660017013549805 0.92538356781005859375 0.92538356781005859375 0.91316074132919311523 0.89907437562942504883 0.89366388320922851562 0.88528299331665039062 0.90900021791458129883 0.91832894086837768555 0.91926264762878417969 0.91846793889999389648 0.91846793889999389648 0.91969114542007446289 0.92407476902008056641 0.92681020498275756836 0.90282130241394042969 0.89546239376068115234 0.90402400493621826172 0.90963202714920043945 0.90963202714920043945 0.90539789199829101562 0.90563416481018066406 0.9063587188720703125 0.89821267127990722656 0.90425533056259155273 0.90216237306594848633 0.903888702392578125 0.903888702392578125 0.90322577953338623047 0.89511537551879882812 0.89152157306671142578 0.88869762420654296875 0.89522701501846313477
0.91752952337265014648 0.91886627674102783203 0.91880339384078979492 0.91902107000350952148 0.91970419883728027344 0.92266714572906494141 0.92750388383865356445 0.92554330825805664062 0.92554330825805664062 0.9011834263801574707 0.88968670368194580078 0.90521782636642456055 0.90768605470657348633 0.91950577497482299805 0.9195830225944519043 0.92150539159774780273 0.92150539159774780273 0.92320531606674194336 0.91950702667236328125 0.92496669292449951172 0.92595404386520385742 0.91524493694305419922 0.89291054010391235352 0.89549177885055541992 0.91121375560760498047 0.91121375560760498047 0.90661478042602539062 0.9097945094108581543 0.89999997615814208984 0.90266299247741699219 0.90326714515686035156 0.88643318414688110352 0.90195471048355102539 0.90195471048355102539 0.90214067697525024414 0.89457362890243530273 0.90131205320358276367 0.89685159921646118164 0.88959908485412597656
0.90740388631820678711 0.91111963987350463867 0.90428209304809570312 0.89945650100708007812 0.87127023935317993164 0.89890027046203613281 0.92630851268768310547 0.91987615823745727539 0.91987615823745727539 0.88958203792572021484 0.89013093709945678711 0.9088795781135559082 0.91563826799392700195 0.92004400491714477539 0.91442215442657470703 0.91413450241088867188 0.91413450241088867188 0.92140376567840576172 0.91711026430130004883 0.92475169897079467773 0.92665779590606689453 0.92145287990570068359 0.88949275016784667969 0.89716958999633789062 0.90957444906234741211 0.90957444906234741211 0.90804594755172729492 0.9086125493049621582 0.90459465980529785156 0.90114301443099975586 0.9015725255012512207 0.88970351219177246094 0.89770150184631347656 0.89770150184631347656 0.898685455322265625 0.90345686674118041992 0.89554440975189208984 0.89685159921646118164 0.89772093296051025391
0.89047151803970336914 0.86895865201950073242 0.82497274875640869141 0.80676054954528808594 0.80267274379730224609 0.87398821115493774414 0.92000001668930053711 0.91579842567443847656 0.91579842567443847656 0.89803922176361083984 0.89218795299530029297 0.90808910131454467773 0.92093706130981445312 0.91655504703521728516 0.87255609035491943359 0.84137928485870361328 0.84137928485870361328 0.90093034505844116211 0.90875464677810668945 0.92018598318099975586 0.92753350734710693359 0.91905879974365234375 0.90153849124908447266 0.90409237146377563477 0.90409237146377563477 0.90290743112564086914 0.90299725532531738281 0.90484184026718139648 0.90318906307220458984 0.89296454191207885742 0.89207732677459716797 0.90029138326644897461 0.90034687519073486328 0.90034687519073486328 0.89922481775283813477 0.90056997537612915039 0.90127193927764892578 0.89895987510681152344 0.89644968509674072266
