samples/ndvi/map_ndvi_2017-11-11.asc
ncols        322
nrows        306
xllcorner    -53.726171018035
yllcorner    -28.476684338117
cellsize     0.000269494585
NODATA_value  -9999
[rows 272 to 288 of 306, columns 234 to 272 of 322]
0.20571057498455047607 0.21442623436450958252 0.2117830812931060791 0.21351291239261627197 0.2116413414478302002 0.20842286944389343262 0.20194844901561737061 0.20194844901561737061 0.20447020232677459717 0.20729406177997589111 0.20234012603759765625 0.19580152630805969238 0.18582130968570709229 0.19375470280647277832 0.18863427639007568359 0.18863427639007568359 0.19200000166893005371 0.20066890120506286621 0.19672131538391113281 0.19610366225242614746 0.20990432798862457275 0.18920889496803283691 0.1953255385160446167 0.20215219259262084961 0.20215219259262084961 0.20426356792449951172 0.21768042445182800293 0.40655106306076049805 0.5028222203254699707 0.1838391721248626709 0.18997912108898162842 0.19374866783618927002 0.19374866783618927002 0.19262909889221191406 0.18976545333862304688 0.19013185799121856689 0.19282510876655578613 0.19501373171806335449 0.19549342989921569824
0.2092409282922744751 0.21581768989562988281 0.21883530914783477783 0.21315142512321472168 0.21718060970306396484 0.20855614542961120605 0.2025136798620223999 0.2025136798620223999 0.20632962882518768311 0.20891481637954711914 0.1988982856273651123 0.18904726207256317139 0.18901874125003814697 0.19225037097930908203 0.18719302117824554443 0.18719302117824554443 0.18723791837692260742 0.19696690142154693604 0.19955736398696899414 0.20363502204418182373 0.20073059201240539551 0.19172863662242889404 0.19691264629364013672 0.2003835141658782959 0.2003835141658782959 0.20248736441135406494 0.23555728793144226074 0.41383144259452819824 0.36401489377021789551 0.19080273807048797607 0.19107744097709655762 0.1925042569637298584 0.1925042569637298584 0.19201888144016265869 0.18970246613025665283 0.19420166313648223877 0.19594302773475646973 0.19838228821754455566 0.20134086906909942627
0.21447721123695373535 0.22010870277881622314 0.22360102832317352295 0.22306455671787261963 0.21810516715049743652 0.21048146486282348633 0.20529530942440032959 0.20529530942440032959 0.20636215806007385254 0.2038834989070892334 0.19907228648662567139 0.18385320901870727539 0.19118745625019073486 0.19137962162494659424 0.18822674453258514404 0.18822674453258514404 0.19187779724597930908 0.1967274099588394165 0.19628597795963287354 0.19787661731243133545 0.19366005063056945801 0.1931361854076385498 0.19694948196411132812 0.19694948196411132812 0.19600075483322143555 0.20053170621395111084 0.2590102851390838623 0.58767157793045043945 0.2498998790979385376 0.18908865749835968018 0.19296759366989135742 0.18836270272731781006 0.18836270272731781006 0.19207252562046051025 0.19059613347053527832 0.19410745799541473389 0.19691450893878936768 0.19975109398365020752 0.19207192957401275635
0.22318181395530700684 0.21887049078941345215 0.22655524313449859619 0.2219495922327041626 0.21750605106353759766 0.21343536674976348877 0.21343536674976348877 0.20861537754535675049 0.20627802610397338867 0.20078817009925842285 0.19884392619132995605 0.18204849958419799805 0.19266401231288909912 0.19036233425140380859 0.18833273649215698242 0.18833273649215698242 0.19355443120002746582 0.19115267693996429443 0.19539803266525268555 0.19245420396327972412 0.18854242563247680664 0.18602967262268066406 0.19923736155033111572 0.19923736155033111572 0.18823099136352539062 0.19605287909507751465 0.30484330654144287109 0.72872644662857055664 0.21967341005802154541 0.18821808695793151855 0.18940849602222442627 0.18940849602222442627 0.19184702634811401367 0.19380511343479156494 0.2009486854076385498 0.19085615873336791992 0.19234006106853485107 0.19010689854621887207 0.20124134421348571777
0.21855810284614562988 0.2167266160249710083 0.21754541993141174316 0.21833117306232452393 0.20929232239723205566 0.20949958264827728271 0.20949958264827728271 0.2056055217981338501 0.20809248089790344238 0.20133046805858612061 0.19884392619132995605 0.18657416105270385742 0.19334720075130462646 0.18534560501575469971 0.18866221606731414795 0.18866221606731414795 0.19687092304229736328 0.19422903656959533691 0.19331128895282745361 0.19038951396942138672 0.19028487801551818848 0.18476881086826324463 0.19280682504177093506 0.19280682504177093506 0.18196342885494232178 0.24034175276756286621 0.46628969907760620117 0.67894595861434936523 0.26457950472831726074 0.18444165587425231934 0.1913248896598815918 0.1913248896598815918 0.19789841771125793457 0.20167143642902374268 0.19740821421146392822 0.1916592717170715332 0.19613134860992431641 0.19887562096118927002 0.17833617329597473145
0.22589595615863800049 0.22675217688083648682 0.22019381821155548096 0.21164020895957946777 0.20748226344585418701 0.20677249133586883545 0.20677249133586883545 0.2074120938777923584 0.2077414095401763916 0.1997635960578918457 0.19667375087738037109 0.19142419099807739258 0.18828761577606201172 0.18352060019969940186 0.18352060019969940186 0.19338843226432800293 0.19355429708957672119 0.18907183408737182617 0.19112251698970794678 0.19303391873836517334 0.18975296616554260254 0.18575341999530792236 0.18513274192810058594 0.18513274192810058594 0.1991195380687713623 0.36794313788414001465 0.77949815988540649414 0.53996193408966064453 0.23563218116760253906 0.18840579688549041748 0.20242369174957275391 0.20242369174957275391 0.20323014259338378906 0.2049144357442855835 0.19857682287693023682 0.18928053975105285645 0.18711216747760772705 0.18107087910175323486 0.16755375266075134277
0.22506989538669586182 0.22828185558319091797 0.22293907403945922852 0.21662920713424682617 0.20971207320690155029 0.20648968219757080078 0.20648968219757080078 0.20707815885543823242 0.20835894346237182617 0.20228481292724609375 0.19198921322822570801 0.1930879056453704834 0.18820944428443908691 0.18486794829368591309 0.18486794829368591309 0.19335180521011352539 0.19238369166851043701 0.18492048978805541992 0.18819864094257354736 0.18609702587127685547 0.18901099264621734619 0.18441273272037506104 0.18441273272037506104 0.16715927422046661377 0.34731575846672058105 0.66978806257247924805 0.85252642631530761719 0.44308680295944213867 0.21255350112915039062 0.19514387845993041992 0.20108327269554138184 0.20108327269554138184 0.19851495325565338135 0.20043908059597015381 0.20173954963684082031 0.18883174657821655273 0.18035796284675598145 0.17391304671764373779 0.17644619941711425781
0.22332859039306640625 0.22340425848960876465 0.21983161568641662598 0.21400438249111175537 0.21318493783473968506 0.20910799503326416016 0.20910799503326416016 0.21066889166831970215 0.206930503249168396 0.20193611085414886475 0.19333459436893463135 0.19693858921527862549 0.18476881086826324463 0.18513299524784088135 0.18513299524784088135 0.19874630868434906006 0.18679408729076385498 0.18744520843029022217 0.18985976278781890869 0.18853324651718139648 0.18735320866107940674 0.19051149487495422363 0.19051149487495422363 0.17941029369831085205 0.56304848194122314453 0.81302255392074584961 0.73525941371917724609 0.40822258591651916504 0.18961147964000701904 0.19513274729251861572 0.19647964835166931152 0.19647964835166931152 0.20397560298442840576 0.18264380097389221191 0.18018455803394317627 0.18361514806747436523 0.17987249791622161865 0.17530551552772521973 0.1724863201379776001
0.22927303612232208252 0.22565092146396636963 0.22026129066944122314 0.2094895094633102417 0.20881862938404083252 0.20881862938404083252 0.20774719119071960449 0.21550646424293518066 0.20314900577068328857 0.19977103173732757568 0.1914494633674621582 0.19185185432434082031 0.18648940324783325195 0.18627277016639709473 0.18627277016639709473 0.19606055319309234619 0.18810486793518066406 0.18609550595283508301 0.18496294319629669189 0.18197818100452423096 0.18596366047859191895 0.18192708492279052734 0.18192708492279052734 0.24696496129035949707 0.7013295292854309082 0.85460335016250610352 0.68224298954010009766 0.38322296738624572754 0.18717277050018310547 0.19533528387546539307 0.19533528387546539307 0.19431500136852264404 0.18710651993751525879 0.18742324411869049072 0.18372203409671783447 0.18069480359554290771 0.17554506659507751465 0.17502646148204803467 0.17161236703395843506
0.23299565911293029785 0.23291558027267456055 0.21928250789642333984 0.21033830940723419189 0.20796909928321838379 0.20796909928321838379 0.20801603794097900391 0.21405228972434997559 0.20104147493839263916 0.19428995251655578613 0.19483436644077301025 0.19075354933738708496 0.18429854512214660645 0.18429854512214660645 0.1897875368595123291 0.19335019588470458984 0.19116337597370147705 0.18701754510402679443 0.18224218487739562988 0.18252018094062805176 0.184041634202003479 0.18771784007549285889 0.18771784007549285889 0.48556640744209289551 0.84622919559478759766 0.85737007856369018555 0.61702126264572143555 0.29395791888236999512 0.1936537623405456543 0.20440882444381713867 0.20440882444381713867 0.19590716063976287842 0.1857039332389831543 0.18485206365585327148 0.18313141167163848877 0.18077276647090911865 0.18108108639717102051 0.1766738593578338623 0.1766738593578338623
0.23433436453342437744 0.2374737858772277832 0.22114108502864837646 0.2113564610481262207 0.21017564833164215088 0.21017564833164215088 0.21306818723678588867 0.21198801696300506592 0.20309258997440338135 0.20098131895065307617 0.19843341410160064697 0.18981818854808807373 0.18283261358737945557 0.18283261358737945557 0.19457994401454925537 0.19229397177696228027 0.19067797064781188965 0.18939657509326934814 0.18301105499267578125 0.19064030051231384277 0.18369527161121368408 0.18988195061683654785 0.18988195061683654785 0.56024789810180664062 0.69999998807907104492 0.64434409141540527344 0.32326984405517578125 0.23122239112854003906 0.21709129214286804199 0.19246965646743774414 0.19246965646743774414 0.18711511790752410889 0.18419843912124633789 0.18371124565601348877 0.18305948376655578613 0.18006952106952667236 0.17382505536079406738 0.18445791304111480713 0.18445791304111480713
0.24958363175392150879 0.25340855121612548828 0.21905590593814849854 0.21260842680931091309 0.21130713820457458496 0.21130713820457458496 0.21520033478736877441 0.20711910724639892578 0.20045644044876098633 0.2026068568229675293 0.19740980863571166992 0.18981818854808807373 0.17956551909446716309 0.17956551909446716309 0.19148936867713928223 0.18768902122974395752 0.18954481184482574463 0.18996667861938476562 0.18159806728363037109 0.19328682124614715576 0.18821541965007781982 0.18821541965007781982 0.18617771565914154053 0.2333129197359085083 0.24383223056793212891 0.21821233630180358887 0.20219123363494873047 0.21752987802028656006 0.19919820129871368408 0.18948891758918762207 0.18948891758918762207 0.18177634477615356445 0.18493150174617767334 0.18128101527690887451 0.18067227303981781006 0.17982655763626098633 0.18574365973472595215 0.1667836308479309082 0.1667836308479309082
0.2542209327220916748 0.24340866506099700928 0.21818181872367858887 0.21333613991737365723 0.21333613991737365723 0.21078920364379882812 0.22025421261787414551 0.20734804868698120117 0.19843903183937072754 0.20368947088718414307 0.19240505993366241455 0.19040749967098236084 0.18166267871856689453 0.18166267871856689453 0.18708990514278411865 0.18624845147132873535 0.18882364034652709961 0.18928571045398712158 0.18434967100620269775 0.19368030130863189697 0.20102381706237792969 0.20102381706237792969 0.20274129509925842285 0.19328956305980682373 0.19156625866889953613 0.19990840554237365723 0.23143881559371948242 0.19793204963207244873 0.18255870044231414795 0.18255870044231414795 0.18188153207302093506 0.17982356250286102295 0.18318317830562591553 0.18863530457019805908 0.18616527318954467773 0.19315646588802337646 0.21594493091106414795 0.24888889491558074951 0.24888889491558074951
0.25018024444580078125 0.24115303158760070801 0.22755922377109527588 0.21438968181610107422 0.21438968181610107422 0.21133506298065185547 0.22226820886135101318 0.21161161363124847412 0.20367045700550079346 0.19623707234859466553 0.18930481374263763428 0.18990042805671691895 0.18518517911434173584 0.18555982410907745361 0.18731278181076049805 0.18350876867771148682 0.18584071099758148193 0.18714286386966705322 0.18518517911434173584 0.19141127169132232666 0.19753798842430114746 0.19753798842430114746 0.19083687663078308105 0.19176515936851501465 0.19731242954730987549 0.19884449243545532227 0.19510439038276672363 0.18422906100749969482 0.18600368499755859375 0.18600368499755859375 0.18288475275039672852 0.18206895887851715088 0.17963935434818267822 0.18339100480079650879 0.20031629502773284912 0.2310937047004699707 0.24027177691459655762 0.24375380575656890869 0.24375380575656890869
0.25845411419868469238 0.25116062164306640625 0.23288269340991973877 0.21740898489952087402 0.21740898489952087402 0.21760292351245880127 0.21987830102443695068 0.21459315717220306396 0.21079534292221069336 0.19714875519275665283 0.19179077446460723877 0.18518517911434173584 0.17877660691738128662 0.18675543367862701416 0.19130434095859527588 0.18621179461479187012 0.18363794684410095215 0.18896797299385070801 0.1899964064359664917 0.18220792710781097412 0.18850859999656677246 0.18850859999656677246 0.17832101881504058838 0.19549217820167541504 0.19139784574508666992 0.18254341185092926025 0.18265682458877563477 0.18488159775733947754 0.18192352354526519775 0.18192352354526519775 0.18344570696353912354 0.18141281604766845703 0.188524588942527771 0.20472441613674163818 0.23759950697422027588 0.23976962268352508545 0.23972396552562713623 0.23972396552562713623 0.24373300373554229736
0.25544267892837524414 0.23903107643127441406 0.22403657436370849609 0.22021514177322387695 0.22021514177322387695 0.23176865279674530029 0.21996377408504486084 0.21421150863170623779 0.21193288266658782959 0.19343271851539611816 0.19395184516906738281 0.17877660691738128662 0.17839662730693817139 0.19223231077194213867 0.19009791314601898193 0.188158378005027771 0.18184991180896759033 0.1811300814151763916 0.17694605886936187744 0.17004945874214172363 0.17004945874214172363 0.16841344535350799561 0.21013268828392028809 0.18186204135417938232 0.18246828019618988037 0.18617145717144012451 0.1822262108325958252 0.18259267508983612061 0.18425926566123962402 0.18425926566123962402 0.18056829273700714111 0.19208745658397674561 0.2189454883337020874 0.24844720959663391113 0.24564087390899658203 0.24606060981750488281 0.24656715989112854004 0.24656715989112854004 0.24061942100524902344
0.2653948366641998291 0.23046092689037322998 0.22327585518360137939 0.22327585518360137939 0.21400935947895050049 0.23245802521705627441 0.21939295530319213867 0.2089274674654006958 0.21080638468265533447 0.19541984796524047852 0.19369369745254516602 0.17839662730693817139 0.17967270314693450928 0.19086988270282745361 0.19125482439994812012 0.18946978449821472168 0.18183405697345733643 0.1814578622579574585 0.17331051826477050781 0.17640341818332672119 0.17640341818332672119 0.17763917148113250732 0.17393320798873901367 0.17417943477630615234 0.17861105501651763916 0.18013544380664825439 0.18077182769775390625 0.18680812418460845947 0.18680812418460845947 0.1890866011381149292 0.20901529490947723389 0.23733003437519073486 0.24551281332969665527 0.24329382181167602539 0.24447174370288848877 0.24421437084674835205 0.24070216715335845947 0.24070216715335845947 0.24286134541034698486
