samples/ndvi/map_ndvi_2017-07-06.asc
ncols        322
nrows        306
xllcorner    -53.726171018035
yllcorner    -28.476684338117
cellsize     0.000269494585
NODATA_value  -9999
[rows 0 to 16 of 306, columns 117 to 155 of 322]
0.73963135480880737305 0.64040601253509521484 0.6213061213493347168 0.6213061213493347168 0.63327997922897338867 0.60580259561538696289 0.55747324228286743164 0.65812647342681884766 0.60390311479568481445 0.55570745468139648438 0.52299702167510986328 0.52299702167510986328 0.51221436262130737305 0.53210663795471191406 0.53495109081268310547 0.51577454805374145508 0.51565188169479370117 0.51757079362869262695 0.5229294896125793457 0.5229294896125793457 0.52019500732421875 0.58128249645233154297 0.75901925563812255859 0.87442570924758911133 0.83817124366760253906 0.80965518951416015625 0.792537689208984375 0.77052575349807739258 0.77052575349807739258 0.73512279987335205078 0.68184119462966918945 0.60736197233200073242 0.52388370037078857422 0.48514851927757263184 0.47861179709434509277 0.48449611663818359375 0.48449611663818359375 0.47262871265411376953 0.44584113359451293945
0.61998838186264038086 0.62899506092071533203 0.62899506092071533203 0.5784962773323059082 0.56575769186019897461 0.72680938243865966797 0.73551261425018310547 0.67787492275238037109 0.52400982379913330078 0.54512399435043334961 0.5107962489128112793 0.5107962489128112793 0.49268293380737304688 0.52983140945434570312 0.52090537548065185547 0.49642160534858703613 0.5056629180908203125 0.50657230615615844727 0.50843375921249389648 0.50843375921249389648 0.57643759250640869141 0.75518012046813964844 0.85148185491561889648 0.84882986545562744141 0.78781449794769287109 0.81632119417190551758 0.8110904693603515625 0.81134968996047973633 0.81134968996047973633 0.81582880020141601562 0.79924720525741577148 0.76213467121124267578 0.66865438222885131836 0.57228446006774902344 0.50853788852691650391 0.48661670088768005371 0.48661670088768005371 0.46782514452934265137 0.44802868366241455078
0.45295405387878417969 0.7228596806526184082 0.7228596806526184082 0.66324943304061889648 0.67875933647155761719 0.7660999298095703125 0.67281526327133178711 0.67478352785110473633 0.66475641727447509766 0.56855791807174682617 0.58580571413040161133 0.58580571413040161133 0.53892034292221069336 0.52170008420944213867 0.49588719010353088379 0.49910447001457214355 0.50771129131317138672 0.51113939285278320312 0.53513151407241821289 0.53513151407241821289 0.74251288175582885742 0.83013504743576049805 0.84039592742919921875 0.84851753711700439453 0.80787092447280883789 0.82558429241180419922 0.82457953691482543945 0.82457953691482543945 0.83860361576080322266 0.84088671207427978516 0.83341670036315917969 0.81350809335708618164 0.78636825084686279297 0.72771638631820678711 0.64770352840423583984 0.57033109664916992188 0.57033109664916992188 0.49959903955459594727 0.46447792649269104004
0.50106608867645263672 0.7228596806526184082 0.66481137275695800781 0.69722151756286621094 0.72835743427276611328 0.61212122440338134766 0.60985094308853149414 0.69991123676300048828 0.72072601318359375 0.68890076875686645508 0.68890076875686645508 0.71885156631469726562 0.63195848464965820312 0.55642020702362060547 0.51506024599075317383 0.50104570388793945312 0.50976270437240600586 0.51109719276428222656 0.67198038101196289062 0.67198038101196289062 0.83054006099700927734 0.81633418798446655273 0.83356070518493652344 0.83586132526397705078 0.83234423398971557617 0.83769249916076660156 0.83654820919036865234 0.83654820919036865234 0.84544992446899414062 0.8515605926513671875 0.84456467628479003906 0.82831323146820068359 0.81468355655670166016 0.79531568288803100586 0.76283556222915649414 0.71245664358139038086 0.71245664358139038086 0.6298701167106628418 0.52931553125381469727
0.74371117353439331055 0.66481137275695800781 0.58586734533309936523 0.75081801414489746094 0.59333330392837524414 0.47938144207000732422 0.66392403841018676758 0.71957999467849731445 0.6770451664924621582 0.74096059799194335938 0.74096059799194335938 0.76821541786193847656 0.75424838066101074219 0.69543147087097167969 0.62268328666687011719 0.54853534698486328125 0.50161814689636230469 0.512226104736328125 0.78370863199234008789 0.78370863199234008789 0.86266869306564331055 0.82243287563323974609 0.82041752338409423828 0.81983429193496704102 0.84177994728088378906 0.84191441535949707031 0.84027779102325439453 0.84027779102325439453 0.84227764606475830078 0.84925371408462524414 0.84021902084350585938 0.82081216573715209961 0.80770224332809448242 0.80515462160110473633 0.79197078943252563477 0.79197078943252563477 0.7731469273567199707 0.73807597160339355469 0.67817342281341552734
0.54100406169891357422 0.58586734533309936523 0.72362077236175537109 0.81398886442184448242 0.65667009353637695312 0.5153744816780090332 0.67261219024658203125 0.54140126705169677734 0.47287949919700622559 0.73428887128829956055 0.73428887128829956055 0.75088387727737426758 0.76902467012405395508 0.77392220497131347656 0.74084806442260742188 0.67816710472106933594 0.60535866022109985352 0.55073958635330200195 0.55073958635330200195 0.8240534663200378418 0.84735578298568725586 0.83720928430557250977 0.84990304708480834961 0.82131981849670410156 0.82684212923049926758 0.8386529088020324707 0.83191168308258056641 0.83191168308258056641 0.84011918306350708008 0.84505659341812133789 0.8422991633415222168 0.8123722076416015625 0.79476439952850341797 0.80241090059280395508 0.78754580020904541016 0.78754580020904541016 0.78472220897674560547 0.77688604593276977539 0.76819407939910888672
0.6122449040412902832 0.6122449040412902832 0.8038190007209777832 0.80849421024322509766 0.80831348896026611328 0.73542964458465576172 0.55441081523895263672 0.42692998051643371582 0.45497953891754150391 0.65789473056793212891 0.65789473056793212891 0.76237624883651733398 0.76346415281295776367 0.76408356428146362305 0.74118882417678833008 0.73822534084320068359 0.73120254278182983398 0.68824940919876098633 0.68824940919876098633 0.78877550363540649414 0.86931079626083374023 0.86023187637329101562 0.85464751720428466797 0.81251710653305053711 0.80815219879150390625 0.82884711027145385742 0.82884711027145385742 0.83055973052978515625 0.83595114946365356445 0.84094840288162231445 0.83783781528472900391 0.82744699716567993164 0.81368720531463623047 0.81093752384185791016 0.80099505186080932617 0.80099505186080932617 0.78944563865661621094 0.78821653127670288086 0.80528658628463745117
0.76975661516189575195 0.76975661516189575195 0.79493737220764160156 0.79588687419891357422 0.78988528251647949219 0.7157135009765625 0.49592390656471252441 0.42619392275810241699 0.41940087080001831055 0.41940087080001831055 0.4658896028995513916 0.61339420080184936523 0.71988797187805175781 0.74748301506042480469 0.74966639280319213867 0.74927878379821777344 0.76204115152359008789 0.76807713508605957031 0.76807713508605957031 0.78226947784423828125 0.8120861053466796875 0.79753762483596801758 0.80535280704498291016 0.79173940420150756836 0.79381990432739257812 0.81086623668670654297 0.81086623668670654297 0.82392776012420654297 0.83184522390365600586 0.83312577009201049805 0.83249998092651367188 0.83199197053909301758 0.82037466764450073242 0.81042653322219848633 0.79887670278549194336 0.79887670278549194336 0.79746836423873901367 0.79554390907287597656 0.80369991064071655273
0.75409394502639770508 0.75409394502639770508 0.80045008659362792969 0.78828942775726318359 0.7834231257438659668 0.67441862821578979492 0.47521662712097167969 0.43325027823448181152 0.41705650091171264648 0.41705650091171264648 0.4022140204906463623 0.43431442975997924805 0.53432834148406982422 0.6837012171745300293 0.74862486124038696289 0.75664186477661132812 0.75939059257507324219 0.78552836179733276367 0.78552836179733276367 0.78812378644943237305 0.78162366151809692383 0.80132448673248291016 0.79035639762878417969 0.78779238462448120117 0.78101789951324462891 0.79190748929977416992 0.79190748929977416992 0.8134479522705078125 0.82270914316177368164 0.82877230644226074219 0.83207261562347412109 0.82722377777099609375 0.82362043857574462891 0.81827569007873535156 0.81827569007873535156 0.81138974428176879883 0.80722892284393310547 0.79556715488433837891 0.80768239498138427734
0.77629894018173217773 0.77629894018173217773 0.80045008659362792969 0.79975032806396484375 0.78553366661071777344 0.64279401302337646484 0.44606623053550720215 0.43736729025840759277 0.41977077722549438477 0.41977077722549438477 0.4099082648754119873 0.39992761611938476562 0.38659977912902832031 0.42507860064506530762 0.57957166433334350586 0.71544247865676879883 0.76039117574691772461 0.76039117574691772461 0.77552610635757446289 0.79106855392456054688 0.77684962749481201172 0.80569005012512207031 0.78765285015106201172 0.78944301605224609375 0.78142696619033813477 0.78781282901763916016 0.78781282901763916016 0.80738788843154907227 0.81159418821334838867 0.82708489894866943359 0.82734912633895874023 0.82521784305572509766 0.82442551851272583008 0.82292205095291137695 0.82292205095291137695 0.81417077779769897461 0.80996644496917724609 0.79654908180236816406 0.79994857311248779297
0.76265090703964233398 0.80601358413696289062 0.81634128093719482422 0.81643700599670410156 0.78371566534042358398 0.62384498119354248047 0.43586006760597229004 0.43571171164512634277 0.41895353794097900391 0.41895353794097900391 0.40681654214859008789 0.40410220623016357422 0.39454093575477600098 0.4002818763256072998 0.42330029606819152832 0.52057480812072753906 0.63881403207778930664 0.63881403207778930664 0.74505609273910522461 0.77943527698516845703 0.78944247961044311523 0.81186336278915405273 0.80380672216415405273 0.79805493354797363281 0.79406732320785522461 0.79433017969131469727 0.79433017969131469727 0.80217391252517700195 0.80026775598526000977 0.81012994050979614258 0.80550456047058105469 0.8146718144416809082 0.81631076335906982422 0.81925851106643676758 0.81925851106643676758 0.81927084922790527344 0.81157541275024414062 0.79922777414321899414 0.79760122299194335938
0.76915323734283447266 0.80370461940765380859 0.819133758544921875 0.83835947513580322266 0.80400002002716064453 0.60789304971694946289 0.43782192468643188477 0.43543544411659240723 0.48705214262008666992 0.48705214262008666992 0.52987015247344970703 0.45883941650390625 0.41879752278327941895 0.40873855352401733398 0.41064503788948059082 0.40487116575241088867 0.42876902222633361816 0.42876902222633361816 0.52252817153930664062 0.61450046300888061523 0.74597495794296264648 0.81436395645141601562 0.79637873172760009766 0.78743124008178710938 0.79635947942733764648 0.79635947942733764648 0.79994475841522216797 0.79994547367095947266 0.79764187335968017578 0.79885214567184448242 0.80311161279678344727 0.81029951572418212891 0.81068462133407592773 0.81088680028915405273 0.81088680028915405273 0.81093508005142211914 0.79958677291870117188 0.79179489612579345703 0.79847329854965209961
0.7828457951545715332 0.81595975160598754883 0.83409476280212402344 0.86362534761428833008 0.82365590333938598633 0.55444484949111938477 0.44591438770294189453 0.43666404485702514648 0.43666404485702514648 0.52237737178802490234 0.56962025165557861328 0.5563380122184753418 0.50199735164642333984 0.44092017412185668945 0.40870186686515808105 0.40598887205123901367 0.40276816487312316895 0.40276816487312316895 0.39488926529884338379 0.44244104623794555664 0.59349071979522705078 0.72418177127838134766 0.76676738262176513672 0.7736180424690246582 0.78544938564300537109 0.78544938564300537109 0.79713404178619384766 0.80016422271728515625 0.7944183349609375 0.79644322395324707031 0.79919028282165527344 0.79920530319213867188 0.80623197555541992188 0.80623197555541992188 0.80319285392761230469 0.80281692743301391602 0.79870969057083129883 0.78775513172149658203 0.79492437839508056641
0.79051482677459716797 0.83412545919418334961 0.84776264429092407227 0.87987107038497924805 0.83749586343765258789 0.53701114654541015625 0.44703477621078491211 0.45885187387466430664 0.45885187387466430664 0.52413016557693481445 0.57860404253005981445 0.59582543373107910156 0.60221332311630249023 0.56934535503387451172 0.50789052248001098633 0.45534506440162658691 0.45534506440162658691 0.41270393133163452148 0.40680941939353942871 0.45475026965141296387 0.48471289873123168945 0.50210648775100708008 0.59218752384185791016 0.69896769523620605469 0.77967095375061035156 0.77967095375061035156 0.78194206953048706055 0.78985303640365600586 0.78906893730163574219 0.79913604259490966797 0.79935097694396972656 0.80608671903610229492 0.80334836244583129883 0.80334836244583129883 0.7944622039794921875 0.79187685251235961914 0.79685038328170776367 0.78470981121063232422 0.79918658733367919922
0.80799514055252075195 0.84425383806228637695 0.86705410480499267578 0.86277484893798828125 0.85268324613571166992 0.73002421855926513672 0.51104563474655151367 0.45607396960258483887 0.45607396960258483887 0.51298189163208007812 0.60404723882675170898 0.60361522436141967773 0.6141338348388671875 0.61205846071243286133 0.59285062551498413086 0.5542964935302734375 0.5542964935302734375 0.46791443228721618652 0.42005610466003417969 0.43817862868309020996 0.4958985745906829834 0.47972455620765686035 0.43897858262062072754 0.46999999880790710449 0.61116397380828857422 0.61116397380828857422 0.7321376800537109375 0.77131783962249755859 0.78736263513565063477 0.79978585243225097656 0.80513918399810791016 0.80639958381652832031 0.80281692743301391602 0.80281692743301391602 0.796436309814453125 0.78197515010833740234 0.78203082084655761719 0.7864583134651184082 0.80154240131378173828
0.83408623933792114258 0.86832594871520996094 0.84756898880004882812 0.85389608144760131836 0.85543072223663330078 0.81130766868591308594 0.62593346834182739258 0.46031746268272399902 0.46031746268272399902 0.52343440055847167969 0.58757257461547851562 0.61026304960250854492 0.62291467189788818359 0.6373494267463684082 0.63920205831527709961 0.60975611209869384766 0.60975611209869384766 0.57624113559722900391 0.54661899805068969727 0.49283489584922790527 0.49674770236015319824 0.49866461753845214844 0.48082822561264038086 0.45116969943046569824 0.45116969943046569824 0.44616520404815673828 0.53493148088455200195 0.66096425056457519531 0.74025231599807739258 0.7865568995475769043 0.79525864124298095703 0.79683732986450195312 0.79892760515213012695 0.79892760515213012695 0.79596233367919921875 0.78573364019393920898 0.780620574951171875 0.79334038496017456055 0.80356234312057495117
0.83762198686599731445 0.86470144987106323242 0.85765981674194335938 0.85389608144760131836 0.85194176435470581055 0.82747888565063476562 0.70421987771987915039 0.70421987771987915039 0.60000002384185791016 0.54541909694671630859 0.5773480534553527832 0.61738580465316772461 0.6328029632568359375 0.63738209009170532227 0.63118952512741088867 0.62634259462356567383 0.62634259462356567383 0.63591021299362182617 0.61920350790023803711 0.57482993602752685547 0.54794943332672119141 0.52318841218948364258 0.4789180457592010498 0.47295743227005004883 0.47295743227005004883 0.46444779634475708008 0.46532517671585083008 0.48619529604911804199 0.54410368204116821289 0.65115600824356079102 0.73867404460906982422 0.79348987340927124023 0.7936719059944152832 0.7936719059944152832 0.79387485980987548828 0.79088473320007324219 0.7926959991455078125 0.81110233068466186523 0.80352514982223510742
