samples/ndvi/map_ndvi_2017-07-22.asc
ncols        322
nrows        306
xllcorner    -53.726171018035
yllcorner    -28.476684338117
cellsize     0.000269494585
NODATA_value  -9999
[rows 255 to 271 of 306, columns 273 to 311 of 322]
0.55585831403732299805 0.56387305259704589844 0.5719738006591796875 0.56610900163650512695 0.56621986627578735352 0.56621986627578735352 0.57244658470153808594 0.58442926406860351562 0.59287399053573608398 0.61634737253189086914 0.59541785717010498047 0.56980937719345092773 0.58018386363983154297 0.57820737361907958984 0.57820737361907958984 0.57511913776397705078 0.59473818540573120117 0.61031806468963623047 0.61694091558456420898 0.61766451597213745117 0.59206247329711914062 0.67596954107284545898 0.67596954107284545898 0.74353522062301635742 0.77070868015289306641 0.74055635929107666016 0.63518339395523071289 0.60767590999603271484 0.59264707565307617188 0.62097060680389404297 0.62504446506500244141 0.62504446506500244141 0.60414177179336547852 0.70703870058059692383 0.73823285102844238281 0.78057777881622314453 0.78606534004211425781 0.77543014287948608398 0.59822946786880493164
0.55530726909637451172 0.58450311422348022461 0.57026141881942749023 0.57967913150787353516 0.57112860679626464844 0.57112860679626464844 0.55300861597061157227 0.56853580474853515625 0.58185607194900512695 0.57365775108337402344 0.59344434738159179688 0.56045711040496826172 0.55358541011810302734 0.58161729574203491211 0.58161729574203491211 0.57641816139221191406 0.59363341331481933594 0.59540462493896484375 0.59638553857803344727 0.58775925636291503906 0.59820312261581420898 0.65490412712097167969 0.65490412712097167969 0.71860939264297485352 0.72251707315444946289 0.76364761590957641602 0.74407058954238891602 0.69943505525588989258 0.67023169994354248047 0.64173096418380737305 0.64173096418380737305 0.61389958858489990234 0.68872869014739990234 0.75173538923263549805 0.67501097917556762695 0.67154812812805175781 0.74418604373931884766 0.72804880142211914062 0.59428757429122924805
0.55460751056671142578 0.58210647106170654297 0.58817201852798461914 0.56549352407455444336 0.56105178594589233398 0.56105178594589233398 0.56578260660171508789 0.57146561145782470703 0.55876177549362182617 0.55437386035919189453 0.56117022037506103516 0.56736445426940917969 0.57135194540023803711 0.57135194540023803711 0.56850391626358032227 0.57204794883728027344 0.57976073026657104492 0.59293359518051147461 0.5967496037483215332 0.60692769289016723633 0.64438962936401367188 0.67098701000213623047 0.67098701000213623047 0.66256380081176757812 0.64352333545684814453 0.75833028554916381836 0.77113527059555053711 0.7564322352409362793 0.75467777252197265625 0.75511574745178222656 0.75511574745178222656 0.75541484355926513672 0.75089222192764282227 0.73559820652008056641 0.67463105916976928711 0.54566901922225952148 0.69119101762771606445 0.67261725664138793945 0.67261725664138793945
0.55086916685104370117 0.56653565168380737305 0.56385278701782226562 0.5549640655517578125 0.57004958391189575195 0.57004958391189575195 0.58034318685531616211 0.56542176008224487305 0.55396443605422973633 0.53952622413635253906 0.53079175949096679688 0.53792548179626464844 0.56605285406112670898 0.56605285406112670898 0.57866805791854858398 0.58908420801162719727 0.60494464635848999023 0.61985957622528076172 0.63041859865188598633 0.62046372890472412109 0.60742706060409545898 0.60742706060409545898 0.61847501993179321289 0.57891976833343505859 0.53689426183700561523 0.66466617584228515625 0.75584232807159423828 0.75970792770385742188 0.73266178369522094727 0.71248877048492431641 0.71248877048492431641 0.69995522499084472656 0.72370487451553344727 0.74954360723495483398 0.69399881362915039062 0.52023988962173461914 0.60787880420684814453 0.70836979150772094727 0.70836979150772094727
0.5719044804573059082 0.57723128795623779297 0.56116086244583129883 0.55961841344833374023 0.56889355182647705078 0.56889355182647705078 0.5617592930793762207 0.56015938520431518555 0.55022650957107543945 0.53952622413635253906 0.53177618980407714844 0.5419476628303527832 0.54360622167587280273 0.54360622167587280273 0.56491601467132568359 0.5965893864631652832 0.60476189851760864258 0.61367696523666381836 0.638965606689453125 0.56483519077301025391 0.63342320919036865234 0.63342320919036865234 0.66774594783782958984 0.61181235313415527344 0.54306048154830932617 0.57366591691970825195 0.61691743135452270508 0.67875647544860839844 0.66435843706130981445 0.64300715923309326172 0.64300715923309326172 0.60333865880966186523 0.67696380615234375 0.74735057353973388672 0.74451857805252075195 0.55591481924057006836 0.52594411373138427734 0.69542557001113891602 0.69542557001113891602
0.5795828700065612793 0.57436043024063110352 0.57069200277328491211 0.55839318037033081055 0.55839318037033081055 0.55166000127792358398 0.55974507331848144531 0.55835795402526855469 0.5359827876091003418 0.52017331123352050781 0.53759092092514038086 0.54287242889404296875 0.54814416170120239258 0.54814416170120239258 0.59740608930587768555 0.57785654067993164062 0.55895543098449707031 0.55019658803939819336 0.54622799158096313477 0.61443245410919189453 0.6707286834716796875 0.6707286834716796875 0.67364656925201416016 0.6290009617805480957 0.60009694099426269531 0.61474794149398803711 0.63553792238235473633 0.6090672612190246582 0.67720186710357666016 0.67720186710357666016 0.63764703273773193359 0.65187418460845947266 0.78174471855163574219 0.79781615734100341797 0.8028354644775390625 0.67809623479843139648 0.44875732064247131348 0.61198455095291137695 0.61198455095291137695
0.57246965169906616211 0.57358700037002563477 0.56265091896057128906 0.55388337373733520508 0.55388337373733520508 0.53747326135635375977 0.54727029800415039062 0.53499597311019897461 0.52608698606491088867 0.52449089288711547852 0.5456975102424621582 0.55784338712692260742 0.55784338712692260742 0.56781733036041259766 0.59742695093154907227 0.59694010019302368164 0.55788904428482055664 0.53807806968688964844 0.58526086807250976562 0.64877301454544067383 0.68401968479156494141 0.68401968479156494141 0.69170576333999633789 0.65508562326431274414 0.63182049989700317383 0.64879071712493896484 0.67031764984130859375 0.61380994319915771484 0.58452951908111572266 0.58452951908111572266 0.59271520376205444336 0.71570795774459838867 0.80897581577301025391 0.83399468660354614258 0.83511644601821899414 0.79662060737609863281 0.5881595611572265625 0.5881595611572265625 0.45888593792915344238
0.56929755210876464844 0.57158648967742919922 0.55351352691650390625 0.54229122400283813477 0.54229122400283813477 0.52891248464584350586 0.52068322896957397461 0.51536577939987182617 0.52103382349014282227 0.53077751398086547852 0.55825245380401611328 0.55992358922958374023 0.55992358922958374023 0.57376158237457275391 0.59087204933166503906 0.60664975643157958984 0.59568428993225097656 0.58654367923736572266 0.62572485208511352539 0.66986155509948730469 0.70226711034774780273 0.70226711034774780273 0.69309324026107788086 0.66368806362152099609 0.63575607538223266602 0.67966485023498535156 0.68912971019744873047 0.66193282604217529297 0.62467288970947265625 0.62467288970947265625 0.57993477582931518555 0.64522683620452880859 0.79216152429580688477 0.82438313961029052734 0.83787333965301513672 0.84092289209365844727 0.72135895490646362305 0.72135895490646362305 0.49022892117500305176
0.57522606849670410156 0.56796920299530029297 0.54592251777648925781 0.52915996313095092773 0.52915996313095092773 0.51618945598602294922 0.51267373561859130859 0.51457369327545166016 0.51929259300231933594 0.53759998083114624023 0.55573815107345581055 0.54281055927276611328 0.54281055927276611328 0.58724200725555419922 0.60471975803375244141 0.62722760438919067383 0.6041666865348815918 0.60372567176818847656 0.64639323949813842773 0.68639725446701049805 0.68639725446701049805 0.69293874502182006836 0.67039906978607177734 0.64312267303466796875 0.60615199804306030273 0.68881410360336303711 0.63564354181289672852 0.60126584768295288086 0.58524978160858154297 0.58524978160858154297 0.57446807622909545898 0.60602796077728271484 0.71778142452239990234 0.80837827920913696289 0.84284251928329467773 0.84961926937103271484 0.83097058534622192383 0.83097058534622192383 0.63564461469650268555
0.57798671722412109375 0.55776673555374145508 0.52845525741577148438 0.52845525741577148438 0.50918918848037719727 0.51538461446762084961 0.52409476041793823242 0.51579505205154418945 0.53333336114883422852 0.5524399876594543457 0.53479558229446411133 0.54206371307373046875 0.54206371307373046875 0.64990913867950439453 0.65787965059280395508 0.6287224888801574707 0.63389241695404052734 0.65650469064712524414 0.67868852615356445312 0.66846197843551635742 0.66846197843551635742 0.64180004596710205078 0.63652914762496948242 0.61527252197265625 0.62649548053741455078 0.60211849212646484375 0.61617416143417358398 0.61803227663040161133 0.61803227663040161133 0.51107716560363769531 0.54830718040466308594 0.58268678188323974609 0.7140992283821105957 0.81037414073944091797 0.85654598474502563477 0.86195617914199829102 0.85610252618789672852 0.85610252618789672852 0.74946349859237670898
0.57964599132537841797 0.54829704761505126953 0.51755809783935546875 0.51755809783935546875 0.52331322431564331055 0.53779464960098266602 0.53100878000259399414 0.53313815593719482422 0.54151046276092529297 0.55039179325103759766 0.53479558229446411133 0.55834728479385375977 0.55834728479385375977 0.61793828010559082031 0.64559024572372436523 0.6551329493522644043 0.66986793279647827148 0.65046727657318115234 0.64113926887512207031 0.62655860185623168945 0.62655860185623168945 0.63590389490127563477 0.65927243232727050781 0.65823113918304443359 0.67507570981979370117 0.67768812179565429688 0.682819366455078125 0.64368844032287597656 0.64368844032287597656 0.52430045604705810547 0.550235748291015625 0.58407801389694213867 0.68093383312225341797 0.8041089177131652832 0.84717351198196411133 0.85943633317947387695 0.86960953474044799805 0.86960953474044799805 0.80295020341873168945
0.56694680452346801758 0.54420429468154907227 0.53568500280380249023 0.53568500280380249023 0.55865460634231567383 0.54440569877624511719 0.54027295112609863281 0.54944759607315063477 0.5423501133918762207 0.53620874881744384766 0.54010695219039916992 0.57657903432846069336 0.59829062223434448242 0.61244398355484008789 0.62621361017227172852 0.63262945413589477539 0.64713376760482788086 0.63199472427368164062 0.61019790172576904297 0.60308015346527099609 0.60308015346527099609 0.68004757165908813477 0.70660936832427978516 0.71861922740936279297 0.72761857509613037109 0.72360557317733764648 0.70670747756958007812 0.67785596847534179688 0.67785596847534179688 0.62590730190277099609 0.58362424373626708984 0.58487528562545776367 0.62147653102874755859 0.77763658761978149414 0.84470987319946289062 0.83942830562591552734 0.83942830562591552734 0.85203057527542114258 0.84881603717803955078
0.54910969734191894531 0.54386949539184570312 0.5344638824462890625 0.5344638824462890625 0.54668837785720825195 0.56045752763748168945 0.56272011995315551758 0.5522708892822265625 0.53829729557037353516 0.55845570564270019531 0.57657903432846069336 0.57435625791549682617 0.57414060831069946289 0.6163603663444519043 0.6324494481086730957 0.64566260576248168945 0.63673746585845947266 0.60842263698577880859 0.61541157960891723633 0.61541157960891723633 0.65411764383316040039 0.71413528919219970703 0.71828067302703857422 0.72099018096923828125 0.7115039825439453125 0.70529103279113769531 0.62565201520919799805 0.62742340564727783203 0.62742340564727783203 0.5525500178337097168 0.52754372358322143555 0.52936476469039916992 0.58925747871398925781 0.73033708333969116211 0.82009994983673095703 0.83372366428375244141 0.83372366428375244141 0.8246784210205078125 0.85139918327331542969
0.54252874851226806641 0.52204680442810058594 0.52204680442810058594 0.53812515735626220703 0.56267106533050537109 0.56521737575531005859 0.556575775146484375 0.5573857426643371582 0.58574235439300537109 0.58432900905609130859 0.57435625791549682617 0.54190230369567871094 0.56399798393249511719 0.62785917520523071289 0.63886725902557373047 0.66086214780807495117 0.69874233007431030273 0.66500496864318847656 0.62472683191299438477 0.62472683191299438477 0.70490944385528564453 0.71967935562133789062 0.720279693603515625 0.71063607931137084961 0.70179545879364013672 0.67798531055450439453 0.5993836522102355957 0.53818184137344360352 0.53818184137344360352 0.52676242589950561523 0.53889411687850952148 0.53536754846572875977 0.54609340429306030273 0.61551624536514282227 0.73119062185287475586 0.78918623924255371094 0.78918623924255371094 0.76534050703048706055 0.81074166297912597656
0.53414094448089599609 0.52922075986862182617 0.52922075986862182617 0.54849314689636230469 0.55683374404907226562 0.54424899816513061523 0.55744683742523193359 0.57758110761642456055 0.59739154577255249023 0.55573165416717529297 0.54190230369567871094 0.54702395200729370117 0.57767492532730102539 0.61437565088272094727 0.61687266826629638672 0.6533101201057434082 0.77207332849502563477 0.72555375099182128906 0.61302328109741210938 0.61302328109741210938 0.67083787918090820312 0.70937502384185791016 0.72618746757507324219 0.72452348470687866211 0.72337126731872558594 0.68057876825332641602 0.67886853218078613281 0.67886853218078613281 0.6864808201789855957 0.69457322359085083008 0.68492406606674194336 0.65128487348556518555 0.61802709102630615234 0.65612328052520751953 0.61847823858261108398 0.63952767848968505859 0.63952767848968505859 0.66809725761413574219 0.75386780500411987305
0.54203057289123535156 0.54357296228408813477 0.54357296228408813477 0.55323821306228637695 0.54678201675415039062 0.54081630706787109375 0.55611956119537353516 0.57330882549285888672 0.56785613298416137695 0.54699295759201049805 0.54699295759201049805 0.57135194540023803711 0.55443173646926879883 0.57606118917465209961 0.59783196449279785156 0.62415242195129394531 0.78242677450180053711 0.75972926616668701172 0.62319791316986083984 0.62319791316986083984 0.65550512075424194336 0.70664590597152709961 0.71859812736511230469 0.70554494857788085938 0.65747910737991333008 0.69528621435165405273 0.73892652988433837891 0.73892652988433837891 0.72690761089324951172 0.72893965244293212891 0.73326307535171508789 0.70416104793548583984 0.67065870761871337891 0.59423345327377319336 0.58092260360717773438 0.58092260360717773438 0.59522891044616699219 0.54571783542633056641 0.53051179647445678711
0.55260980129241943359 0.54560351371765136719 0.54560351371765136719 0.54284191131591796875 0.54868459701538085938 0.55157470703125 0.55040144920349121094 0.55515694618225097656 0.55659276247024536133 0.57231348752975463867 0.57231348752975463867 0.57135194540023803711 0.56748384237289428711 0.59192717075347900391 0.62459707260131835938 0.64825868606567382812 0.63010632991790771484 0.60975611209869384766 0.60975611209869384766 0.6054598689079284668 0.62931811809539794922 0.67450767755508422852 0.65730929374694824219 0.64485490322113037109 0.62701499462127685547 0.6798642277717590332 0.6866334080696105957 0.6866334080696105957 0.6769936680793762207 0.65548503398895263672 0.64366447925567626953 0.61998218297958374023 0.66400945186614990234 0.58753615617752075195 0.5287030339241027832 0.5287030339241027832 0.63864666223526000977 0.53213542699813842773 0.47752395272254943848
