samples/ndvi/map_ndvi_2017-04-01.asc
ncols        322
nrows        306
xllcorner    -53.726171018035
yllcorner    -28.476684338117
cellsize     0.000269494585
NODATA_value  -9999
[rows 102 to 118 of 306, columns 273 to 311 of 322]
0.57972198724746704102 0.65937030315399169922 0.50328749418258666992 0.32412523031234741211 0.4672572016716003418 0.40890687704086303711 0.40391460061073303223 0.4283828437328338623 0.4283828437328338623 0.2953929603099822998 0.53335464000701904297 0.65245902538299560547 0.45973604917526245117 0.46178862452507019043 0.49014312028884887695 0.5263563990592956543 0.5263563990592956543 0.51542311906814575195 0.50119519233703613281 0.50632584095001220703 0.51341682672500610352 0.57963383197784423828 0.58074223995208740234 0.4904645383358001709 0.4904645383358001709 0.46855267882347106934 0.47871807217597961426 0.4466196894645690918 0.44309800863265991211 0.47400611639022827148 0.50653189420700073242 0.42632430791854858398 0.33461046218872070312 0.33461046218872070312 0.26597616076469421387 0.24625267088413238525 0.24325366318225860596 0.24244742095470428467 0.26209756731986999512
0.48301669955253601074 0.6005961298942565918 0.50795078277587890625 0.37688171863555908203 0.57901120185852050781 0.5290164947509765625 0.45696595311164855957 0.45696595311164855957 0.44868585467338562012 0.39309605956077575684 0.65357041358947753906 0.72586774826049804688 0.47545218467712402344 0.46137452125549316406 0.47242596745491027832 0.52099949121475219727 0.52099949121475219727 0.51690822839736938477 0.51117092370986938477 0.50563609600067138672 0.51211631298065185547 0.55474859476089477539 0.59028571844100952148 0.48902589082717895508 0.48902589082717895508 0.46855267882347106934 0.45835462212562561035 0.43680593371391296387 0.44399893283843994141 0.47058823704719543457 0.47436898946762084961 0.47035780549049377441 0.47035780549049377441 0.44542163610458374023 0.36829999089241027832 0.29362937808036804199 0.25732383131980895996 0.24854369461536407471 0.24936634302139282227
0.592716217041015625 0.52833390235900878906 0.4509925544261932373 0.43138742446899414062 0.51530188322067260742 0.51959222555160522461 0.53737115859985351562 0.53737115859985351562 0.62179124355316162109 0.65404117107391357422 0.78710997104644775391 0.68817758560180664062 0.4919191896915435791 0.46749868988990783691 0.47271245718002319336 0.47271245718002319336 0.50530612468719482422 0.51429349184036254883 0.51965534687042236328 0.5155875086784362793 0.50719231367111206055 0.48650136590003967285 0.47698390483856201172 0.46289753913879394531 0.46289753913879394531 0.45081534981727600098 0.45025640726089477539 0.43778070807456970215 0.44843873381614685059 0.45654448866844177246 0.4787044227123260498 0.46327537298202514648 0.46327537298202514648 0.44622173905372619629 0.46061924099922180176 0.43295803666114807129 0.37915235757827758789 0.30828595161437988281 0.26319861412048339844
0.58040201663970947266 0.35714286565780639648 0.44520753622055053711 0.4068965613842010498 0.45374190807342529297 0.43557110428810119629 0.56527131795883178711 0.56527131795883178711 0.69816726446151733398 0.71638286113739013672 0.81768953800201416016 0.74350279569625854492 0.53247433900833129883 0.47693106532096862793 0.47986489534378051758 0.47986489534378051758 0.49761524796485900879 0.50013595819473266602 0.52193564176559448242 0.50373929738998413086 0.4957173466682434082 0.47971877455711364746 0.4797993004322052002 0.49096792936325073242 0.49096792936325073242 0.46638655662536621094 0.47247245907783508301 0.45265889167785644531 0.44197139143943786621 0.42467993497848510742 0.45803108811378479004 0.46501418948173522949 0.46501418948173522949 0.44501486420631408691 0.43624526262283325195 0.44310721755027770996 0.45357239246368408203 0.44992133975028991699 0.37039577960968017578
0.51411688327789306641 0.2741412818431854248 0.51387053728103637695 0.62368625402450561523 0.45485326647758483887 0.42572283744812011719 0.55674517154693603516 0.55674517154693603516 0.65808582305908203125 0.60111463069915771484 0.80990898609161376953 0.60015469789505004883 0.59587019681930541992 0.56960368156433105469 0.63165152072906494141 0.63165152072906494141 0.54172116518020629883 0.49166217446327209473 0.48667377233505249023 0.49307036399841308594 0.48597627878189086914 0.4924901127815246582 0.48836031556129455566 0.48836031556129455566 0.48616400361061096191 0.49775111675262451172 0.52658659219741821289 0.47654071450233459473 0.4491907656192779541 0.43393146991729736328 0.44394141435623168945 0.46042597293853759766 0.46042597293853759766 0.44651037454605102539 0.44548621773719787598 0.44235923886299133301 0.44580277800559997559 0.44902506470680236816 0.46078705787658691406
0.53056919574737548828 0.36750999093055725098 0.4011790156364440918 0.64491474628448486328 0.41731026768684387207 0.39425250887870788574 0.39425250887870788574 0.36075598001480102539 0.43134284019470214844 0.58385962247848510742 0.72552847862243652344 0.5373134613037109375 0.52434110641479492188 0.57417583465576171875 0.6650899052619934082 0.6650899052619934082 0.67563068866729736328 0.594486236572265625 0.52100002765655517578 0.48670756816864013672 0.49287170171737670898 0.4928131401538848877 0.49485546350479125977 0.49485546350479125977 0.48796069622039794922 0.50346875190734863281 0.5654703974723815918 0.51107752323150634766 0.4684333503246307373 0.46766683459281921387 0.44670593738555908203 0.44357663393020629883 0.44357663393020629883 0.44320952892303466797 0.44606256484985351562 0.45251396298408508301 0.45711997151374816895 0.45028603076934814453 0.42571508884429931641
0.32034468650817871094 0.33739838004112243652 0.28668171167373657227 0.36935749650001525879 0.38466688990592956543 0.35394126176834106445 0.35394126176834106445 0.38225343823432922363 0.47076022624969482422 0.60135900974273681641 0.62551438808441162109 0.62096160650253295898 0.62854951620101928711 0.57361876964569091797 0.46421125531196594238 0.46421125531196594238 0.53915172815322875977 0.66988044977188110352 0.67388361692428588867 0.56690728664398193359 0.4984143674373626709 0.51461839675903320312 0.56715309619903564453 0.56715309619903564453 0.54851198196411132812 0.51962709426879882812 0.64968883991241455078 0.53644675016403198242 0.45157033205032348633 0.46232074499130249023 0.45464304089546203613 0.45464304089546203613 0.4336185455322265625 0.44486486911773681641 0.43486538529396057129 0.44008713960647583008 0.44920507073402404785 0.45238736271858215332 0.42864969372749328613
0.49770951271057128906 0.31726908683776855469 0.22537025809288024902 0.19882826507091522217 0.31872212886810302734 0.35231098532676696777 0.35231098532676696777 0.46078991889953613281 0.5673796534538269043 0.65091556310653686523 0.74279254674911499023 0.65425401926040649414 0.59508240222930908203 0.66499555110931396484 0.66499555110931396484 0.61947166919708251953 0.54202556610107421875 0.46867972612380981445 0.44703391194343566895 0.53995472192764282227 0.6065228581428527832 0.67823958396911621094 0.61594557762145996094 0.61594557762145996094 0.54837173223495483398 0.54371201992034912109 0.64968883991241455078 0.61345332860946655273 0.49682015180587768555 0.45608913898468017578 0.44486692547798156738 0.44486692547798156738 0.425632476806640625 0.44555526971817016602 0.42611590027809143066 0.41905027627944946289 0.42605826258659362793 0.4222590327262878418 0.43355482816696166992
0.47830399870872497559 0.51719975471496582031 0.43589743971824645996 0.30771845579147338867 0.32098764181137084961 0.33842578530311584473 0.33842578530311584473 0.40700483322143554688 0.54577368497848510742 0.40436866879463195801 0.74254143238067626953 0.6884765625 0.61965376138687133789 0.69859594106674194336 0.69859594106674194336 0.67560040950775146484 0.64204335212707519531 0.59851551055908203125 0.46703130006790161133 0.35389831662178039551 0.43727740645408630371 0.65415984392166137695 0.65415984392166137695 0.6568381190299987793 0.57090336084365844727 0.55087029933929443359 0.69244980812072753906 0.65670955181121826172 0.58082658052444458008 0.43298131227493286133 0.43878656625747680664 0.43878656625747680664 0.43905779719352722168 0.43223646283149719238 0.42363435029983520508 0.42976355552673339844 0.42325839400291442871 0.40942230820655822754 0.40944883227348327637
0.28673258423805236816 0.35279536247253417969 0.48994767665863037109 0.4688008725643157959 0.52879291772842407227 0.52879291772842407227 0.2874749302864074707 0.28764414787292480469 0.31689041852951049805 0.3725611567497253418 0.68555241823196411133 0.7939364314079284668 0.67257386445999145508 0.69961237907409667969 0.69961237907409667969 0.62654322385787963867 0.55275326967239379883 0.65538460016250610352 0.69156956672668457031 0.46853145956993103027 0.31378665566444396973 0.30519479513168334961 0.30519479513168334961 0.38311687111854553223 0.50624293088912963867 0.55773198604583740234 0.61084908246994018555 0.59690320491790771484 0.58711278438568115234 0.45789894461631774902 0.4449838101863861084 0.4449838101863861084 0.44320952892303466797 0.4336185455322265625 0.44026365876197814941 0.44276696443557739258 0.43256074190139770508 0.42012822628021240234 0.41578653454780578613
0.41588661074638366699 0.48668003082275390625 0.45809602737426757812 0.53338783979415893555 0.6053670048713684082 0.6053670048713684082 0.49876609444618225098 0.43969553709030151367 0.38052567839622497559 0.47060579061508178711 0.72140920162200927734 0.84787362813949584961 0.74565756320953369141 0.68230515718460083008 0.68230515718460083008 0.66566717624664306641 0.60561186075210571289 0.62326872348785400391 0.66732048988342285156 0.59668511152267456055 0.42452830076217651367 0.2906036078929901123 0.2906036078929901123 0.26560050249099731445 0.27631160616874694824 0.34372079372406005859 0.45189505815505981445 0.34280252456665039062 0.43399250507354736328 0.44386780261993408203 0.44386780261993408203 0.46115088462829589844 0.44955098628997802734 0.42302432656288146973 0.4243094027042388916 0.44641396403312683105 0.44048604369163513184 0.43820226192474365234 0.42554968595504760742
0.56808167695999145508 0.46769767999649047852 0.44999998807907104492 0.38280126452445983887 0.43022581934928894043 0.43022581934928894043 0.51604509353637695312 0.48947367072105407715 0.56471872329711914062 0.64385056495666503906 0.79006457328796386719 0.86547082662582397461 0.8133487701416015625 0.8133487701416015625 0.75586533546447753906 0.70946443080902099609 0.71243709325790405273 0.69684356451034545898 0.64723926782608032227 0.69518119096755981445 0.65675598382949829102 0.40109100937843322754 0.40109100937843322754 0.29572224617004394531 0.26821893453598022461 0.25856697559356689453 0.26993006467819213867 0.25989961624145507812 0.26897320151329040527 0.32219019532203674316 0.32219019532203674316 0.41864407062530517578 0.50081652402877807617 0.45843622088432312012 0.41841235756874084473 0.4288876652717590332 0.43741440773010253906 0.43828853964805603027 0.43828853964805603027
0.86127722263336181641 0.5170695185661315918 0.48484849929809570312 0.42972350120544433594 0.41419428586959838867 0.41419428586959838867 0.45475980639457702637 0.38188850879669189453 0.51753580570220947266 0.52188730239868164062 0.72995531558990478516 0.87993919849395751953 0.80470669269561767578 0.80470669269561767578 0.71387284994125366211 0.72175192832946777344 0.71439540386199951172 0.78378379344940185547 0.75791555643081665039 0.80715197324752807617 0.84679579734802246094 0.59689533710479736328 0.59689533710479736328 0.33807829022407531738 0.2761427760124206543 0.26151174306869506836 0.26218488812446594238 0.26535275578498840332 0.26298063993453979492 0.25459611415863037109 0.25459611415863037109 0.35030025243759155273 0.58843344449996948242 0.58927583694458007812 0.48755019903182983398 0.43734842538833618164 0.43983072042465209961 0.44718497991561889648 0.44718497991561889648
0.80972516536712646484 0.65520972013473510742 0.64899450540542602539 0.41511628031730651855 0.4593639671802520752 0.4593639671802520752 0.41929823160171508789 0.46834665536880493164 0.63788467645645141602 0.57864129543304443359 0.7564175724983215332 0.81278127431869506836 0.7706864476203918457 0.7706864476203918457 0.66492694616317749023 0.76695770025253295898 0.71770501136779785156 0.65691292285919189453 0.68573397397994995117 0.79702216386795043945 0.78413951396942138672 0.78413951396942138672 0.55285602807998657227 0.34484744071960449219 0.27239489555358886719 0.26592212915420532227 0.25856164097785949707 0.26535275578498840332 0.26565626263618469238 0.27817815542221069336 0.27817815542221069336 0.50792753696441650391 0.7040843963623046875 0.71554863452911376953 0.72175681591033935547 0.64039283990859985352 0.52938157320022583008 0.46820205450057983398 0.46820205450057983398
0.65732759237289428711 0.83290708065032958984 0.76043468713760375977 0.47012278437614440918 0.47012278437614440918 0.37172144651412963867 0.45520362257957458496 0.70670169591903686523 0.81449997425079345703 0.77075904607772827148 0.74119669198989868164 0.76706093549728393555 0.80327868461608886719 0.80327868461608886719 0.72243106365203857422 0.68785810470581054688 0.72051090002059936523 0.77555680274963378906 0.81734883785247802734 0.82374101877212524414 0.66647762060165405273 0.66647762060165405273 0.39002785086631774902 0.28779950737953186035 0.27455484867095947266 0.26865231990814208984 0.25615623593330383301 0.25850912928581237793 0.26141303777694702148 0.26141303777694702148 0.33140709996223449707 0.67082989215850830078 0.72622781991958618164 0.74167710542678833008 0.80645161867141723633 0.79847466945648193359 0.72030371427536010742 0.60984182357788085938 0.60984182357788085938
0.46522411704063415527 0.82276958227157592773 0.81363415718078613281 0.50618702173233032227 0.50618702173233032227 0.35301750898361206055 0.52884900569915771484 0.80130952596664428711 0.84040498733520507812 0.86269491910934448242 0.79270070791244506836 0.76075989007949829102 0.76075989007949829102 0.72239220142364501953 0.49640685319900512695 0.44671070575714111328 0.44974875450134277344 0.5659186244010925293 0.71934342384338378906 0.76868426799774169922 0.61172538995742797852 0.61172538995742797852 0.33233681321144104004 0.26765900850296020508 0.27455237507820129395 0.26605004072189331055 0.25993722677230834961 0.25681641697883605957 0.27235874533653259277 0.27235874533653259277 0.46310916543006896973 0.71090310811996459961 0.73010754585266113281 0.7512690424919128418 0.84348577260971069336 0.82656180858612060547 0.83718818426132202148 0.79154932498931884766 0.79154932498931884766
0.40821567177772521973 0.76639997959136962891 0.69114077091217041016 0.55232030153274536133 0.55232030153274536133 0.44985672831535339355 0.60000002384185791016 0.84342885017395019531 0.83742630481719970703 0.8819205164909362793 0.84074521064758300781 0.71899282932281494141 0.71899282932281494141 0.56361544132232666016 0.40623229742050170898 0.35707589983940124512 0.34105455875396728516 0.29984590411186218262 0.3301220238208770752 0.36451247334480285645 0.31570842862129211426 0.31570842862129211426 0.26828011870384216309 0.27234041690826416016 0.26984128355979919434 0.27233350276947021484 0.25666925311088562012 0.26576575636863708496 0.3173198401927947998 0.3173198401927947998 0.60518658161163330078 0.71679997444152832031 0.70303529500961303711 0.75232678651809692383 0.82861191034317016602 0.82882672548294067383 0.83344805240631103516 0.83344805240631103516 0.82210117578506469727
