samples/ndvi/map_ndvi_2017-12-13.asc
ncols        322
nrows        306
xllcorner    -53.726171018035
yllcorner    -28.476684338117
cellsize     0.000269494585
NODATA_value  -9999
[rows 68 to 84 of 306, columns 273 to 311 of 322]
0.31209531426429748535 0.49462679028511047363 0.3601092994213104248 0.25189980864524841309 0.25626093149185180664 0.24830316007137298584 0.25155103206634521484 0.25155103206634521484 0.25134906172752380371 0.25259321928024291992 0.25292676687240600586 0.25679916143417358398 0.24874703586101531982 0.2947845757007598877 0.65490472316741943359 0.65490472316741943359 0.64269292354583740234 0.5535939335823059082 0.50205630064010620117 0.46398046612739562988 0.46548020839691162109 0.45201420783996582031 0.45574334263801574707 0.52352231740951538086 0.52352231740951538086 0.77726882696151733398 0.8690707087516784668 0.87087678909301757812 0.86988562345504760742 0.64658021926879882812 0.45580190420150756836 0.44171246886253356934 0.44171246886253356934 0.4263916313648223877 0.41788527369499206543 0.41922751069068908691 0.40925666689872741699 0.39106145501136779785 0.37380886077880859375
0.46173340082168579102 0.47218695282936096191 0.2811997830867767334 0.25849166512489318848 0.25577315688133239746 0.25328758358955383301 0.2531572878360748291 0.2531572878360748291 0.2567138373851776123 0.25681817531585693359 0.26071524620056152344 0.24906267225742340088 0.24238264560699462891 0.28300786018371582031 0.39873015880584716797 0.39873015880584716797 0.46978557109832763672 0.43684378266334533691 0.44936707615852355957 0.47644641995429992676 0.46403300762176513672 0.44634702801704406738 0.45876288414001464844 0.47109913825988769531 0.47109913825988769531 0.66294842958450317383 0.77864658832550048828 0.7688694000244140625 0.72320675849914550781 0.48346543312072753906 0.40376928448677062988 0.41623786091804504395 0.41623786091804504395 0.40629351139068603516 0.41708263754844665527 0.41569927334785461426 0.4022038578987121582 0.38255032896995544434 0.3636862337589263916
0.67038625478744506836 0.45021319389343261719 0.28996574878692626953 0.24473534524440765381 0.2551136314868927002 0.24927367269992828369 0.24609489738941192627 0.24609489738941192627 0.25095167756080627441 0.25171625614166259766 0.2545662224292755127 0.25630134344100952148 0.33762255311012268066 0.45195955038070678711 0.44174903631210327148 0.44174903631210327148 0.42986699938774108887 0.44207599759101867676 0.46219015121459960938 0.4734554588794708252 0.46250000596046447754 0.43506312370300292969 0.44798421859741210938 0.44798421859741210938 0.47010064125061035156 0.56850391626358032227 0.60870915651321411133 0.53468120098114013672 0.39364463090896606445 0.37822166085243225098 0.37908688187599182129 0.38854226469993591309 0.38854226469993591309 0.37057521939277648926 0.39415654540061950684 0.40086439251899719238 0.39266154170036315918 0.3787047266960144043 0.37533801794052124023
0.77848649024963378906 0.79449838399887084961 0.66753494739532470703 0.44711014628410339355 0.27441322803497314453 0.24611845612525939941 0.24611845612525939941 0.24845071136951446533 0.23783186078071594238 0.23587851226329803467 0.27240249514579772949 0.48851644992828369141 0.51885563135147094727 0.4806664586067199707 0.48591327667236328125 0.48591327667236328125 0.48383045196533203125 0.48902440071105957031 0.47066015005111694336 0.45746856927871704102 0.46250000596046447754 0.42240896821022033691 0.4343776404857635498 0.4343776404857635498 0.4893353879451751709 0.56583172082901000977 0.537380218505859375 0.43818768858909606934 0.34527364373207092285 0.39758226275444030762 0.40415853261947631836 0.39370077848434448242 0.39370077848434448242 0.39053085446357727051 0.39293599128723144531 0.36692914366722106934 0.3527253568172454834 0.33805775642395019531 0.36496156454086303711
0.62305206060409545898 0.63075882196426391602 0.83046966791152954102 0.74340951442718505859 0.41015505790710449219 0.31287246942520141602 0.31287246942520141602 0.24098671972751617432 0.27146813273429870605 0.35971224308013916016 0.48202824592590332031 0.53356230258941650391 0.52866643667221069336 0.52096199989318847656 0.52132856845855712891 0.52132856845855712891 0.50891989469528198242 0.51638066768646240234 0.4738979041576385498 0.45690140128135681152 0.4585253596305847168 0.43306201696395874023 0.47779750823974609375 0.47779750823974609375 0.54137265682220458984 0.52180939912796020508 0.4581724703311920166 0.38611924648284912109 0.3684908747673034668 0.40210250020027160645 0.40531778335571289062 0.40531778335571289062 0.42212334275245666504 0.42989215254783630371 0.41222998499870300293 0.3908659517765045166 0.37640610337257385254 0.37541714310646057129 0.47511312365531921387
0.51306992769241333008 0.45175719261169433594 0.50569403171539306641 0.65229803323745727539 0.49497768282890319824 0.39220917224884033203 0.39220917224884033203 0.32259920239448547363 0.36556947231292724609 0.50100141763687133789 0.51680803298950195312 0.53865814208984375 0.57589006423950195312 0.57299840450286865234 0.57299840450286865234 0.54138916730880737305 0.50730156898498535156 0.47343423962593078613 0.46711826324462890625 0.47285512089729309082 0.45614033937454223633 0.47371411323547363281 0.55363750457763671875 0.55363750457763671875 0.52889168262481689453 0.48326897621154785156 0.38820478320121765137 0.35537189245223999023 0.37803691625595092773 0.42123395204544067383 0.40962368249893188477 0.40962368249893188477 0.41395065188407897949 0.41664144396781921387 0.43173432350158691406 0.44057250022888183594 0.41763412952423095703 0.38099601864814758301 0.72078216075897216797
0.6025288701057434082 0.52886569499969482422 0.44634807109832763672 0.51136046648025512695 0.3230088353157043457 0.25988024473190307617 0.25988024473190307617 0.28426092863082885742 0.49123328924179077148 0.40091603994369506836 0.41380417346954345703 0.49290445446968078613 0.55925923585891723633 0.56944012641906738281 0.56944012641906738281 0.51518988609313964844 0.4667059481143951416 0.45947426557540893555 0.44936358928680419922 0.43941447138786315918 0.42797818779945373535 0.51684421300888061523 0.51684421300888061523 0.61280930042266845703 0.50321590900421142578 0.43813776969909667969 0.3384615480899810791 0.35754007101058959961 0.37981072068214416504 0.42012193799018859863 0.4168414771556854248 0.4168414771556854248 0.38616800308227539062 0.39500296115875244141 0.42704308032989501953 0.44207042455673217773 0.42487683892250061035 0.35618481040000915527 0.74637854099273681641
0.6257641911506652832 0.62847048044204711914 0.63072544336318969727 0.5704148411750793457 0.4670626223087310791 0.4670626223087310791 0.29621621966361999512 0.25220549106597900391 0.5027027130126953125 0.67278134822845458984 0.36785110831260681152 0.44032368063926696777 0.45454546809196472168 0.48185548186302185059 0.48185548186302185059 0.46230858564376831055 0.44426667690277099609 0.44476976990699768066 0.42335569858551025391 0.41543257236480712891 0.42720404267311096191 0.61698490381240844727 0.61698490381240844727 0.63210701942443847656 0.48076340556144714355 0.3646163642406463623 0.32761463522911071777 0.37343358993530273438 0.38067662715911865234 0.38511905074119567871 0.38903862237930297852 0.38903862237930297852 0.37522548437118530273 0.36883509159088134766 0.3940677940845489502 0.39842328429222106934 0.38065290451049804688 0.39643588662147521973 0.67057067155838012695
0.59983325004577636719 0.58309036493301391602 0.54023563861846923828 0.46227186918258666992 0.45350572466850280762 0.45350572466850280762 0.25854089856147766113 0.26595744490623474121 0.3598734438419342041 0.61041778326034545898 0.43562296032905578613 0.38970828056335449219 0.35918366909027099609 0.37904894351959228516 0.37904894351959228516 0.38066175580024719238 0.39095592498779296875 0.39923331141471862793 0.4063415825366973877 0.42930591106414794922 0.46595743298530578613 0.66255605220794677734 0.66255605220794677734 0.57357025146484375 0.41134113073348999023 0.35236340761184692383 0.33888375759124755859 0.35608577728271484375 0.36571264266967773438 0.3705469965934753418 0.3705469965934753418 0.37571921944618225098 0.3790830075740814209 0.38139826059341430664 0.38220551609992980957 0.37931033968925476074 0.35524350404739379883 0.42422434687614440918 0.65574979782104492188
0.61032861471176147461 0.5074666142463684082 0.51169830560684204102 0.39304813742637634277 0.26971894502639770508 0.26971894502639770508 0.24444444477558135986 0.50419098138809204102 0.49443826079368591309 0.39461079239845275879 0.45347759127616882324 0.39530515670776367188 0.3508828282356262207 0.3508828282356262207 0.37332022190093994141 0.42332538962364196777 0.41230973601341247559 0.39346811175346374512 0.40500569343566894531 0.43098285794258117676 0.54094707965850830078 0.66255605220794677734 0.63766521215438842773 0.49957638978958129883 0.36471283435821533203 0.36760926246643066406 0.37012112140655517578 0.37742364406585693359 0.37170010805130004883 0.36762794852256774902 0.36762794852256774902 0.3760947883129119873 0.40105539560317993164 0.40784981846809387207 0.40556541085243225098 0.40591645240783691406 0.39183056354522705078 0.40559858083724975586 0.67496341466903686523
0.52747255563735961914 0.42037788033485412598 0.50994187593460083008 0.35967302322387695312 0.24743497371673583984 0.24743497371673583984 0.28520226478576660156 0.52325272560119628906 0.53112149238586425781 0.47470462322235107422 0.45885285735130310059 0.41025641560554504395 0.35900783538818359375 0.35900783538818359375 0.34668335318565368652 0.37654909491539001465 0.43073877692222595215 0.42828351259231567383 0.41924852132797241211 0.45957577228546142578 0.53075820207595825195 0.63766521215438842773 0.51149427890777587891 0.41455984115600585938 0.34828102588653564453 0.36658212542533874512 0.37005865573883056641 0.35838726162910461426 0.35561096668243408203 0.36033383011817932129 0.36033383011817932129 0.36214092373847961426 0.38516259193420410156 0.42727997899055480957 0.42416179180145263672 0.41557735204696655273 0.37874963879585266113 0.38196721673011779785 0.38196721673011779785
0.27813449501991271973 0.40819841623306274414 0.60157668590545654297 0.55711668729782104492 0.31269350647926330566 0.31269350647926330566 0.36657223105430603027 0.53280842304229736328 0.51139682531356811523 0.48353973031044006348 0.47421702742576599121 0.4085502922534942627 0.38516357541084289551 0.38516357541084289551 0.35790801048278808594 0.33759903907775878906 0.38907536864280700684 0.42529466748237609863 0.43599614500999450684 0.45308482646942138672 0.45289856195449829102 0.45289856195449829102 0.37612402439117431641 0.37462735176086425781 0.42118227481842041016 0.4767315983772277832 0.40382677316665649414 0.35863283276557922363 0.34634634852409362793 0.36220473051071166992 0.36220473051071166992 0.3738225102424621582 0.40630701184272766113 0.40776184201240539551 0.40253689885139465332 0.39566823840141296387 0.35405480861663818359 0.47359257936477661133 0.47359257936477661133
0.28379204869270324707 0.28023076057434082031 0.35904592275619506836 0.51671999692916870117 0.51671999692916870117 0.39386123418807983398 0.37554585933685302734 0.46000000834465026855 0.50159561634063720703 0.49555745720863342285 0.4440129399299621582 0.48115852475166320801 0.46090793609619140625 0.46090793609619140625 0.45408326387405395508 0.40766549110412597656 0.35090801119804382324 0.38549503684043884277 0.43151515722274780273 0.45166304707527160645 0.41596770286560058594 0.41596770286560058594 0.42695569992065429688 0.62922704219818115234 0.83711826801300048828 0.78234702348709106445 0.63649779558181762695 0.46322262287139892578 0.38591116666793823242 0.38591116666793823242 0.37854251265525817871 0.38245794177055358887 0.37560975551605224609 0.35818475484848022461 0.35240572690963745117 0.37720969319343566895 0.37427240610122680664 0.60527181625366210938 0.60527181625366210938
0.34564957022666931152 0.29020178318023681641 0.38623046875 0.3764521181583404541 0.3764521181583404541 0.3019523918628692627 0.42991170287132263184 0.49062588810920715332 0.50879251956939697266 0.46430867910385131836 0.40022051334381103516 0.54608941078186035156 0.54608941078186035156 0.69303202629089355469 0.80896687507629394531 0.77799272537231445312 0.48023223876953125 0.37115707993507385254 0.42614415287971496582 0.47488585114479064941 0.45823529362678527832 0.45823529362678527832 0.5284144282341003418 0.88436722755432128906 0.91048824787139892578 0.91698795557022094727 0.90588235855102539062 0.72211349010467529297 0.55088496208190917969 0.55088496208190917969 0.48997133970260620117 0.5624834895133972168 0.5862407684326171875 0.56700521707534790039 0.53087073564529418945 0.59150499105453491211 0.71370965242385864258 0.7666295170783996582 0.7666295170783996582
0.54295080900192260742 0.25562700629234313965 0.30085960030555725098 0.3298397064208984375 0.3298397064208984375 0.37240076065063476562 0.49777778983116149902 0.56408071517944335938 0.50597178936004638672 0.49937734007835388184 0.44393140077590942383 0.44152745604515075684 0.44152745604515075684 0.63648122549057006836 0.85669243335723876953 0.899845123291015625 0.68215417861938476562 0.42993810772895812988 0.44768530130386352539 0.47687035799026489258 0.45222929120063781738 0.45222929120063781738 0.46991869807243347168 0.84855234622955322266 0.87279504537582397461 0.8720798492431640625 0.88846755027770996094 0.53005182743072509766 0.4211165010929107666 0.4211165010929107666 0.50766402482986450195 0.75061523914337158203 0.87580090761184692383 0.85549688339233398438 0.85466033220291137695 0.87811499834060668945 0.89455699920654296875 0.89455699920654296875 0.8408558964729309082
0.51045578718185424805 0.48041105270385742188 0.38638606667518615723 0.36030340194702148438 0.36030340194702148438 0.51109832525253295898 0.59139782190322875977 0.56916463375091552734 0.37647986412048339844 0.63610720634460449219 0.58487349748611450195 0.38555556535720825195 0.38555556535720825195 0.33654391765594482422 0.79619258642196655273 0.88767468929290771484 0.84150749444961547852 0.56549155712127685547 0.48709407448768615723 0.47826087474822998047 0.47826087474822998047 0.43487587571144104004 0.4605140984058380127 0.50621318817138671875 0.52270704507827758789 0.5942904353141784668 0.64030677080154418945 0.44803893566131591797 0.4088484346866607666 0.4088484346866607666 0.41650915145874023438 0.54742789268493652344 0.8033949732780456543 0.89765256643295288086 0.88548266887664794922 0.85677486658096313477 0.90737241506576538086 0.90737241506576538086 0.89048022031784057617
0.43647798895835876465 0.46918651461601257324 0.40037128329277038574 0.40037128329277038574 0.41815856099128723145 0.41899091005325317383 0.48905110359191894531 0.39130434393882751465 0.40248483419418334961 0.59166431427001953125 0.7003021240234375 0.53532367944717407227 0.53532367944717407227 0.40996602177619934082 0.74954247474670410156 0.86919379234313964844 0.8811397552490234375 0.77837836742401123047 0.57906711101531982422 0.49633252620697021484 0.49633252620697021484 0.50918716192245483398 0.4605140984058380127 0.58230960369110107422 0.59136688709259033203 0.45459994673728942871 0.40844231843948364258 0.46923300623893737793 0.46923300623893737793 0.49561536312103271484 0.49263805150985717773 0.56834113597869873047 0.74030703306198120117 0.84429663419723510742 0.83187389373779296875 0.85441768169403076172 0.88543921709060668945 0.88543921709060668945 0.88743060827255249023
