samples/ndvi/map_ndvi_2017-04-01.asc
ncols        322
nrows        306
xllcorner    -53.726171018035
yllcorner    -28.476684338117
cellsize     0.000269494585
NODATA_value  -9999
[rows 17 to 33 of 306, columns 273 to 311 of 322]
0.37351730465888977051 0.29099357128143310547 0.29099357128143310547 0.26063716411590576172 0.42016607522964477539 0.72061926126480102539 0.84403336048126220703 0.86127489805221557617 0.80224716663360595703 0.43075454235076904297 0.26548102498054504395 0.26548102498054504395 0.26886290311813354492 0.43961611390113830566 0.4720782935619354248 0.39020270109176635742 0.37141281366348266602 0.3831075131893157959 0.37775099277496337891 0.37775099277496337891 0.37436813116073608398 0.38925373554229736328 0.38695263862609863281 0.38941177725791931152 0.41429802775382995605 0.429859161376953125 0.45583692193031311035 0.45583692193031311035 0.39285713434219360352 0.37314301729202270508 0.36435469985008239746 0.36250001192092895508 0.36483824253082275391 0.36623233556747436523 0.36503648757934570312 0.36465564370155334473 0.36465564370155334473 0.36943319439888000488 0.35054415464401245117
0.42495167255401611328 0.30022272467613220215 0.30022272467613220215 0.27709791064262390137 0.31869137287139892578 0.5601336359977722168 0.76262438297271728516 0.85629922151565551758 0.89324617385864257812 0.4894803464412689209 0.4894803464412689209 0.2832393944263458252 0.29498326778411865234 0.55903863906860351562 0.5398693084716796875 0.42747867107391357422 0.38809388875961303711 0.36609771847724914551 0.38034960627555847168 0.38034960627555847168 0.38368579745292663574 0.38666665554046630859 0.38229197263717651367 0.39914163947105407715 0.41779124736785888672 0.43038323521614074707 0.45793268084526062012 0.45793268084526062012 0.39261284470558166504 0.36676558852195739746 0.36813017725944519043 0.36645963788032531738 0.36347827315330505371 0.36625280976295471191 0.36585366725921630859 0.36585366725921630859 0.36842104792594909668 0.37096774578094482422 0.3371251225471496582
0.45590880513191223145 0.32067620754241943359 0.32067620754241943359 0.31236699223518371582 0.28889900445938110352 0.33972603082656860352 0.4574196934700012207 0.6689065098762512207 0.77830350399017333984 0.59469991922378540039 0.59469991922378540039 0.25329428911209106445 0.32228082418441772461 0.45754528045654296875 0.54236656427383422852 0.47002550959587097168 0.4053064882755279541 0.38587751984596252441 0.38587751984596252441 0.38456866145133972168 0.39661017060279846191 0.39028775691986083984 0.38617885112762451172 0.40373364090919494629 0.42008879780769348145 0.47180834412574768066 0.5674285888671875 0.5674285888671875 0.61758130788803100586 0.47840350866317749023 0.37194028496742248535 0.36426219344139099121 0.36326047778129577637 0.36289855837821960449 0.36974087357521057129 0.36974087357521057129 0.36722552776336669922 0.34746694564819335938 0.3061224520206451416
0.33771929144859313965 0.33771929144859313965 0.34614109992980957031 0.36047163605690002441 0.30071657896041870117 0.29039758443832397461 0.30640482902526855469 0.3972727358341217041 0.60036957263946533203 0.64080041646957397461 0.64080041646957397461 0.28258413076400756836 0.42015156149864196777 0.38739430904388427734 0.56929135322570800781 0.50068402290344238281 0.40429449081420898438 0.38738739490509033203 0.38738739490509033203 0.38792029023170471191 0.39423665404319763184 0.38705882430076599121 0.38881000876426696777 0.39884072542190551758 0.47556334733963012695 0.57915699481964111328 0.77253729104995727539 0.77253729104995727539 0.86031430959701538086 0.62428021430969238281 0.39920723438262939453 0.36606881022453308105 0.36191603541374206543 0.36221837997436523438 0.37002211809158325195 0.37002211809158325195 0.3569844663143157959 0.32271584868431091309 0.30539610981941223145
0.31451612710952758789 0.31451612710952758789 0.34928229451179504395 0.38430926203727722168 0.31522843241691589355 0.31697645783424377441 0.30731478333473205566 0.28233230113983154297 0.47614800930023193359 0.61918467283248901367 0.61918467283248901367 0.43389746546745300293 0.42015156149864196777 0.35756444931030273438 0.53233253955841064453 0.59455460309982299805 0.41324543952941894531 0.3836294710636138916 0.3836294710636138916 0.38834646344184875488 0.3818722069263458252 0.38313525915145874023 0.39241206645965576172 0.41385042667388916016 0.63475281000137329102 0.59650403261184692383 0.59650403261184692383 0.77881258726119995117 0.85795813798904418945 0.60428071022033691406 0.38608306646347045898 0.36424225568771362305 0.36503332853317260742 0.37183099985122680664 0.36701831221580505371 0.36701831221580505371 0.32506343722343444824 0.29908359050750732422 0.32842582464218139648
0.30274724960327148438 0.30274724960327148438 0.31641605496406555176 0.42484435439109802246 0.30676329135894775391 0.27933642268180847168 0.29847815632820129395 0.3393548429012298584 0.528095245361328125 0.528095245361328125 0.70200842618942260742 0.36403235793113708496 0.64579951763153076172 0.43038398027420043945 0.68719077110290527344 0.73491191864013671875 0.4340400397777557373 0.44297993183135986328 0.44297993183135986328 0.38099548220634460449 0.37201952934265136719 0.37892994284629821777 0.38913908600807189941 0.40968444943428039551 0.52514129877090454102 0.48686245083808898926 0.48686245083808898926 0.59508746862411499023 0.60531884431838989258 0.46940955519676208496 0.4137560427188873291 0.3766816258430480957 0.37161973118782043457 0.37273228168487548828 0.35700085759162902832 0.35700085759162902832 0.30668157339096069336 0.33314779400825500488 0.43140938878059387207
0.2666511833667755127 0.2666511833667755127 0.2755279541015625 0.32672706246376037598 0.35451978445053100586 0.28817734122276306152 0.28461730480194091797 0.36322599649429321289 0.68390077352523803711 0.68390077352523803711 0.6336104273796081543 0.37181207537651062012 0.47273439168930053711 0.59917354583740234375 0.80842912197113037109 0.68014484643936157227 0.4852002263069152832 0.44507631659507751465 0.44507631659507751465 0.373317718505859375 0.36809644103050231934 0.37904968857765197754 0.38991066813468933105 0.38445964455604553223 0.3052380979061126709 0.25496426224708557129 0.25496426224708557129 0.32211127877235412598 0.36248949170112609863 0.35607555508613586426 0.39431467652320861816 0.37898531556129455566 0.38012957572937011719 0.36158651113510131836 0.36158651113510131836 0.39238411188125610352 0.4379011988639831543 0.37263882160186767578 0.36535060405731201172
0.28653889894485473633 0.28653889894485473633 0.27372765541076660156 0.28150382637977600098 0.29384219646453857422 0.29369282722473144531 0.30618324875831604004 0.30934065580368041992 0.41098749637603759766 0.41098749637603759766 0.52766096591949462891 0.45817208290100097656 0.39288970828056335449 0.60205829143524169922 0.6117839813232421875 0.47190007567405700684 0.38385596871376037598 0.38385596871376037598 0.38245823979377746582 0.3722794950008392334 0.37098082900047302246 0.37952592968940734863 0.41367566585540771484 0.34936106204986572266 0.26559865474700927734 0.2555713653564453125 0.2555713653564453125 0.26196017861366271973 0.26560389995574951172 0.26988479495048522949 0.28078818321228027344 0.30663740634918212891 0.34820458292961120605 0.3407427370548248291 0.3407427370548248291 0.32572081685066223145 0.33029353618621826172 0.28617364168167114258 0.27358770370483398438
0.3648777306079864502 0.35243055224418640137 0.31310555338859558105 0.28158587217330932617 0.2685979008674621582 0.26654410362243652344 0.27426353096961975098 0.27101945877075195312 0.2937640845775604248 0.2937640845775604248 0.3835411369800567627 0.39788731932640075684 0.40251195430755615234 0.40756157040596008301 0.40727382898330688477 0.37284362316131591797 0.36949151754379272461 0.36949151754379272461 0.38456809520721435547 0.37090805172920227051 0.36737436056137084961 0.36836680769920349121 0.41067960858345031738 0.28624951839447021484 0.25890827178955078125 0.25890827178955078125 0.25312501192092895508 0.25169777870178222656 0.24674093723297119141 0.25546693801879882812 0.25257453322410583496 0.26347306370735168457 0.31406760215759277344 0.29776808619499206543 0.29776808619499206543 0.26559296250343322754 0.26461085677146911621 0.26092091202735900879 0.26842421293258666992
0.33708235621452331543 0.34779751300811767578 0.35770070552825927734 0.32430937886238098145 0.28892216086387634277 0.25987911224365234375 0.26546907424926757812 0.27108168601989746094 0.27108168601989746094 0.33722016215324401855 0.37182655930519104004 0.29694885015487670898 0.34698274731636047363 0.34388741850852966309 0.35687264800071716309 0.36692649126052856445 0.37149208784103393555 0.37149208784103393555 0.39162790775299072266 0.37142857909202575684 0.37265416979789733887 0.380420684814453125 0.38791766762733459473 0.26522451639175415039 0.25286707282066345215 0.25286707282066345215 0.25097733736038208008 0.24574403464794158936 0.24818275868892669678 0.24301172792911529541 0.24942322075366973877 0.25200214982032775879 0.26366817951202392578 0.2662391960620880127 0.2662391960620880127 0.26518690586090087891 0.26955509185791015625 0.26490825414657592773 0.27150380611419677734
0.33509582281112670898 0.32673919200897216797 0.33175835013389587402 0.33903524279594421387 0.32316678762435913086 0.30602690577507019043 0.27628237009048461914 0.27975773811340332031 0.27975773811340332031 0.40539228916168212891 0.31931164860725402832 0.26780340075492858887 0.28891736268997192383 0.34388741850852966309 0.36560830473899841309 0.37673047184944152832 0.39532262086868286133 0.39532262086868286133 0.42016547918319702148 0.37683716416358947754 0.38575750589370727539 0.37530744075775146484 0.30458971858024597168 0.25013622641563415527 0.2513408660888671875 0.2513408660888671875 0.25212684273719787598 0.24690864980220794678 0.24704940617084503174 0.25303643941879272461 0.24920600652694702148 0.25017073750495910645 0.24830868840217590332 0.24830868840217590332 0.2527045905590057373 0.25735718011856079102 0.26680126786231994629 0.27216437458992004395 0.28126737475395202637
0.33914208412170410156 0.33823037147521972656 0.33575677871704101562 0.34138381481170654297 0.3430989682674407959 0.33720931410789489746 0.32990625500679016113 0.3628088533878326416 0.3628088533878326416 0.39678031206130981445 0.2771186530590057373 0.26365309953689575195 0.26437699794769287109 0.30296021699905395508 0.35242518782615661621 0.39445629715919494629 0.39445629715919494629 0.41773563623428344727 0.41818180680274963379 0.37899544835090637207 0.47732761502265930176 0.35288003087043762207 0.27615383267402648926 0.25853115320205688477 0.25509825348854064941 0.25509825348854064941 0.25366875529289245605 0.25405827164649963379 0.24688181281089782715 0.24949698150157928467 0.24717742204666137695 0.24880878627300262451 0.24614353477954864502 0.24614353477954864502 0.24251648783683776855 0.24421168863773345947 0.24574068188667297363 0.27118644118309020996 0.29465043544769287109
0.33191099762916564941 0.3333333432674407959 0.33600988984107971191 0.33208253979682922363 0.33628317713737487793 0.34281200170516967773 0.36940419673919677734 0.46147778630256652832 0.46147778630256652832 0.31946250796318054199 0.25482788681983947754 0.24969300627708435059 0.25383237004280090332 0.26674738526344299316 0.28213760256767272949 0.39579877257347106934 0.39579877257347106934 0.41040134429931640625 0.41877880692481994629 0.42673599720001220703 0.59859156608581542969 0.31441375613212585449 0.26463344693183898926 0.26363295316696166992 0.25670790672302246094 0.25670790672302246094 0.25805214047431945801 0.25648415088653564453 0.25294339656829833984 0.25311362743377685547 0.25266215205192565918 0.25440195202827453613 0.25193071365356445312 0.25193071365356445312 0.24775858223438262939 0.24883286654949188232 0.25025853514671325684 0.25484839081764221191 0.25613453984260559082
0.32580262422561645508 0.33432924747467041016 0.33865720033645629883 0.34193935990333557129 0.34629404544830322266 0.35094809532165527344 0.43462896347045898438 0.43244463205337524414 0.43244463205337524414 0.26348677277565002441 0.25466358661651611328 0.24904675781726837158 0.25150179862976074219 0.25407102704048156738 0.26191413402557373047 0.34256207942962646484 0.34256207942962646484 0.40891143679618835449 0.40593490004539489746 0.42367789149284362793 0.45205479860305786133 0.28278768062591552734 0.26875236630439758301 0.26762154698371887207 0.26762154698371887207 0.2655836939811706543 0.25840574502944946289 0.25576996803283691406 0.25802212953567504883 0.25514325499534606934 0.25274303555488586426 0.25 0.24385246634483337402 0.24385246634483337402 0.24553665518760681152 0.2489951401948928833 0.24604316055774688721 0.24200710654258728027 0.24466750025749206543
0.33129021525382995605 0.33801954984664916992 0.3333333432674407959 0.34353950619697570801 0.35206916928291320801 0.37241378426551818848 0.50087565183639526367 0.50087565183639526367 0.32124024629592895508 0.25237506628036499023 0.25036299228668212891 0.2490390390157699585 0.25135624408721923828 0.25558012723922729492 0.2505938112735748291 0.26625815033912658691 0.26625815033912658691 0.38852304220199584961 0.48620080947875976562 0.34490922093391418457 0.28155338764190673828 0.27129909396171569824 0.26985350251197814941 0.26567164063453674316 0.26567164063453674316 0.26787382364273071289 0.26864564418792724609 0.26466220617294311523 0.25824588537216186523 0.25409993529319763184 0.25468960404396057129 0.25411334633827209473 0.25411334633827209473 0.25616776943206787109 0.25213930010795593262 0.2541707456111907959 0.25082701444625854492 0.2526989281177520752 0.25077527761459350586
0.34290170669555664062 0.34038582444190979004 0.33622559905052185059 0.34586465358734130859 0.36075949668884277344 0.4215945899486541748 0.44167694449424743652 0.44167694449424743652 0.26282456517219543457 0.25418061017990112305 0.250102996826171875 0.24712063372135162354 0.24919871985912322998 0.24729458987712860107 0.25409165024757385254 0.25409165024757385254 0.25374311208724975586 0.31496709585189819336 0.41101801395416259766 0.31844887137413024902 0.27867496013641357422 0.27403846383094787598 0.26495048403739929199 0.26443308591842651367 0.26443308591842651367 0.26367041468620300293 0.26386305689811706543 0.26315790414810180664 0.26300257444381713867 0.25692883133888244629 0.25438764691352844238 0.2521947324275970459 0.2521947324275970459 0.25785157084465026855 0.25774782896041870117 0.25254902243614196777 0.25202289223670959473 0.24985092878341674805 0.25289839506149291992
0.32639715075492858887 0.32868903875350952148 0.34178018569946289062 0.35179358720779418945 0.39348369836807250977 0.47123560309410095215 0.32309716939926147461 0.32309716939926147461 0.24757486581802368164 0.25047317147254943848 0.25 0.2476269155740737915 0.24710188806056976318 0.25357067584991455078 0.25409165024757385254 0.24401718378067016602 0.25523847341537475586 0.25370773673057556152 0.33948498964309692383 0.36124342679977416992 0.26994255185127258301 0.27294445037841796875 0.2763798832893371582 0.27107959985733032227 0.27107959985733032227 0.2644920647144317627 0.26675379276275634766 0.26642951369285583496 0.26637232303619384766 0.26493221521377563477 0.2674662172794342041 0.25976034998893737793 0.25976034998893737793 0.2542241215705871582 0.24544563889503479004 0.25044405460357666016 0.25556650757789611816 0.25600630044937133789 0.25737419724464416504
