samples/ndvi/map_ndvi_2017-08-07.asc
ncols        322
nrows        306
xllcorner    -53.726171018035
yllcorner    -28.476684338117
cellsize     0.000269494585
NODATA_value  -9999
[rows 187 to 203 of 306, columns 0 to 38 of 322]
0.64977592229843139648 0.60807341337203979492 0.60807341337203979492 0.6153284907341003418 0.64888340234756469727 0.62529271841049194336 0.62066829204559326172 0.58490568399429321289 0.57775682210922241211 0.55312025547027587891 0.55312025547027587891 0.53492647409439086914 0.56622111797332763672 0.52340680360794067383 0.54102408885955810547 0.53979462385177612305 0.58400493860244750977 0.61442863941192626953 0.61442863941192626953 0.63462114334106445312 0.67699247598648071289 0.68673837184906005859 0.70919173955917358398 0.68649888038635253906 0.68513470888137817383 0.66964286565780639648 0.69514560699462890625 0.69514560699462890625 0.68521845340728759766 0.69590646028518676758 0.70539104938507080078 0.70480549335479736328 0.70491802692413330078 0.68517220020294189453 0.6897182464599609375 0.6897182464599609375 0.67355203628540039062 0.71324861049652099609 0.71400201320648193359
0.67935872077941894531 0.67935872077941894531 0.7021834254264831543 0.67366719245910644531 0.62480002641677856445 0.53205603361129760742 0.60696679353713989258 0.55277168750762939453 0.49628251791000366211 0.5189558863639831543 0.5189558863639831543 0.52981156110763549805 0.55889570713043212891 0.50481927394866943359 0.51753324270248413086 0.53466284275054931641 0.5587590336799621582 0.61229312419891357422 0.61229312419891357422 0.6140454411506652832 0.62937265634536743164 0.65655976533889770508 0.69173860549926757812 0.69438606500625610352 0.64916199445724487305 0.66953033208847045898 0.66953033208847045898 0.67940551042556762695 0.68241965770721435547 0.70846396684646606445 0.72892111539840698242 0.71402877569198608398 0.71230685710906982422 0.69311165809631347656 0.67843788862228393555 0.67843788862228393555 0.62524461746215820312 0.67764002084732055664 0.66590738296508789062
0.7305863499641418457 0.7305863499641418457 0.69912320375442504883 0.67979276180267333984 0.65993267297744750977 0.59564328193664550781 0.59353506565093994141 0.52247369289398193359 0.48288974165916442871 0.52907532453536987305 0.52907532453536987305 0.56015038490295410156 0.54020869731903076172 0.49278476834297180176 0.51346391439437866211 0.5291576385498046875 0.53865569829940795898 0.57743096351623535156 0.57743096351623535156 0.61707037687301635742 0.61033684015274047852 0.63445138931274414062 0.64102566242218017578 0.63503235578536987305 0.60935270786285400391 0.62215906381607055664 0.62215906381607055664 0.65894973278045654297 0.69400322437286376953 0.70839935541152954102 0.72675186395645141602 0.73838210105895996094 0.72723114490509033203 0.73878759145736694336 0.70593523979187011719 0.70593523979187011719 0.69769501686096191406 0.69861900806427001953 0.68231320381164550781
0.73070740699768066406 0.73070740699768066406 0.71552473306655883789 0.69809478521347045898 0.70622897148132324219 0.61038959026336669922 0.57436764240264892578 0.5397135615348815918 0.5048796534538269043 0.5048796534538269043 0.53557568788528442383 0.5651347041130065918 0.52507096529006958008 0.49521753191947937012 0.51050680875778198242 0.53296363353729248047 0.54274976253509521484 0.55335599184036254883 0.55335599184036254883 0.59601873159408569336 0.60824143886566162109 0.62149798870086669922 0.62649232149124145508 0.60845953226089477539 0.60935270786285400391 0.61785298585891723633 0.61785298585891723633 0.63395684957504272461 0.6936054229736328125 0.7202160954475402832 0.7068856358528137207 0.6854909062385559082 0.72490048408508300781 0.72050398588180541992 0.72050398588180541992 0.72136956453323364258 0.71105039119720458984 0.69770073890686035156 0.65730953216552734375
0.71674209833145141602 0.71674209833145141602 0.70202022790908813477 0.71720612049102783203 0.70040124654769897461 0.65970611572265625 0.59561342000961303711 0.54853725433349609375 0.53038859367370605469 0.53038859367370605469 0.55468237400054931641 0.5811417698860168457 0.52720332145690917969 0.51762872934341430664 0.51756584644317626953 0.53869873285293579102 0.53869408369064331055 0.53869408369064331055 0.5326633453369140625 0.54917788505554199219 0.6003475189208984375 0.63104033470153808594 0.62770807743072509766 0.62080729007720947266 0.61478936672210693359 0.63397198915481567383 0.63397198915481567383 0.63182079792022705078 0.6528409123420715332 0.69286715984344482422 0.72504180669784545898 0.71577978134155273438 0.69613033533096313477 0.7044188380241394043 0.7044188380241394043 0.69017171859741210938 0.68624293804168701172 0.63198071718215942383 0.61562019586563110352
0.69102680683135986328 0.71824878454208374023 0.68123859167098999023 0.70795214176177978516 0.69917094707489013672 0.67861771583557128906 0.62978142499923706055 0.59849518537521362305 0.56162512302398681641 0.56162512302398681641 0.57358735799789428711 0.59189009666442871094 0.53678125143051147461 0.53418529033660888672 0.52275598049163818359 0.53376907110214233398 0.51507842540740966797 0.51507842540740966797 0.50123459100723266602 0.50668740272521972656 0.55028182268142700195 0.61814528703689575195 0.62171524763107299805 0.6150315403938293457 0.61505311727523803711 0.62834376096725463867 0.62834376096725463867 0.63082134723663330078 0.65632855892181396484 0.69543147087097167969 0.74136453866958618164 0.70615530014038085938 0.69499796628952026367 0.73888498544692993164 0.73888498544692993164 0.75098192691802978516 0.68101459741592407227 0.66485583782196044922 0.64724409580230712891
0.695102691650390625 0.70379340648651123047 0.68812710046768188477 0.69011723995208740234 0.69151669740676879883 0.68490731716156005859 0.67636620998382568359 0.67298108339309692383 0.63478261232376098633 0.63478261232376098633 0.59590625762939453125 0.5752741694450378418 0.54098361730575561523 0.54212218523025512695 0.5300127863883972168 0.53370785713195800781 0.51135331392288208008 0.51135331392288208008 0.49646914005279541016 0.51012533903121948242 0.54231590032577514648 0.59766083955764770508 0.61860734224319458008 0.60833090543746948242 0.60918223857879638672 0.58255815505981445312 0.5912113189697265625 0.60920190811157226562 0.66302567720413208008 0.71776157617568969727 0.73629462718963623047 0.70617109537124633789 0.74150228500366210938 0.74256652593612670898 0.74256652593612670898 0.72346258163452148438 0.68276858329772949219 0.68908488750457763672 0.69155722856521606445
0.6873562932014465332 0.70539861917495727539 0.67867034673690795898 0.67785716056823730469 0.66497462987899780273 0.65957444906234741211 0.67278170585632324219 0.72860252857208251953 0.72860252857208251953 0.66260421276092529297 0.59577280282974243164 0.54062187671661376953 0.53462421894073486328 0.52895504236221313477 0.53070461750030517578 0.53894078731536865234 0.53149241209030151367 0.53149241209030151367 0.51261031627655029297 0.5150737762451171875 0.56181150674819946289 0.56907403469085693359 0.59062957763671875 0.60254555940628051758 0.58255815505981445312 0.58002334833145141602 0.57572185993194580078 0.59237873554229736328 0.66956049203872680664 0.6968854069709777832 0.6823228001594543457 0.66843301057815551758 0.73424190282821655273 0.73424190282821655273 0.69288039207458496094 0.7030302882194519043 0.69066864252090454102 0.67563790082931518555 0.68032187223434448242
0.69521689414978027344 0.66655254364013671875 0.59602236747741699219 0.60911422967910766602 0.64175170660018920898 0.64155656099319458008 0.56770098209381103516 0.72014611959457397461 0.72014611959457397461 0.64601242542266845703 0.57196968793869018555 0.49853277206420898438 0.51319646835327148438 0.53352957963943481445 0.54731708765029907227 0.56263804435729980469 0.55612242221832275391 0.55612242221832275391 0.54942965507507324219 0.56709957122802734375 0.58565735816955566406 0.51561504602432250977 0.57189446687698364258 0.58420443534851074219 0.58002334833145141602 0.60978418588638305664 0.59545981884002685547 0.61051720380783081055 0.69222223758697509766 0.73483145236968994141 0.75133311748504638672 0.68812799453735351562 0.73131096363067626953 0.73131096363067626953 0.6978085637092590332 0.67883819341659545898 0.70851147174835205078 0.73139292001724243164 0.74436879158020019531
0.64355063438415527344 0.57260775566101074219 0.48438420891761779785 0.49971443414688110352 0.59089648723602294922 0.65449440479278564453 0.67661839723587036133 0.67091476917266845703 0.67091476917266845703 0.61258083581924438477 0.53671276569366455078 0.49690976738929748535 0.52069717645645141602 0.55696201324462890625 0.59199237823486328125 0.60103124380111694336 0.60103124380111694336 0.57463413476943969727 0.58242464065551757812 0.61102604866027832031 0.61357384920120239258 0.53206807374954223633 0.58255636692047119141 0.58252710103988647461 0.60978418588638305664 0.60978418588638305664 0.61397480964660644531 0.64829546213150024414 0.6905829310417175293 0.73546510934829711914 0.8039334416389465332 0.76116502285003662109 0.72798991203308105469 0.72798991203308105469 0.66809815168380737305 0.61688071489334106445 0.74013602733612060547 0.73220974206924438477 0.71462357044219970703
0.58346891403198242188 0.47476634383201599121 0.42736843228340148926 0.43939831852912902832 0.49566191434860229492 0.56934905052185058594 0.60878020524978637695 0.59759241342544555664 0.59759241342544555664 0.5728613734245300293 0.53120243549346923828 0.52389764785766601562 0.54129564762115478516 0.56696563959121704102 0.59712231159210205078 0.60246831178665161133 0.60246831178665161133 0.59986901283264160156 0.62974786758422851562 0.64397907257080078125 0.6184291839599609375 0.57592940330505371094 0.61035829782485961914 0.59131467342376708984 0.59131467342376708984 0.6044470667839050293 0.63477754592895507812 0.65272569656372070312 0.66627907752990722656 0.72318124771118164062 0.7903226017951965332 0.77002429962158203125 0.71053415536880493164 0.71053415536880493164 0.63962376117706298828 0.54493045806884765625 0.61378264427185058594 0.66995233297348022461 0.61414587497711181641
0.57637077569961547852 0.47347995638847351074 0.44560539722442626953 0.45241582393646240234 0.48066610097885131836 0.47532758116722106934 0.47953712940216064453 0.47953712940216064453 0.52258062362670898438 0.54499554634094238281 0.54225564002990722656 0.54639172554016113281 0.55235761404037475586 0.57356989383697509766 0.59342020750045776367 0.60525470972061157227 0.60525470972061157227 0.62548261880874633789 0.65746551752090454102 0.6553637385368347168 0.60441642999649047852 0.60662782192230224609 0.61979007720947265625 0.619915008544921875 0.619915008544921875 0.62189650535583496094 0.64884138107299804688 0.66069853305816650391 0.69054442644119262695 0.70356470346450805664 0.74086600542068481445 0.75023591518402099609 0.69196987152099609375 0.69196987152099609375 0.65802800655364990234 0.61705935001373291016 0.60243904590606689453 0.61311477422714233398 0.62965244054794311523
0.57528954744338989258 0.48109516501426696777 0.46044752001762390137 0.46494907140731811523 0.50701403617858886719 0.4580281674861907959 0.4738330841064453125 0.4738330841064453125 0.51506286859512329102 0.53444182872772216797 0.55209583044052124023 0.56631577014923095703 0.56715506315231323242 0.58574879169464111328 0.59666460752487182617 0.59833437204360961914 0.59833437204360961914 0.63201010227203369141 0.65487277507781982422 0.63670295476913452148 0.59873014688491821289 0.62393683195114135742 0.62773942947387695312 0.65340566635131835938 0.65340566635131835938 0.63729321956634521484 0.64698970317840576172 0.66715759038925170898 0.72314763069152832031 0.71804749965667724609 0.7316455841064453125 0.71811640262603759766 0.71811640262603759766 0.65378898382186889648 0.64107549190521240234 0.61444532871246337891 0.60094016790390014648 0.57430338859558105469 0.56846475601196289062
0.52925622463226318359 0.4559161067008972168 0.46778351068496704102 0.4786936342716217041 0.50208705663681030273 0.46397188305854797363 0.50448626279830932617 0.50448626279830932617 0.52785146236419677734 0.54029852151870727539 0.56456905603408813477 0.56971871852874755859 0.56468427181243896484 0.5851128697395324707 0.59526038169860839844 0.59526038169860839844 0.59897989034652709961 0.63704633712768554688 0.6425240635871887207 0.610851287841796875 0.61292326450347900391 0.61671209335327148438 0.63484483957290649414 0.65066027641296386719 0.65066027641296386719 0.61978548765182495117 0.64332735538482666016 0.67304241657257080078 0.71894359588623046875 0.72724002599716186523 0.73749554157257080078 0.68058216571807861328 0.68058216571807861328 0.6354319453239440918 0.56966876983642578125 0.54343146085739135742 0.54026848077774047852 0.52914077043533325195 0.52414113283157348633
0.50497674942016601562 0.44955343008041381836 0.46156361699104309082 0.4942455291748046875 0.50509101152420043945 0.49728751182556152344 0.54151839017868041992 0.54151839017868041992 0.56874442100524902344 0.56141400337219238281 0.56850963830947875977 0.57548308372497558594 0.57727551460266113281 0.58591115474700927734 0.59255754947662353516 0.59255754947662353516 0.61026614904403686523 0.63748842477798461914 0.62731766700744628906 0.59154492616653442383 0.60833591222763061523 0.61425578594207763672 0.63587605953216552734 0.637409210205078125 0.637409210205078125 0.61447966098785400391 0.67652493715286254883 0.69745224714279174805 0.73516947031021118164 0.74730020761489868164 0.7333812713623046875 0.67644727230072021484 0.67644727230072021484 0.61441212892532348633 0.55612504482269287109 0.48646771907806396484 0.51559972763061523438 0.54000002145767211914 0.53621846437454223633
0.5112908482551574707 0.47017660737037658691 0.46255797147750854492 0.50387096405029296875 0.50903898477554321289 0.52896964550018310547 0.5786259770393371582 0.5786259770393371582 0.58328324556350708008 0.56639564037322998047 0.57701563835144042969 0.58764147758483886719 0.58421212434768676758 0.59104841947555541992 0.59936910867691040039 0.59936910867691040039 0.61910706758499145508 0.63708692789077758789 0.60285890102386474609 0.58325582742691040039 0.59580212831497192383 0.60177254676818847656 0.62592482566833496094 0.62592482566833496094 0.62850326299667358398 0.6485913395881652832 0.67652493715286254883 0.71943742036819458008 0.70910525321960449219 0.74513697624206542969 0.71954888105392456055 0.62960034608840942383 0.62960034608840942383 0.60335528850555419922 0.52855283021926879883 0.49446317553520202637 0.51262795925140380859 0.54067206382751464844 0.55160468816757202148
0.58141160011291503906 0.5051752924919128418 0.45773947238922119141 0.51668286323547363281 0.53164148330688476562 0.54915148019790649414 0.54915148019790649414 0.59295374155044555664 0.59580373764038085938 0.58677184581756591797 0.59467637538909912109 0.58008658885955810547 0.57667779922485351562 0.59018939733505249023 0.60100692510604858398 0.60100692510604858398 0.6232153773307800293 0.63381993770599365234 0.57532101869583129883 0.58549225330352783203 0.58835637569427490234 0.60498118400573730469 0.6252873539924621582 0.6252873539924621582 0.625576019287109375 0.66861718893051147461 0.71612900495529174805 0.66960519552230834961 0.62208068370819091797 0.71364045143127441406 0.66848021745681762695 0.66848021745681762695 0.58657717704772949219 0.59961688518524169922 0.57870763540267944336 0.54351222515106201172 0.542938232421875 0.52698636054992675781 0.52191597223281860352
