samples/ndvi/map_ndvi_2017-07-22.asc
ncols        322
nrows        306
xllcorner    -53.726171018035
yllcorner    -28.476684338117
cellsize     0.000269494585
NODATA_value  -9999
[rows 119 to 135 of 306, columns 234 to 272 of 322]
0.78551787137985229492 0.78551787137985229492 0.78344935178756713867 0.76160335540771484375 0.76621162891387939453 0.77535665035247802734 0.76376271247863769531 0.76684492826461791992 0.75484573841094970703 0.75484573841094970703 0.75619834661483764648 0.70736253261566162109 0.60639071464538574219 0.47811859846115112305 0.55937266349792480469 0.40430107712745666504 0.42118862271308898926 0.42118862271308898926 0.40605154633522033691 0.3516483604907989502 0.47649490833282470703 0.43092340230941772461 0.37872341275215148926 0.45770063996315002441 0.58857530355453491211 0.56441086530685424805 0.5 0.44142904877662658691 0.37539654970169067383 0.32315209507942199707 0.35687607526779174805 0.49775111675262451172 0.48106059432029724121 0.37394636869430541992 0.37394636869430541992 0.44408717751502990723 0.49018234014511108398 0.40076923370361328125 0.38998144865036010742
0.79031401872634887695 0.79031401872634887695 0.78432464599609375 0.77850550413131713867 0.77343964576721191406 0.75678551197052001953 0.76218849420547485352 0.76720154285430908203 0.7534096837043762207 0.7534096837043762207 0.75877541303634643555 0.78494626283645629883 0.77678036689758300781 0.76273655891418457031 0.68991684913635253906 0.49478980898857116699 0.38496410846710205078 0.38496410846710205078 0.43943473696708679199 0.4962183535099029541 0.51432561874389648438 0.38242122530937194824 0.35316240787506103516 0.43557369709014892578 0.55925488471984863281 0.5 0.5 0.41125226020812988281 0.3612956702709197998 0.47371259331703186035 0.36074858903884887695 0.41546526551246643066 0.5565395355224609375 0.37247705459594726562 0.37247705459594726562 0.38194897770881652832 0.36759456992149353027 0.36501434445381164551 0.37617135047912597656
0.78984951972961425781 0.78993773460388183594 0.77777779102325439453 0.76399475336074829102 0.76062822341918945312 0.7679290771484375 0.76680159568786621094 0.776294708251953125 0.7725932002067565918 0.7725932002067565918 0.78015106916427612305 0.78565996885299682617 0.78201907873153686523 0.77869915962219238281 0.76893097162246704102 0.55636364221572875977 0.39166355133056640625 0.39166355133056640625 0.39894667267799377441 0.46028211712837219238 0.47133284807205200195 0.51831299066543579102 0.50619983673095703125 0.56580048799514770508 0.51261156797409057617 0.51261156797409057617 0.44201135635375976562 0.34538784623146057129 0.38663744926452636719 0.56462091207504272461 0.3854166567325592041 0.34090101718902587891 0.44780218601226806641 0.13681818544864654541 0.13681818544864654541 0.29707360267639160156 0.39428985118865966797 0.44462150335311889648 0.38304093480110168457
0.79811370372772216797 0.79271709918975830078 0.77339899539947509766 0.76803851127624511719 0.76968717575073242188 0.77736353874206542969 0.77234899997711181641 0.77652126550674438477 0.77652126550674438477 0.78509348630905151367 0.78632259368896484375 0.78482615947723388672 0.78706061840057373047 0.78534835577011108398 0.76720428466796875 0.35936939716339111328 0.36063709855079650879 0.36063709855079650879 0.48384556174278259277 0.36000001430511474609 0.48937785625457763672 0.59277111291885375977 0.49132949113845825195 0.47462445497512817383 0.45447471737861633301 0.45447471737861633301 0.42974588274955749512 0.30392685532569885254 0.47441017627716064453 0.44781380891799926758 0.40614095330238342285 0.39598810672760009766 0.35106712579727172852 0.11960542201995849609 0.11960542201995849609 0.3368002474308013916 0.50145167112350463867 0.64363908767700195312 0.51467192173004150391
0.79255455732345581055 0.78706830739974975586 0.78128284215927124023 0.7798557281494140625 0.77458685636520385742 0.7749264836311340332 0.7754777073860168457 0.77399629354476928711 0.77399629354476928711 0.78406435251235961914 0.7830092310905456543 0.78669375181198120117 0.78870028257369995117 0.7630208134651184082 0.64723378419876098633 0.39645415544509887695 0.35441061854362487793 0.35441061854362487793 0.40867662429809570312 0.40840950608253479004 0.52085638046264648438 0.52596867084503173828 0.43181818723678588867 0.30200460553169250488 0.36180904507637023926 0.36180904507637023926 0.45467323064804077148 0.48728466033935546875 0.43510323762893676758 0.40432959794998168945 0.44508671760559082031 0.42769467830657958984 0.4499136507511138916 0.4499136507511138916 0.46288415789604187012 0.45870393514633178711 0.51271861791610717773 0.59640908241271972656 0.50700682401657104492
0.79031020402908325195 0.78944629430770874023 0.78830963373184204102 0.7817313075065612793 0.76893937587738037109 0.7667293548583984375 0.76988333463668823242 0.77568131685256958008 0.77568131685256958008 0.78367346525192260742 0.79050487279891967773 0.78920954465866088867 0.78427422046661376953 0.71665775775909423828 0.60897630453109741211 0.58108580112457275391 0.58108580112457275391 0.59392946958541870117 0.55603450536727905273 0.5415408015251159668 0.59122174978256225586 0.62676721811294555664 0.577068328857421875 0.43529412150382995605 0.33105543255805969238 0.33105543255805969238 0.39067450165748596191 0.33305120468139648438 0.35717156529426574707 0.37291666865348815918 0.47752043604850769043 0.51160138845443725586 0.52849942445755004883 0.52849942445755004883 0.56024843454360961914 0.41036716103553771973 0.54321968555450439453 0.4635499119758605957 0.45202398300170898438
0.79396092891693115234 0.79778748750686645508 0.79521483182907104492 0.78925406932830810547 0.77842873334884643555 0.77413380146026611328 0.7771307826042175293 0.77540940046310424805 0.77540940046310424805 0.78190022706985473633 0.79104477167129516602 0.78845679759979248047 0.77783489227294921875 0.60197776556015014648 0.59948980808258056641 0.58572381734848022461 0.58572381734848022461 0.61970299482345581055 0.5928236842155456543 0.59508365392684936523 0.63240987062454223633 0.64539414644241333008 0.64345926046371459961 0.58639645576477050781 0.58639645576477050781 0.43886461853981018066 0.34855279326438903809 0.49824067950248718262 0.3706728816032409668 0.43594902753829956055 0.46707040071487426758 0.44837081432342529297 0.42681258916854858398 0.42681258916854858398 0.51541852951049804688 0.30543932318687438965 0.69237512350082397461 0.45841103792190551758 0.38692650198936462402
0.79340100288391113281 0.79174149036407470703 0.79359793663024902344 0.78774446249008178711 0.7812417149543762207 0.78476041555404663086 0.77113896608352661133 0.77113896608352661133 0.78508996963500976562 0.77927255630493164062 0.77597641944885253906 0.78855478763580322266 0.76133906841278076172 0.51314508914947509766 0.59333974123001098633 0.58371633291244506836 0.58371633291244506836 0.61917096376419067383 0.62201964855194091797 0.61044043302536010742 0.62578618526458740234 0.61740761995315551758 0.61632651090621948242 0.55967634916305541992 0.55967634916305541992 0.52680486440658569336 0.49543455243110656738 0.49824067950248718262 0.54091680049896240234 0.48387095332145690918 0.36736333370208740234 0.2825870513916015625 0.35880544781684875488 0.35880544781684875488 0.3983802497386932373 0.34375873208045959473 0.67186903953552246094 0.45806005597114562988 0.28802818059921264648
0.78386682271957397461 0.77568131685256958008 0.78391164541244506836 0.78757828474044799805 0.78507620096206665039 0.7716115117073059082 0.76454883813858032227 0.76454883813858032227 0.78596848249435424805 0.77985715866088867188 0.75653874874114990234 0.77398926019668579102 0.68731737136840820312 0.51365578174591064453 0.59585493803024291992 0.60242503881454467773 0.60242503881454467773 0.61579442024230957031 0.60542458295822143555 0.59623497724533081055 0.60747665166854858398 0.60949021577835083008 0.60567927360534667969 0.55148285627365112305 0.55148285627365112305 0.54680132865905761719 0.53637564182281494141 0.58241760730743408203 0.56815284490585327148 0.57854408025741577148 0.57218194007873535156 0.47188448905944824219 0.47188448905944824219 0.3436807096004486084 0.31868132948875427246 0.3714002072811126709 0.40893471240997314453 0.37563279271125793457 0.33673122525215148926
0.77900260686874389648 0.78019642829895019531 0.78299123048782348633 0.79335790872573852539 0.7905814051628112793 0.77391302585601806641 0.77156174182891845703 0.77156174182891845703 0.78761953115463256836 0.78870850801467895508 0.78154426813125610352 0.73329997062683105469 0.60000002384185791016 0.55856728553771972656 0.58959722518920898438 0.58959722518920898438 0.60584867000579833984 0.61919796466827392578 0.60419315099716186523 0.59376984834671020508 0.59564244747161865234 0.591796875 0.58473479747772216797 0.56635755300521850586 0.56635755300521850586 0.56262296438217163086 0.55824607610702514648 0.56449550390243530273 0.54894435405731201172 0.56795513629913330078 0.57568240165710449219 0.56675225496292114258 0.56675225496292114258 0.51705133914947509766 0.4196109473705291748 0.31822565197944641113 0.30356293916702270508 0.37155142426490783691 0.43221575021743774414
0.78086501359939575195 0.77895855903625488281 0.78403002023696899414 0.78947371244430541992 0.78122490644454956055 0.77528673410415649414 0.77986305952072143555 0.77986305952072143555 0.7833703160285949707 0.78247147798538208008 0.78131020069122314453 0.6506627202033996582 0.60489183664321899414 0.5645872950553894043 0.5725142359733581543 0.5725142359733581543 0.59896004199981689453 0.5913556218147277832 0.58677142858505249023 0.59649121761322021484 0.59871172904968261719 0.58985877037048339844 0.5879910588264465332 0.59434849023818969727 0.59434849023818969727 0.57834029197692871094 0.557430267333984375 0.55677771568298339844 0.54093199968338012695 0.55637478828430175781 0.56308263540267944336 0.57750856876373291016 0.57750856876373291016 0.56020277738571166992 0.53309881687164306641 0.50665301084518432617 0.43419063091278076172 0.43131235241889953613 0.49291020631790161133
0.7557455897331237793 0.75616437196731567383 0.76337724924087524414 0.7667019963264465332 0.76984125375747680664 0.77188879251480102539 0.77443611621856689453 0.77443611621856689453 0.75337755680084228516 0.77428853511810302734 0.7631976008415222168 0.52969121932983398438 0.61298453807830810547 0.54980844259262084961 0.56860202550888061523 0.56860202550888061523 0.59337449073791503906 0.55843293666839599609 0.55599212646484375 0.56790125370025634766 0.58700549602508544922 0.60113245248794555664 0.59691417217254638672 0.59691417217254638672 0.59426748752593994141 0.58484560251235961914 0.56298202276229858398 0.54900097846984863281 0.53652393817901611328 0.54424089193344116211 0.55772757530212402344 0.5507729649543762207 0.5507729649543762207 0.53788590431213378906 0.52844995260238647461 0.52056169509887695312 0.53929907083511352539 0.56818181276321411133 0.5887038111686706543
0.7379665374755859375 0.75307321548461914062 0.75780206918716430664 0.75696468353271484375 0.75725024938583374023 0.7601668238639831543 0.7601668238639831543 0.76574754714965820312 0.74319642782211303711 0.76090151071548461914 0.72971475124359130859 0.49881637096405029297 0.57716834545135498047 0.5388634800910949707 0.57758623361587524414 0.57758623361587524414 0.59038525819778442383 0.57208687067031860352 0.57431548833847045898 0.58260869979858398438 0.58031743764877319336 0.59688955545425415039 0.60546380281448364258 0.60546380281448364258 0.58852297067642211914 0.57692307233810424805 0.54903227090835571289 0.53766572475433349609 0.52387017011642456055 0.53316646814346313477 0.5443585515022277832 0.5443585515022277832 0.54385966062545776367 0.53860819339752197266 0.53518396615982055664 0.53770166635513305664 0.60607057809829711914 0.67164176702499389648 0.64251565933227539062
0.7293847203254699707 0.74685531854629516602 0.75178241729736328125 0.7520529627799987793 0.74483853578567504883 0.74692809581756591797 0.74692809581756591797 0.75134032964706420898 0.75229132175445556641 0.73546886444091796875 0.61079460382461547852 0.50886237621307373047 0.54940211772918701172 0.54406893253326416016 0.54406893253326416016 0.57701462507247924805 0.57301855087280273438 0.56816655397415161133 0.57453936338424682617 0.57880884408950805664 0.57313531637191772461 0.58010703325271606445 0.59083676338195800781 0.59083676338195800781 0.58909577131271362305 0.57402956485748291016 0.55585557222366333008 0.52929556369781494141 0.51381576061248779297 0.52371919155120849609 0.54067277908325195312 0.54067277908325195312 0.53850930929183959961 0.52783232927322387695 0.50470429658889770508 0.51073253154754638672 0.69849932193756103516 0.66215384006500244141 0.49670252203941345215
0.71999001502990722656 0.73928660154342651367 0.74633121490478515625 0.74546408653259277344 0.75136542320251464844 0.7529137730598449707 0.7529137730598449707 0.75423514842987060547 0.76269507408142089844 0.71646100282669067383 0.56698328256607055664 0.50819671154022216797 0.51458722352981567383 0.53789156675338745117 0.53789156675338745117 0.56084108352661132812 0.5597788691520690918 0.57045143842697143555 0.57810878753662109375 0.5673243403434753418 0.55473721027374267578 0.54986876249313354492 0.56564021110534667969 0.56564021110534667969 0.59718972444534301758 0.58467596769332885742 0.55610793828964233398 0.53624182939529418945 0.51381576061248779297 0.53386837244033813477 0.53807586431503295898 0.53807586431503295898 0.51351350545883178711 0.48888128995895385742 0.45019921660423278809 0.52051371335983276367 0.75181037187576293945 0.64557689428329467773 0.38353636860847473145
0.71913874149322509766 0.72736471891403198242 0.72863245010375976562 0.7331612706184387207 0.7441921234130859375 0.75276172161102294922 0.75276172161102294922 0.76485592126846313477 0.76038020849227905273 0.68620038032531738281 0.52100843191146850586 0.49064654111862182617 0.49100255966186523438 0.51986062526702880859 0.51986062526702880859 0.504547119140625 0.51726591587066650391 0.54782021045684814453 0.58740049600601196289 0.57835161685943603516 0.5498129725456237793 0.54599601030349731445 0.54599601030349731445 0.57352942228317260742 0.60966056585311889648 0.59306442737579345703 0.55912411212921142578 0.54677021503448486328 0.52311939001083374023 0.49566423892974853516 0.47951808571815490723 0.47951808571815490723 0.46235093474388122559 0.44909343123435974121 0.43399032950401306152 0.50911116600036621094 0.73384833335876464844 0.6854565739631652832 0.49709865450859069824
0.71754425764083862305 0.73118001222610473633 0.72616797685623168945 0.73305743932723999023 0.75051867961883544922 0.75051867961883544922 0.75516611337661743164 0.76421707868576049805 0.74974822998046875 0.6255054473876953125 0.54196304082870483398 0.53348881006240844727 0.51846879720687866211 0.51721787452697753906 0.51721787452697753906 0.48156508803367614746 0.45075890421867370605 0.47870880365371704102 0.52666431665420532227 0.52916371822357177734 0.51407504081726074219 0.51486098766326904297 0.51486098766326904297 0.5547987818717956543 0.57521557807922363281 0.57442420721054077148 0.55950653553009033203 0.54058974981307983398 0.52223813533782958984 0.46136701107025146484 0.47086164355278015137 0.47086164355278015137 0.51341116428375244141 0.50545454025268554688 0.45508390665054321289 0.56980353593826293945 0.73497468233108520508 0.71794873476028442383 0.70543980598449707031
