samples/ndvi/map_ndvi_2017-02-28.asc
ncols        322
nrows        306
xllcorner    -53.726171018035
yllcorner    -28.476684338117
cellsize     0.000269494585
NODATA_value  -9999
[rows 289 to 305 of 306, columns 39 to 77 of 322]
0.91002744436264038086 0.91252350807189941406 0.91081267595291137695 0.90943789482116699219 0.90962606668472290039 0.90869790315628051758 0.90869790315628051758 0.90971273183822631836 0.90893703699111938477 0.90875667333602905273 0.91087460517883300781 0.90360224246978759766 0.86261349916458129883 0.91093981266021728516 0.92217296361923217773 0.92217296361923217773 0.92769765853881835938 0.93022006750106811523 0.93307906389236450195 0.93386465311050415039 0.93097615242004394531 0.93066126108169555664 0.92994922399520874023 0.92994922399520874023 0.92948830127716064453 0.92913657426834106445 0.92980039119720458984 0.93064379692077636719 0.93075078725814819336 0.93009841442108154297 0.92962270975112915039 0.92962270975112915039 0.92481464147567749023 0.91103202104568481445 0.89349931478500366211 0.88113003969192504883 0.87059181928634643555 0.87432563304901123047 0.87511312961578369141
0.91215986013412475586 0.91172933578491210938 0.90929627418518066406 0.91021835803985595703 0.90988779067993164062 0.90835958719253540039 0.90835958719253540039 0.90682482719421386719 0.90797543525695800781 0.9090296626091003418 0.91170126199722290039 0.89716434478759765625 0.88279348611831665039 0.91354590654373168945 0.91354590654373168945 0.92545533180236816406 0.93002045154571533203 0.93062114715576171875 0.93098592758178710938 0.93207031488418579102 0.932094573974609375 0.93077957630157470703 0.92991364002227783203 0.92991364002227783203 0.92844855785369873047 0.92722839117050170898 0.93034136295318603516 0.92988485097885131836 0.93020868301391601562 0.93009841442108154297 0.92472165822982788086 0.92472165822982788086 0.90039843320846557617 0.87022471427917480469 0.86133819818496704102 0.8619391322135925293 0.87020277976989746094 0.87869459390640258789 0.88032221794128417969
0.91096484661102294922 0.91114950180053710938 0.90905910730361938477 0.90838617086410522461 0.90757197141647338867 0.90825688838958740234 0.90825688838958740234 0.90942347049713134766 0.90938735008239746094 0.90961211919784545898 0.91300016641616821289 0.90524363517761230469 0.88673198223114013672 0.90637642145156860352 0.90637642145156860352 0.92455297708511352539 0.93014568090438842773 0.92878228425979614258 0.92963558435440063477 0.930171966552734375 0.93076533079147338867 0.93082708120346069336 0.93159556388854980469 0.93159556388854980469 0.92974638938903808594 0.92924696207046508789 0.93075710535049438477 0.93028473854064941406 0.92943996191024780273 0.92936360836029052734 0.91231381893157958984 0.91231381893157958984 0.88808661699295043945 0.88634526729583740234 0.86234354972839355469 0.85192495584487915039 0.88108754158020019531 0.88657957315444946289 0.8779449462890625
0.91186678409576416016 0.90967744588851928711 0.90997350215911865234 0.90813976526260375977 0.90596616268157958984 0.90762698650360107422 0.90762698650360107422 0.90829235315322875977 0.91036510467529296875 0.91018474102020263672 0.91080445051193237305 0.90170067548751831055 0.87928819656372070312 0.90239411592483520508 0.90239411592483520508 0.91841232776641845703 0.92213356494903564453 0.92604976892471313477 0.92757660150527954102 0.92964285612106323242 0.93053847551345825195 0.93192207813262939453 0.93192207813262939453 0.93421685695648193359 0.93103450536727905273 0.92976295948028564453 0.93059712648391723633 0.93117833137512207031 0.92954117059707641602 0.93113827705383300781 0.90518301725387573242 0.90518301725387573242 0.89197695255279541016 0.89055925607681274414 0.88999998569488525391 0.87668973207473754883 0.89710062742233276367 0.87764704227447509766 0.87151753902435302734
0.90940886735916137695 0.90867418050765991211 0.90892922878265380859 0.90780138969421386719 0.90658855438232421875 0.90658855438232421875 0.90740740299224853516 0.90755558013916015625 0.90959858894348144531 0.91014689207077026367 0.90751445293426513672 0.89373677968978881836 0.88088589906692504883 0.90268647670745849609 0.90268647670745849609 0.90794265270233154297 0.9131755828857421875 0.92582929134368896484 0.92573338747024536133 0.92576009035110473633 0.92647057771682739258 0.92889195680618286133 0.92889195680618286133 0.93411165475845336914 0.93238431215286254883 0.93056523799896240234 0.93022429943084716797 0.93080198764801025391 0.92884099483489990234 0.90976721048355102539 0.90976721048355102539 0.88901537656784057617 0.88582903146743774414 0.87456881999969482422 0.88002437353134155273 0.87800127267837524414 0.89609611034393310547 0.89342063665390014648 0.89062005281448364258
0.90909093618392944336 0.90942728519439697266 0.90892922878265380859 0.90667855739593505859 0.90721833705902099609 0.90721833705902099609 0.90668570995330810547 0.90682673454284667969 0.90888381004333496094 0.91064119338989257812 0.89388614892959594727 0.89044040441513061523 0.90084159374237060547 0.90084159374237060547 0.90555346012115478516 0.89954543113708496094 0.90229457616806030273 0.90931987762451171875 0.92092680931091308594 0.92418640851974487305 0.92403161525726318359 0.92755681276321411133 0.92755681276321411133 0.93169760704040527344 0.93287074565887451172 0.92384982109069824219 0.92131513357162475586 0.92511761188507080078 0.91621863842010498047 0.89253729581832885742 0.89253729581832885742 0.87738996744155883789 0.8888562321662902832 0.88473433256149291992 0.87727135419845581055 0.87912088632583618164 0.89790499210357666016 0.90362751483917236328 0.90022420883178710938
0.90727078914642333984 0.90634495019912719727 0.90672838687896728516 0.90438532829284667969 0.90448832511901855469 0.90448832511901855469 0.90599209070205688477 0.90524232387542724609 0.90825361013412475586 0.90873086452484130859 0.87224590778350830078 0.90173107385635375977 0.90411955118179321289 0.90411955118179321289 0.90502250194549560547 0.89526689052581787109 0.88082903623580932617 0.88063126802444458008 0.9107487797737121582 0.92784059047698974609 0.92339313030242919922 0.92632329463958740234 0.92632329463958740234 0.93410533666610717773 0.92042154073715209961 0.89033585786819458008 0.8947111964225769043 0.90719473361968994141 0.9013729095458984375 0.89255261421203613281 0.89255261421203613281 0.88399881124496459961 0.87983089685440063477 0.87481635808944702148 0.88702124357223510742 0.88530462980270385742 0.89246618747711181641 0.90148913860321044922 0.90148913860321044922
0.9055283665657043457 0.90583199262619018555 0.90398001670837402344 0.90369296073913574219 0.90612024068832397461 0.90612024068832397461 0.90379744768142700195 0.90472739934921264648 0.90676903724670410156 0.87204396724700927734 0.85108053684234619141 0.90038597583770751953 0.90481382608413696289 0.90481382608413696289 0.90702784061431884766 0.89131593704223632812 0.85335916280746459961 0.86955213546752929688 0.89170897006988525391 0.92136102914810180664 0.92515361309051513672 0.92515361309051513672 0.92875045537948608398 0.92156863212585449219 0.89485871791839599609 0.88097232580184936523 0.87715446949005126953 0.89567810297012329102 0.88898527622222900391 0.88658863306045532227 0.88658863306045532227 0.88834810256958007812 0.89040350914001464844 0.88564956188201904297 0.8912067413330078125 0.88303416967391967773 0.88913249969482421875 0.89997059106826782227 0.89997059106826782227
0.90588641166687011719 0.90545582771301269531 0.90525746345520019531 0.90638452768325805664 0.90638452768325805664 0.90613198280334472656 0.90182280540466308594 0.89829266071319580078 0.88410657644271850586 0.83508181571960449219 0.83562231063842773438 0.85964912176132202148 0.87234044075012207031 0.87234044075012207031 0.9044157862663269043 0.88342440128326416016 0.84659636020660400391 0.88269966840744018555 0.88392603397369384766 0.89615738391876220703 0.90903651714324951172 0.90903651714324951172 0.90912878513336181641 0.89169484376907348633 0.88490712642669677734 0.88602209091186523438 0.88506472110748291016 0.88646757602691650391 0.88384306430816650391 0.88384306430816650391 0.88409370183944702148 0.88899224996566772461 0.89833426475524902344 0.89684814214706420898 0.89450669288635253906 0.89369320869445800781 0.89059209823608398438 0.90224498510360717773 0.90224498510360717773
0.9073588252067565918 0.90629422664642333984 0.90582317113876342773 0.90137779712677001953 0.90137779712677001953 0.88570362329483032227 0.88070577383041381836 0.87528342008590698242 0.88221842050552368164 0.8867715001106262207 0.88318383693695068359 0.85315316915512084961 0.85834157466888427734 0.85834157466888427734 0.89715188741683959961 0.89056038856506347656 0.82651662826538085938 0.85933101177215576172 0.88283538818359375 0.87733483314514160156 0.88269329071044921875 0.88269329071044921875 0.88512766361236572266 0.88275861740112304688 0.88478749990463256836 0.88323354721069335938 0.87748557329177856445 0.88019865751266479492 0.89132392406463623047 0.89132392406463623047 0.89190804958343505859 0.8896083831787109375 0.8934376835823059082 0.89722388982772827148 0.89671093225479125977 0.89806485176086425781 0.89787000417709350586 0.89658045768737792969 0.89658045768737792969
0.90541249513626098633 0.90550899505615234375 0.90428030490875244141 0.87134951353073120117 0.87134951353073120117 0.87793785333633422852 0.8867924809455871582 0.89960664510726928711 0.90205717086791992188 0.90809398889541625977 0.9064204096794128418 0.88918817043304443359 0.88918817043304443359 0.86511087417602539062 0.87279152870178222656 0.89936876296997070312 0.76414024829864501953 0.82182776927947998047 0.88170802593231201172 0.8756383061408996582 0.88709163665771484375 0.88709163665771484375 0.89113622903823852539 0.88235294818878173828 0.88702809810638427734 0.88680350780487060547 0.87880688905715942383 0.88664984703063964844 0.89645606279373168945 0.89645606279373168945 0.89591526985168457031 0.89627039432525634766 0.89068251848220825195 0.89728796482086181641 0.89700728654861450195 0.90030127763748168945 0.89986962080001831055 0.89986962080001831055 0.88929891586303710938
0.90368062257766723633 0.90105223655700683594 0.8854166865348815918 0.87134951353073120117 0.90461999177932739258 0.90436434745788574219 0.90380990505218505859 0.90435272455215454102 0.90422433614730834961 0.90686446428298950195 0.90901315212249755859 0.90899360179901123047 0.90899360179901123047 0.82929587364196777344 0.80039823055267333984 0.89958608150482177734 0.75079685449600219727 0.75592750310897827148 0.89163118600845336914 0.88136070966720581055 0.88136070966720581055 0.88563215732574462891 0.88664746284484863281 0.89005845785140991211 0.89909446239471435547 0.88484007120132446289 0.88299936056137084961 0.89131104946136474609 0.90060973167419433594 0.90060973167419433594 0.90596848726272583008 0.89802175760269165039 0.88828635215759277344 0.89206725358963012695 0.89273357391357421875 0.89712476730346679688 0.90139442682266235352 0.90139442682266235352 0.8884862065315246582
0.90744835138320922852 0.90637046098709106445 0.90139532089233398438 0.90461999177932739258 0.90866899490356445312 0.9045264124870300293 0.90371906757354736328 0.90469127893447875977 0.90570539236068725586 0.90768694877624511719 0.90763461589813232422 0.90621173381805419922 0.90621173381805419922 0.88457101583480834961 0.83059865236282348633 0.86496591567993164062 0.80841356515884399414 0.72162604331970214844 0.85172873735427856445 0.88354432582855224609 0.88354432582855224609 0.88575899600982666016 0.88014024496078491211 0.89181113243103027344 0.89541429281234741211 0.89637583494186401367 0.88899284601211547852 0.89336085319519042969 0.90187335014343261719 0.90187335014343261719 0.90135854482650756836 0.90588897466659545898 0.89617484807968139648 0.89357101917266845703 0.88971149921417236328 0.88975965976715087891 0.89486861228942871094 0.89486861228942871094 0.90450787544250488281
0.90869247913360595703 0.91028445959091186523 0.90992307662963867188 0.90992307662963867188 0.91030395030975341797 0.90544360876083374023 0.90335977077484130859 0.90397906303405761719 0.90464013814926147461 0.90571677684783935547 0.90629273653030395508 0.90727800130844116211 0.90727800130844116211 0.9040616154670715332 0.89112830162048339844 0.88031971454620361328 0.86580586433410644531 0.8238531947135925293 0.84861809015274047852 0.886447906494140625 0.886447906494140625 0.89165008068084716797 0.87826085090637207031 0.87106627225875854492 0.88007158041000366211 0.88210779428482055664 0.88520014286041259766 0.89019870758056640625 0.89019870758056640625 0.89703989028930664062 0.90092700719833374023 0.90035587549209594727 0.89281642436981201172 0.89604878425598144531 0.89926600456237792969 0.89603573083877563477 0.89646202325820922852 0.89646202325820922852 0.90749937295913696289
0.90270268917083740234 0.90721839666366577148 0.90973520278930664062 0.90973520278930664062 0.91023272275924682617 0.90539014339447021484 0.90431696176528930664 0.90342277288436889648 0.90476191043853759766 0.90775102376937866211 0.90672338008880615234 0.90672338008880615234 0.90759301185607910156 0.90797543525695800781 0.90648990869522094727 0.90520620346069335938 0.88322591781616210938 0.87983179092407226562 0.87724173069000244141 0.88270270824432373047 0.88270270824432373047 0.87961065769195556641 0.86080783605575561523 0.86259543895721435547 0.86367714405059814453 0.87086409330368041992 0.88539850711822509766 0.91212487220764160156 0.91212487220764160156 0.90706938505172729492 0.90298509597778320312 0.90350878238677978516 0.89682996273040771484 0.89717084169387817383 0.89301311969757080078 0.89324563741683959961 0.89324563741683959961 0.90457057952880859375 0.91173470020294189453
0.88401997089385986328 0.89978492259979248047 0.9073403477668762207 0.9073403477668762207 0.90840840339660644531 0.90601783990859985352 0.90336531400680541992 0.90544784069061279297 0.90558868646621704102 0.90626102685928344727 0.9082348942756652832 0.9082348942756652832 0.90790587663650512695 0.90614336729049682617 0.9042460322380065918 0.9041544795036315918 0.90024244785308837891 0.89779961109161376953 0.87058824300765991211 0.88586252927780151367 0.88586252927780151367 0.86197710037231445312 0.83184260129928588867 0.85714286565780639648 0.86086440086364746094 0.86592906713485717773 0.88148951530456542969 0.91929173469543457031 0.91929173469543457031 0.90430623292922973633 0.90502285957336425781 0.90450501441955566406 0.90353697538375854492 0.89544004201889038086 0.88526433706283569336 0.89367085695266723633 0.89367085695266723633 0.91158539056777954102 0.90706956386566162109
0.88686645030975341797 0.89058727025985717773 0.8982188105583190918 0.8982188105583190918 0.90762823820114135742 0.90404516458511352539 0.9027068018913269043 0.90547996759414672852 0.90509092807769775391 0.90597069263458251953 0.90502601861953735352 0.90502601861953735352 0.90531533956527709961 0.90608578920364379883 0.90487635135650634766 0.90548467636108398438 0.90739792585372924805 0.90660005807876586914 0.89543205499649047852 0.89543205499649047852 0.89150834083557128906 0.88274621963500976562 0.86619359254837036133 0.86027169227600097656 0.85509055852890014648 0.8647778630256652832 0.88468760251998901367 0.91168093681335449219 0.91168093681335449219 0.90068280696868896484 0.89827585220336914062 0.89999997615814208984 0.89631813764572143555 0.89664232730865478516 0.88860327005386352539 0.90732437372207641602 0.90732437372207641602 0.9127534031867980957 0.90325415134429931641
