samples/ndvi/map_ndvi_2017-08-23.asc
ncols        322
nrows        306
xllcorner    -53.726171018035
yllcorner    -28.476684338117
cellsize     0.000269494585
NODATA_value  -9999
[rows 68 to 84 of 306, columns 234 to 272 of 322]
0.57551610469818115234 0.56158804893493652344 0.56980150938034057617 0.60510408878326416016 0.60510408878326416016 0.6508038640022277832 0.69146341085433959961 0.71195161342620849609 0.69729727506637573242 0.63089853525161743164 0.62736535072326660156 0.72023123502731323242 0.48606628179550170898 0.48606628179550170898 0.43189284205436706543 0.39805269241333007812 0.7867450714111328125 0.84708994626998901367 0.822742462158203125 0.83400052785873413086 0.83608275651931762695 0.83608275651931762695 0.84073978662490844727 0.83453983068466186523 0.832843780517578125 0.75460124015808105469 0.81707990169525146484 0.81767022609710693359 0.81672203540802001953 0.81672203540802001953 0.81818181276321411133 0.82539230585098266602 0.81217086315155029297 0.76954734325408935547 0.71802729368209838867 0.7281665802001953125 0.76758760213851928711 0.82858753204345703125 0.82858753204345703125
0.64527261257171630859 0.57011979818344116211 0.56377732753753662109 0.60043120384216308594 0.60043120384216308594 0.62334728240966796875 0.67368751764297485352 0.68542122840881347656 0.65550822019577026367 0.71295213699340820312 0.67547917366027832031 0.58502745628356933594 0.58502745628356933594 0.49958157539367675781 0.49724519252777099609 0.62645131349563598633 0.85031414031982421875 0.82900249958038330078 0.83314734697341918945 0.82898390293121337891 0.82720088958740234375 0.82720088958740234375 0.83279567956924438477 0.83993577957153320312 0.82443386316299438477 0.80763792991638183594 0.81602865457534790039 0.81085616350173950195 0.81394022703170776367 0.81394022703170776367 0.81150621175765991211 0.81320542097091674805 0.81345731019973754883 0.81905269622802734375 0.81937515735626220703 0.7572765350341796875 0.64987748861312866211 0.64987748861312866211 0.645099639892578125
0.76849722862243652344 0.6890671849250793457 0.62116402387619018555 0.605792999267578125 0.605792999267578125 0.61663419008255004883 0.65206587314605712891 0.6834875941276550293 0.65563333034515380859 0.66734141111373901367 0.71454167366027832031 0.60483646392822265625 0.60483646392822265625 0.65897858142852783203 0.81912004947662353516 0.85019713640213012695 0.87248134613037109375 0.84319198131561279297 0.83314734697341918945 0.85109251737594604492 0.85109251737594604492 0.83419972658157348633 0.84341251850128173828 0.83721566200256347656 0.71149307489395141602 0.76518452167510986328 0.80329668521881103516 0.80899500846862792969 0.8145732879638671875 0.8145732879638671875 0.81181871891021728516 0.81838440895080566406 0.82065218687057495117 0.82770359516143798828 0.83399629592895507812 0.79415583610534667969 0.72774869203567504883 0.72774869203567504883 0.70061033964157104492
0.64157706499099731445 0.74816626310348510742 0.74076807498931884766 0.74076807498931884766 0.65831905603408813477 0.59775060415267944336 0.62034976482391357422 0.66317731142044067383 0.67205971479415893555 0.5562451481819152832 0.55225807428359985352 0.63051772117614746094 0.63051772117614746094 0.66471081972122192383 0.76654845476150512695 0.78459721803665161133 0.79324287176132202148 0.82808649539947509766 0.84802597761154174805 0.83544647693634033203 0.83544647693634033203 0.84958678483963012695 0.85441261529922485352 0.80648833513259887695 0.41874745488166809082 0.59733527898788452148 0.5972430109977722168 0.74395859241485595703 0.82147920131683349609 0.82147920131683349609 0.82118451595306396484 0.81859028339385986328 0.82767057418823242188 0.86257469654083251953 0.7860400080680847168 0.81290322542190551758 0.67001307010650634766 0.67001307010650634766 0.74714392423629760742
0.59739816188812255859 0.6078574061393737793 0.6908861994743347168 0.6908861994743347168 0.75901705026626586914 0.67457181215286254883 0.61251664161682128906 0.65098041296005249023 0.67002928256988525391 0.64915573596954345703 0.50029921531677246094 0.58103972673416137695 0.58103972673416137695 0.51623880863189697266 0.68023949861526489258 0.78751164674758911133 0.80940747261047363281 0.78286063671112060547 0.81370019912719726562 0.75207591056823730469 0.75207591056823730469 0.74382805824279785156 0.7898089289665222168 0.67264574766159057617 0.34604904055595397949 0.24275533854961395264 0.13096199929714202881 0.33736559748649597168 0.33736559748649597168 0.56621623039245605469 0.71808028221130371094 0.78649479150772094727 0.82515168190002441406 0.84909975528717041016 0.74831622838973999023 0.75199359655380249023 0.73434990644454956055 0.73434990644454956055 0.70990025997161865234
0.61563140153884887695 0.60037881135940551758 0.59932088851928710938 0.59932088851928710938 0.67814034223556518555 0.77046781778335571289 0.70894104242324829102 0.71353483200073242188 0.69204151630401611328 0.70826578140258789062 0.66223323345184326172 0.66223323345184326172 0.62777078151702880859 0.49357521533966064453 0.50577944517135620117 0.71375119686126708984 0.81318682432174682617 0.81140214204788208008 0.77543425559997558594 0.77552956342697143555 0.77552956342697143555 0.70168203115463256836 0.60872441530227661133 0.41993355751037597656 0.28759399056434631348 0.2160841822624206543 0.16998341679573059082 0.17732962965965270996 0.17732962965965270996 0.40890431404113769531 0.60790276527404785156 0.65751212835311889648 0.78058010339736938477 0.76459681987762451172 0.56867110729217529297 0.59327334165573120117 0.68270570039749145508 0.68270570039749145508 0.66032868623733520508
0.74351221323013305664 0.66799467802047729492 0.6141350865364074707 0.6141350865364074707 0.59687399864196777344 0.65030676126480102539 0.75447076559066772461 0.75147002935409545898 0.67157745361328125 0.70091485977172851562 0.74042695760726928711 0.74042695760726928711 0.66930919885635375977 0.51261186599731445312 0.38682633638381958008 0.53766620159149169922 0.71140724420547485352 0.81136870384216308594 0.8064314723014831543 0.70500326156616210938 0.70500326156616210938 0.69790661334991455078 0.50724637508392333984 0.28145387768745422363 0.072321087121963500977 0.12176010012626647949 0.25 0.32896259427070617676 0.32896259427070617676 0.60914283990859985352 0.72812581062316894531 0.6764252781867980957 0.61630403995513916016 0.56070494651794433594 0.46405720710754394531 0.42845973372459411621 0.42845973372459411621 0.68093919754028320312 0.74629563093185424805
0.84826326370239257812 0.82000935077667236328 0.76482021808624267578 0.76482021808624267578 0.65344691276550292969 0.58498626947402954102 0.67914438247680664062 0.74694782495498657227 0.57320284843444824219 0.61423093080520629883 0.67825222015380859375 0.67825222015380859375 0.68995630741119384766 0.65017116069793701172 0.59252452850341796875 0.58735227584838867188 0.66322380304336547852 0.741466522216796875 0.7413514256477355957 0.65031844377517700195 0.66449511051177978516 0.62203717231750488281 0.37042155861854553223 0.21594981849193572998 0.19576719403266906738 0.075331129133701324463 0.32988870143890380859 0.52781456708908081055 0.52781456708908081055 0.63483327627182006836 0.73945480585098266602 0.69936949014663696289 0.64657455682754516602 0.74446868896484375 0.65675210952758789062 0.51223129034042358398 0.51223129034042358398 0.65831774473190307617 0.74287486076354980469
0.86107999086380004883 0.85825687646865844727 0.85825687646865844727 0.85383570194244384766 0.81060069799423217773 0.70095813274383544922 0.64123713970184326172 0.75048279762268066406 0.69045084714889526367 0.61482560634613037109 0.67521899938583374023 0.67521899938583374023 0.65642374753952026367 0.67913800477981567383 0.66214263439178466797 0.70705568790435791016 0.71206468343734741211 0.65988099575042724609 0.65031844377517700195 0.65031844377517700195 0.60881215333938598633 0.46470588445663452148 0.18691910803318023682 0.14987578988075256348 0.2635110020637512207 0.30681818723678588867 0.56104129552841186523 0.56104129552841186523 0.65621769428253173828 0.68135356903076171875 0.58789438009262084961 0.37368747591972351074 0.30339482426643371582 0.580287933349609375 0.75231242179870605469 0.71757924556732177734 0.71757924556732177734 0.59788358211517333984 0.69737607240676879883
0.8770351409912109375 0.86806464195251464844 0.86806464195251464844 0.86268919706344604492 0.85597884654998779297 0.8565266728401184082 0.80169832706451416016 0.80890536308288574219 0.81723624467849731445 0.75805890560150146484 0.75805890560150146484 0.76482212543487548828 0.64659088850021362305 0.62467569112777709961 0.64515197277069091797 0.65227019786834716797 0.70604479312896728516 0.64593005180358886719 0.62293142080307006836 0.62293142080307006836 0.50163292884826660156 0.4203618168830871582 0.26578947901725769043 0.24521739780902862549 0.35676088929176330566 0.42976239323616027832 0.47428074479103088379 0.47428074479103088379 0.64163684844970703125 0.56055593490600585938 0.37271448969841003418 0.17577855288982391357 0.15249267220497131348 0.29655173420906066895 0.58806240558624267578 0.82859915494918823242 0.82859915494918823242 0.76535660028457641602 0.70205706357955932617
0.86415749788284301758 0.86813664436340332031 0.86813664436340332031 0.86599957942962646484 0.85919165611267089844 0.85866492986679077148 0.85371375083923339844 0.8532155156135559082 0.83549177646636962891 0.81907492876052856445 0.81907492876052856445 0.8102766871452331543 0.72157770395278930664 0.64285713434219360352 0.60522735118865966797 0.64938849210739135742 0.74281805753707885742 0.68291825056076049805 0.58491826057434082031 0.58491826057434082031 0.55210053920745849609 0.47393205761909484863 0.29161372780799865723 0.42181432247161865234 0.32669684290885925293 0.24287186563014984131 0.26211568713188171387 0.26211568713188171387 0.60840266942977905273 0.40671908855438232422 0.17486137151718139648 0.10223425924777984619 0.15837104618549346924 0.29006409645080566406 0.57239937782287597656 0.57239937782287597656 0.8005364537239074707 0.70269435644149780273 0.57904469966888427734
0.7845509648323059082 0.83688890933990478516 0.83688890933990478516 0.8616765141487121582 0.86515384912490844727 0.86706435680389404297 0.86363637447357177734 0.86327022314071655273 0.87984681129455566406 0.86710566282272338867 0.86710566282272338867 0.84521633386611938477 0.80837082862854003906 0.75477617979049682617 0.67296630144119262695 0.76119405031204223633 0.7482649683952331543 0.75535368919372558594 0.75535368919372558594 0.67932486534118652344 0.45781365036964416504 0.33620423078536987305 0.32518175244331359863 0.40654382109642028809 0.26325327157974243164 0.1783644556999206543 0.31535419821739196777 0.31535419821739196777 0.47202050685882568359 0.39228174090385437012 0.21711423993110656738 0.12177835404872894287 0.14060258865356445312 0.43746495246887207031 0.60945653915405273438 0.60945653915405273438 0.64499312639236450195 0.60470843315124511719 0.39588785171508789062
0.6773688197135925293 0.6773688197135925293 0.72864812612533569336 0.78905516862869262695 0.83370989561080932617 0.85714286565780639648 0.86950051784515380859 0.883220672607421875 0.89019095897674560547 0.87149757146835327148 0.87149757146835327148 0.85678136348724365234 0.81361758708953857422 0.82046067714691162109 0.83768117427825927734 0.87204539775848388672 0.81392878293991088867 0.63479924201965332031 0.63479924201965332031 0.53196769952774047852 0.38186064362525939941 0.28714147210121154785 0.11182313412427902222 0.32398957014083862305 0.29461458325386047363 0.33938547968864440918 0.32087475061416625977 0.32087475061416625977 0.2385120391845703125 0.26293995976448059082 0.31758108735084533691 0.19351100921630859375 0.16285240650177001953 0.49228242039680480957 0.70786517858505249023 0.70786517858505249023 0.64980363845825195312 0.71897184848785400391 0.56611984968185424805
0.63055557012557983398 0.63055557012557983398 0.64856058359146118164 0.66806942224502563477 0.71909290552139282227 0.78825706243515014648 0.8452174067497253418 0.875949859619140625 0.89782559871673583984 0.87934273481369018555 0.87934273481369018555 0.87012368440628051758 0.85907858610153198242 0.84500467777252197266 0.89298892021179199219 0.87722486257553100586 0.76085764169692993164 0.48741006851196289062 0.48741006851196289062 0.35074144601821899414 0.44948756694793701172 0.38731342554092407227 0.22753210365772247314 0.33990842103958129883 0.35417380928993225098 0.52987265586853027344 0.52987265586853027344 0.59682428836822509766 0.38330632448196411133 0.25511810183525085449 0.26766917109489440918 0.26464506983757019043 0.26170799136161804199 0.60072487592697143555 0.70599615573883056641 0.70599615573883056641 0.73516184091567993164 0.68357425928115844727 0.51001757383346557617
0.61744022369384765625 0.61744022369384765625 0.60933107137680053711 0.61715245246887207031 0.63189512491226196289 0.66356110572814941406 0.70240157842636108398 0.78318375349044799805 0.85103899240493774414 0.85103899240493774414 0.86486488580703735352 0.87057971954345703125 0.86699384450912475586 0.86649811267852783203 0.86527138948440551758 0.86149162054061889648 0.73687499761581420898 0.40367239713668823242 0.40367239713668823242 0.321384429931640625 0.44948756694793701172 0.37593984603881835938 0.24675324559211730957 0.30234542489051818848 0.28553870320320129395 0.46127432584762573242 0.46127432584762573242 0.49419954419136047363 0.41585445404052734375 0.42446044087409973145 0.27590408921241760254 0.51426243782043457031 0.4255803227424621582 0.52464586496353149414 0.52464586496353149414 0.64391142129898071289 0.74467098712921142578 0.5089664459228515625 0.43999999761581420898
0.62730103731155395508 0.62730103731155395508 0.60227274894714355469 0.60825324058532714844 0.61308515071868896484 0.60993105173110961914 0.61030596494674682617 0.6709728240966796875 0.72488582134246826172 0.72488582134246826172 0.79021358489990234375 0.83954298496246337891 0.86585068702697753906 0.86604511737823486328 0.85461789369583129883 0.8505687713623046875 0.68022924661636352539 0.68022924661636352539 0.3247089385986328125 0.24899598956108093262 0.36002409458160400391 0.42100667953491210938 0.32416224479675292969 0.40327867865562438965 0.35678845643997192383 0.46334961056709289551 0.46334961056709289551 0.39116841554641723633 0.15735805034637451172 0.48791638016700744629 0.38690236210823059082 0.46689447760581970215 0.40812721848487854004 0.46188008785247802734 0.46188008785247802734 0.44520065188407897949 0.58060777187347412109 0.31283140182495117188 0.22168052196502685547
0.66647726297378540039 0.64312267303466796875 0.61655646562576293945 0.61904764175415039062 0.61841005086898803711 0.60345786809921264648 0.61096215248107910156 0.6221033930778503418 0.69086945056915283203 0.69086945056915283203 0.72493344545364379883 0.66395348310470581055 0.75733751058578491211 0.82332503795623779297 0.84852129220962524414 0.85195660591125488281 0.59425681829452514648 0.59425681829452514648 0.42471042275428771973 0.42713269591331481934 0.46185997128486633301 0.46506482362747192383 0.43363994359970092773 0.34610390663146972656 0.17886878550052642822 0.30823528766632080078 0.30823528766632080078 0.33616691827774047852 0.44387230277061462402 0.60215055942535400391 0.53868615627288818359 0.46574395895004272461 0.40566742420196533203 0.48837208747863769531 0.48837208747863769531 0.29625150561332702637 0.27889591455459594727 0.28746071457862854004 0.32888147234916687012
