samples/ndvi/map_ndvi_2017-09-24.asc
ncols        322
nrows        306
xllcorner    -53.726171018035
yllcorner    -28.476684338117
cellsize     0.000269494585
NODATA_value  -9999
[rows 85 to 101 of 306, columns 39 to 77 of 322]
0.82630586624145507812 0.8193264007568359375 0.80645161867141723633 0.80645161867141723633 0.80267661809921264648 0.77611941099166870117 0.57948023080825805664 0.47624003887176513672 0.4655590057373046875 0.4658896028995513916 0.44293478131294250488 0.44293478131294250488 0.44150185585021972656 0.4796854555606842041 0.67592293024063110352 0.71541500091552734375 0.71252030134201049805 0.60455000400543212891 0.58283829689025878906 0.58283829689025878906 0.69076174497604370117 0.68980699777603149414 0.7407805323600769043 0.80676329135894775391 0.81553399562835693359 0.81628394126892089844 0.82466870546340942383 0.83188211917877197266 0.83188211917877197266 0.83299660682678222656 0.83023333549499511719 0.82912880182266235352 0.83595579862594604492 0.81818181276321411133 0.79946881532669067383 0.80529171228408813477 0.80529171228408813477 0.84765279293060302734 0.83359897136688232422
0.82163184881210327148 0.80607628822326660156 0.80607628822326660156 0.79219102859497070312 0.79792255163192749023 0.75605154037475585938 0.50567203760147094727 0.46804836392402648926 0.4560000002384185791 0.46100279688835144043 0.44841536879539489746 0.44841536879539489746 0.45112529397010803223 0.48768472671508789062 0.69064503908157348633 0.71593612432479858398 0.71515357494354248047 0.70800745487213134766 0.74581938982009887695 0.74581938982009887695 0.71322476863861083984 0.59506171941757202148 0.59213942289352416992 0.79569524526596069336 0.80222839117050170898 0.82837373018264770508 0.84113091230392456055 0.84113091230392456055 0.84993445873260498047 0.84060847759246826172 0.82543981075286865234 0.83410751819610595703 0.84378075599670410156 0.822559356689453125 0.81128340959548950195 0.8318951725959777832 0.8318951725959777832 0.84537386894226074219 0.83109658956527709961
0.82534676790237426758 0.80647230148315429688 0.80647230148315429688 0.79662096500396728516 0.77388536930084228516 0.72715735435485839844 0.48696845769882202148 0.47120952606201171875 0.44967365264892578125 0.45837649703025817871 0.4523480534553527832 0.4482758641242980957 0.46164199709892272949 0.54746937751770019531 0.72275203466415405273 0.73260200023651123047 0.7432200312614440918 0.79957050085067749023 0.79264211654663085938 0.79264211654663085938 0.71607887744903564453 0.55490052700042724609 0.52170962095260620117 0.7662875056266784668 0.79153549671173095703 0.82532447576522827148 0.83096641302108764648 0.83096641302108764648 0.84681415557861328125 0.84142714738845825195 0.83050847053527832031 0.83400809764862060547 0.84074318408966064453 0.83616185188293457031 0.8301003575325012207 0.84125983715057373047 0.84125983715057373047 0.84600818157196044922 0.84157162904739379883
0.819492340087890625 0.81486147642135620117 0.81486147642135620117 0.79512804746627807617 0.75249117612838745117 0.66743195056915283203 0.4895833432674407959 0.47469878196716308594 0.45385149121284484863 0.4523480534553527832 0.46159216761589050293 0.4622770845890045166 0.47875925898551940918 0.63205343484878540039 0.73241853713989257812 0.73837614059448242188 0.77042537927627563477 0.80390763282775878906 0.83533173799514770508 0.83533173799514770508 0.77172505855560302734 0.54887789487838745117 0.46641510725021362305 0.70569729804992675781 0.78812974691390991211 0.82197105884552001953 0.82997918128967285156 0.82997918128967285156 0.84242022037506103516 0.84152460098266601562 0.83721715211868286133 0.84088617563247680664 0.84712529182434082031 0.83583581447601318359 0.84074193239212036133 0.84074193239212036133 0.83960515260696411133 0.84088808298110961914 0.845249176025390625
0.82450640201568603516 0.81051963567733764648 0.81051963567733764648 0.77649694681167602539 0.73155671358108520508 0.56885814666748046875 0.47469025850296020508 0.46577274799346923828 0.46037337183952331543 0.46159216761589050293 0.46159216761589050293 0.47474047541618347168 0.49166384339332580566 0.69946449995040893555 0.74596637487411499023 0.75849056243896484375 0.7785212397575378418 0.80237650871276855469 0.80237650871276855469 0.80127298831939697266 0.81138008832931518555 0.60435438156127929688 0.46416509151458740234 0.63133960962295532227 0.78294038772583007812 0.83367842435836791992 0.83978277444839477539 0.83978277444839477539 0.84615385532379150391 0.84244048595428466797 0.8358516693115234375 0.83893984556198120117 0.85567694902420043945 0.83779919147491455078 0.84530746936798095703 0.84530746936798095703 0.83527129888534545898 0.83659732341766357422 0.85020720958709716797
0.81257939338684082031 0.81257939338684082031 0.8033618927001953125 0.77443128824234008789 0.72981667518615722656 0.50448834896087646484 0.48242810368537902832 0.4715099632740020752 0.47196593880653381348 0.46977731585502624512 0.46977731585502624512 0.48619958758354187012 0.51100242137908935547 0.71966385841369628906 0.75730794668197631836 0.77566927671432495117 0.78882390260696411133 0.81001204252243041992 0.81001204252243041992 0.78503489494323730469 0.63641649484634399414 0.5833333134651184082 0.56674885749816894531 0.60879403352737426758 0.77030813694000244141 0.83656507730484008789 0.84494537115097045898 0.84494537115097045898 0.84729230403900146484 0.84928715229034423828 0.83579528331756591797 0.84235775470733642578 0.86006027460098266602 0.85328441858291625977 0.85616010427474975586 0.85616010427474975586 0.83517158031463623047 0.83430045843124389648 0.85213774442672729492
0.80057340860366821289 0.80057340860366821289 0.80202400684356689453 0.77354902029037475586 0.72921311855316162109 0.4892241358757019043 0.50087749958038330078 0.48909220099449157715 0.49506348371505737305 0.48737728595733642578 0.48737728595733642578 0.51349455118179321289 0.56894791126251220703 0.75357025861740112305 0.77547609806060791016 0.78887778520584106445 0.79611343145370483398 0.80278283357620239258 0.80278283357620239258 0.77423387765884399414 0.59664946794509887695 0.60331261157989501953 0.64074873924255371094 0.70119273662567138672 0.68823736906051635742 0.83787560462951660156 0.83787560462951660156 0.84475195407867431641 0.85115021467208862305 0.85083818435668945312 0.84427064657211303711 0.8550135493278503418 0.86907148361206054688 0.86944001913070678711 0.86093705892562866211 0.86093705892562866211 0.84048724174499511719 0.84068548679351806641 0.84893882274627685547
0.7895075678825378418 0.7895075678825378418 0.78927201032638549805 0.75589281320571899414 0.6808649897575378418 0.49718704819679260254 0.51902270317077636719 0.5232436060905456543 0.52039378881454467773 0.52039378881454467773 0.51513046026229858398 0.52292311191558837891 0.65166342258453369141 0.79154932498931884766 0.8144200444221496582 0.81858408451080322266 0.80509001016616821289 0.80874156951904296875 0.80874156951904296875 0.78735005855560302734 0.57354331016540527344 0.23156899213790893555 0.5359827876091003418 0.67446154356002807617 0.67133581638336181641 0.77770084142684936523 0.77770084142684936523 0.82777035236358642578 0.84796500205993652344 0.85157060623168945312 0.8333333134651184082 0.83474433422088623047 0.85111331939697265625 0.85975992679595947266 0.85975992679595947266 0.84438222646713256836 0.82734274864196777344 0.83125412464141845703 0.83843481540679931641
0.78103613853454589844 0.78103613853454589844 0.78407645225524902344 0.77187502384185791016 0.60283690690994262695 0.48526802659034729004 0.49806678295135498047 0.51911050081253051758 0.52879583835601806641 0.52879583835601806641 0.52404183149337768555 0.5246575474739074707 0.69626772403717041016 0.79013115167617797852 0.80663508176803588867 0.81033933162689208984 0.80000001192092895508 0.80000001192092895508 0.80227679014205932617 0.78394240140914916992 0.67126309871673583984 0.45789840817451477051 0.59521436691284179688 0.79409182071685791016 0.74635386466979980469 0.74253344535827636719 0.74253344535827636719 0.80895525217056274414 0.832489013671875 0.84615385532379150391 0.81972211599349975586 0.81295973062515258789 0.8513119816780090332 0.84684681892395019531 0.84684681892395019531 0.83990442752838134766 0.83809244632720947266 0.83411580324172973633 0.8333873748779296875
0.77708005905151367188 0.77708005905151367188 0.77324843406677246094 0.77872598171234130859 0.50761419534683227539 0.47749724984169006348 0.45754209160804748535 0.4744987785816192627 0.49929773807525634766 0.49929773807525634766 0.50772470235824584961 0.49796748161315917969 0.70169275999069213867 0.79509741067886352539 0.79441052675247192383 0.80749684572219848633 0.80605310201644897461 0.80605310201644897461 0.78623628616333007812 0.7822284698486328125 0.76665866374969482422 0.74222224950790405273 0.7698695063591003418 0.8373349308967590332 0.81019222736358642578 0.7016722559928894043 0.7016722559928894043 0.79471945762634277344 0.8170731663703918457 0.85022026300430297852 0.81368947029113769531 0.81333333253860473633 0.84470713138580322266 0.83378338813781738281 0.83378338813781738281 0.83798062801361083984 0.84400796890258789062 0.83667540550231933594 0.83244431018829345703
0.58903133869171142578 0.60000002384185791016 0.55896717309951782227 0.53730273246765136719 0.6088135838508605957 0.58767616748809814453 0.53046470880508422852 0.45623835921287536621 0.48928695917129516602 0.48928695917129516602 0.48816767334938049316 0.49796748161315917969 0.58122974634170532227 0.65525823831558227539 0.67139703035354614258 0.66364490985870361328 0.61590212583541870117 0.61590212583541870117 0.61791592836380004883 0.62985438108444213867 0.67016929388046264648 0.69545030593872070312 0.79302185773849487305 0.8419945836067199707 0.8380005955696105957 0.8380005955696105957 0.7551282048225402832 0.78654295206069946289 0.82217645645141601562 0.85810357332229614258 0.82229620218276977539 0.82782322168350219727 0.83848893642425537109 0.84037017822265625 0.84037017822265625 0.83950978517532348633 0.84285318851470947266 0.83444237709045410156 0.84585422277450561523
0.33621707558631896973 0.3282267451286315918 0.31992110610008239746 0.42715862393379211426 0.71083527803421020508 0.70840895175933837891 0.60642296075820922852 0.49667018651962280273 0.49667018651962280273 0.44059041142463684082 0.45161288976669311523 0.4775867760181427002 0.35742396116256713867 0.41040462255477905273 0.41128268837928771973 0.41256475448608398438 0.4091778099536895752 0.4091778099536895752 0.39036440849304199219 0.38333332538604736328 0.40323585271835327148 0.50878375768661499023 0.77575945854187011719 0.840114593505859375 0.8548094630241394043 0.8548094630241394043 0.81371611356735229492 0.74150615930557250977 0.82446438074111938477 0.85308057069778442383 0.82994329929351806641 0.83134084939956665039 0.83495146036148071289 0.83701980113983154297 0.83701980113983154297 0.8411954045295715332 0.83490711450576782227 0.84061849117279052734 0.84545457363128662109
0.31459376215934753418 0.3167368769645690918 0.32600453495979309082 0.35259202122688293457 0.49082008004188537598 0.48547402024269104004 0.37377050518989562988 0.34437087178230285645 0.34437087178230285645 0.33893558382987976074 0.33282673358917236328 0.32957109808921813965 0.31437015533447265625 0.37015202641487121582 0.37965571880340576172 0.37793278694152832031 0.37202841043472290039 0.37202841043472290039 0.37297958135604858398 0.38476189970970153809 0.40645986795425415039 0.46735751628875732422 0.75608235597610473633 0.83160322904586791992 0.86490637063980102539 0.86490637063980102539 0.84751307964324951172 0.76453697681427001953 0.82881003618240356445 0.85420942306518554688 0.84590482711791992188 0.84971100091934204102 0.82710415124893188477 0.82710415124893188477 0.82898795604705810547 0.83293557167053222656 0.84441220760345458984 0.84033614397048950195 0.84266984462738037109
0.3095512092113494873 0.31096372008323669434 0.3183962404727935791 0.33009707927703857422 0.56356614828109741211 0.39098301529884338379 0.32097724080085754395 0.32131147384643554688 0.32131147384643554688 0.32317826151847839355 0.31286895275115966797 0.30821916460990905762 0.31809523701667785645 0.41743969917297363281 0.42545908689498901367 0.42991238832473754883 0.42991238832473754883 0.45917084813117980957 0.47535869479179382324 0.48240867257118225098 0.51936298608779907227 0.51854491233825683594 0.74246186017990112305 0.81104737520217895508 0.83618807792663574219 0.83618807792663574219 0.83436179161071777344 0.6860592961311340332 0.80794471502304077148 0.83620983362197875977 0.84126985073089599609 0.86016261577606201172 0.84339314699172973633 0.84339314699172973633 0.82985824346542358398 0.83837789297103881836 0.83553498983383178711 0.81762915849685668945 0.83216780424118041992
0.31730023026466369629 0.31385108828544616699 0.31308987736701965332 0.34871795773506164551 0.70773828029632568359 0.39176028966903686523 0.31538462638854980469 0.31932094693183898926 0.31932094693183898926 0.32599836587905883789 0.31676527857780456543 0.30998116731643676758 0.34484082460403442383 0.50667554140090942383 0.5694217681884765625 0.57684761285781860352 0.57684761285781860352 0.58768838644027709961 0.59896337985992431641 0.59548979997634887695 0.56823265552520751953 0.55862581729888916016 0.70842331647872924805 0.78567093610763549805 0.78567093610763549805 0.79211467504501342773 0.78676229715347290039 0.69912695884704589844 0.79939818382263183594 0.82631754875183105469 0.83490073680877685547 0.84834700822830200195 0.83363473415374755859 0.83363473415374755859 0.83224606513977050781 0.82681941986083984375 0.83097642660140991211 0.82314783334732055664 0.82698047161102294922
0.31097805500030517578 0.31303289532661437988 0.32944118976593017578 0.48234349489212036133 0.65137612819671630859 0.32718524336814880371 0.31080517172813415527 0.31490385532379150391 0.31490385532379150391 0.32254147529602050781 0.31622582674026489258 0.30925855040550231934 0.3612728118896484375 0.53572672605514526367 0.60145890712738037109 0.60482555627822875977 0.60482555627822875977 0.62011533975601196289 0.62736153602600097656 0.62351244688034057617 0.59366548061370849609 0.58298832178115844727 0.73832374811172485352 0.82827031612396240234 0.82827031612396240234 0.70505052804946899414 0.67889600992202758789 0.76626741886138916016 0.81812399625778198242 0.8330097198486328125 0.82388162612915039062 0.83480823040008544922 0.83461540937423706055 0.83461540937423706055 0.83719432353973388672 0.83062332868576049805 0.83011049032211303711 0.85018962621688842773 0.84671312570571899414
0.30878186225891113281 0.30230641365051269531 0.36518219113349914551 0.56705707311630249023 0.49924924969673156738 0.3120066523551940918 0.30856218934059143066 0.30856218934059143066 0.31480032205581665039 0.32379817962646484375 0.31724405288696289062 0.3121611177921295166 0.3612728118896484375 0.55708867311477661133 0.60925620794296264648 0.60788244009017944336 0.60788244009017944336 0.60900235176086425781 0.60989201068878173828 0.61770176887512207031 0.59642994403839111328 0.60454881191253662109 0.79993730783462524414 0.78356444835662841797 0.78356444835662841797 0.70041900873184204102 0.74379086494445800781 0.81526863574981689453 0.82549083232879638672 0.83724570274353027344 0.83156454563140869141 0.8325493931770324707 0.8325493931770324707 0.82762837409973144531 0.82579463720321655273 0.83210784196853637695 0.83323001861572265625 0.83583462238311767578 0.84275466203689575195
