samples/ndvi/map_ndvi_2017-08-23.asc
ncols        322
nrows        306
xllcorner    -53.726171018035
yllcorner    -28.476684338117
cellsize     0.000269494585
NODATA_value  -9999
[rows 289 to 305 of 306, columns 39 to 77 of 322]
0.83448690176010131836 0.8365993499755859375 0.85766649246215820312 0.85516178607940673828 0.85696893930435180664 0.85343790054321289062 0.85343790054321289062 0.84700119495391845703 0.84335154294967651367 0.83328425884246826172 0.83155399560928344727 0.77196264266967773438 0.61002403497695922852 0.7043202519416809082 0.67588627338409423828 0.67588627338409423828 0.70418471097946166992 0.70851862430572509766 0.75322997570037841797 0.73380827903747558594 0.73137253522872924805 0.73615634441375732422 0.71034944057464599609 0.71034944057464599609 0.70505326986312866211 0.76351130008697509766 0.77494418621063232422 0.73387366533279418945 0.69684773683547973633 0.65697091817855834961 0.61479508876800537109 0.61479508876800537109 0.66592425107955932617 0.72857999801635742188 0.74828511476516723633 0.76171875 0.76303678750991821289 0.76291793584823608398 0.74274903535842895508
0.8418604731559753418 0.83967810869216918945 0.85268414020538330078 0.85090452432632446289 0.84691971540451049805 0.84881889820098876953 0.84881889820098876953 0.85356813669204711914 0.8513800501823425293 0.84974557161331176758 0.83368867635726928711 0.79675811529159545898 0.67189633846282958984 0.72598767280578613281 0.72598767280578613281 0.62416106462478637695 0.70054250955581665039 0.74475175142288208008 0.75152099132537841797 0.74681931734085083008 0.72884613275527954102 0.68641811609268188477 0.64809185266494750977 0.64809185266494750977 0.67516589164733886719 0.73796421289443969727 0.74499332904815673828 0.70006865262985229492 0.67948281764984130859 0.64705884456634521484 0.66578423976898193359 0.66578423976898193359 0.73577237129211425781 0.77471119165420532227 0.76912081241607666016 0.77364462614059448242 0.75652176141738891602 0.75345909595489501953 0.7660910487174987793
0.84879094362258911133 0.84894073009490966797 0.85849058628082275391 0.85159009695053100586 0.85146915912628173828 0.85154241323471069336 0.85154241323471069336 0.8529040217399597168 0.85391199588775634766 0.84554094076156616211 0.83437108993530273438 0.77447497844696044922 0.76803302764892578125 0.73715072870254516602 0.73715072870254516602 0.60953557491302490234 0.68284296989440917969 0.71344816684722900391 0.70699298381805419922 0.71746242046356201172 0.72270250320434570312 0.70054858922958374023 0.66565555334091186523 0.66565555334091186523 0.67346936464309692383 0.71180933713912963867 0.70756059885025024414 0.68435949087142944336 0.67313021421432495117 0.67847591638565063477 0.74833112955093383789 0.74833112955093383789 0.78820961713790893555 0.80987471342086791992 0.77643960714340209961 0.74659514427185058594 0.75222671031951904297 0.76893353462219238281 0.78066277503967285156
0.85836386680603027344 0.86082637310028076172 0.86855345964431762695 0.85992217063903808594 0.85939550399780273438 0.85318106412887573242 0.85318106412887573242 0.85490572452545166016 0.8578052520751953125 0.84956842660903930664 0.83803910017013549805 0.73306906223297119141 0.79361021518707275391 0.77520662546157836914 0.77520662546157836914 0.6820049285888671875 0.67345339059829711914 0.71374046802520751953 0.71587127447128295898 0.71800279617309570312 0.71610736846923828125 0.72829049825668334961 0.72829049825668334961 0.70792078971862792969 0.69812631607055664062 0.69640874862670898438 0.64884340763092041016 0.68304049968719482422 0.70126754045486450195 0.71157228946685791016 0.78006088733673095703 0.78006088733673095703 0.77027553319931030273 0.80541455745697021484 0.79398232698440551758 0.78970521688461303711 0.75420337915420532227 0.76966053247451782227 0.81069958209991455078
0.86149936914443969727 0.86204683780670166016 0.86179399490356445312 0.86229509115219116211 0.86468112468719482422 0.86468112468719482422 0.86566185951232910156 0.86255621910095214844 0.8577721714973449707 0.8446782231330871582 0.84188032150268554688 0.72727274894714355469 0.79788255691528320312 0.76506638526916503906 0.76506638526916503906 0.71113646030426025391 0.66653829813003540039 0.68839776515960693359 0.68862742185592651367 0.69784170389175415039 0.70003587007522583008 0.71664547920227050781 0.71664547920227050781 0.72160494327545166016 0.68602424860000610352 0.68055051565170288086 0.64102566242218017578 0.67430025339126586914 0.71252143383026123047 0.75580579042434692383 0.75580579042434692383 0.76696830987930297852 0.77513968944549560547 0.75945603847503662109 0.76635891199111938477 0.76876455545425415039 0.813365936279296875 0.75850623846054077148 0.81478601694107055664
0.85638296604156494141 0.85776007175445556641 0.86179399490356445312 0.86446279287338256836 0.86807388067245483398 0.86807388067245483398 0.86245113611221313477 0.86242365837097167969 0.86082637310028076172 0.85225224494934082031 0.81210988759994506836 0.74780058860778808594 0.79325842857360839844 0.79325842857360839844 0.76173043251037597656 0.74855983257293701172 0.72257417440414428711 0.69392603635787963867 0.69655668735504150391 0.68216460943222045898 0.69833642244338989258 0.70668482780456542969 0.70668482780456542969 0.71706396341323852539 0.68089056015014648438 0.67967700958251953125 0.68364030122756958008 0.70161002874374389648 0.74210137128829956055 0.78184330463409423828 0.78184330463409423828 0.75916635990142822266 0.7891642451286315918 0.76207029819488525391 0.75366568565368652344 0.79067641496658325195 0.82175105810165405273 0.81641840934753417969 0.82566916942596435547
0.84991621971130371094 0.851650238037109375 0.85846155881881713867 0.86640471220016479492 0.86398148536682128906 0.86398148536682128906 0.85980063676834106445 0.86109280586242675781 0.86155283451080322266 0.7947737574577331543 0.76038032770156860352 0.77452230453491210938 0.7787234187126159668 0.7787234187126159668 0.77649188041687011719 0.77785539627075195312 0.76196897029876708984 0.74393993616104125977 0.73293375968933105469 0.71346497535705566406 0.70641511678695678711 0.71748727560043334961 0.71748727560043334961 0.72782135009765625 0.75221782922744750977 0.74991619586944580078 0.74614822864532470703 0.76267188787460327148 0.78284746408462524414 0.78024595975875854492 0.78024595975875854492 0.74488186836242675781 0.72222220897674560547 0.74081236124038696289 0.75837939977645874023 0.77579927444458007812 0.80366057157516479492 0.83957624435424804688 0.83957624435424804688
0.85399538278579711914 0.85985988378524780273 0.86410343647003173828 0.86429291963577270508 0.86328256130218505859 0.86328256130218505859 0.86488294601440429688 0.86051213741302490234 0.80899965763092041016 0.63604485988616943359 0.73880124092102050781 0.75378537178039550781 0.75248181819915771484 0.75248181819915771484 0.80398672819137573242 0.74171906709671020508 0.7466443181037902832 0.73428678512573242188 0.72277992963790893555 0.71468627452850341797 0.70329260826110839844 0.70329260826110839844 0.69569706916809082031 0.74794340133666992188 0.80779570341110229492 0.77279633283615112305 0.76172369718551635742 0.77528959512710571289 0.76152479648590087891 0.74098795652389526367 0.74098795652389526367 0.74455064535140991211 0.72994554042816162109 0.71852952241897583008 0.75361365079879760742 0.76385176181793212891 0.80114889144897460938 0.83138364553451538086 0.83138364553451538086
0.85447394847869873047 0.85894876718521118164 0.86038744449615478516 0.86756753921508789062 0.86756753921508789062 0.86012107133865356445 0.85047364234924316406 0.79105520248413085938 0.6607773900032043457 0.5367190241813659668 0.45087298750877380371 0.57326835393905639648 0.68752157688140869141 0.68752157688140869141 0.70987856388092041016 0.62655603885650634766 0.68897449970245361328 0.74506151676177978516 0.71753484010696411133 0.71455758810043334961 0.70420169830322265625 0.70420169830322265625 0.73068892955780029297 0.77354568243026733398 0.807117462158203125 0.76544666290283203125 0.7570540308952331543 0.79071658849716186523 0.77558887004852294922 0.77558887004852294922 0.72825187444686889648 0.70260870456695556641 0.71372395753860473633 0.72867590188980102539 0.76531314849853515625 0.78825926780700683594 0.78922897577285766602 0.82777571678161621094 0.82777571678161621094
0.86042004823684692383 0.8588873744010925293 0.86560744047164916992 0.8291766047477722168 0.8291766047477722168 0.78943610191345214844 0.75929200649261474609 0.78602766990661621094 0.77275705337524414062 0.78707462549209594727 0.63788658380508422852 0.53237664699554443359 0.59694075584411621094 0.59694075584411621094 0.61731362342834472656 0.68772268295288085938 0.59209346771240234375 0.70490366220474243164 0.73899960517883300781 0.7356154322624206543 0.73523283004760742188 0.73523283004760742188 0.75406360626220703125 0.75993996858596801758 0.7456817626953125 0.74377512931823730469 0.75487226247787475586 0.77694237232208251953 0.7711194157600402832 0.7711194157600402832 0.72586709260940551758 0.71588462591171264648 0.73699539899826049805 0.76203966140747070312 0.78376328945159912109 0.78329885005950927734 0.78753829002380371094 0.81747156381607055664 0.81747156381607055664
0.84755903482437133789 0.85512948036193847656 0.86560213565826416016 0.78947371244430541992 0.78947371244430541992 0.78984236717224121094 0.83407610654830932617 0.8460013270378112793 0.84918868541717529297 0.85182929039001464844 0.8269812464714050293 0.67138046026229858398 0.67138046026229858398 0.56518405675888061523 0.69755470752716064453 0.75172847509384155273 0.59264934062957763672 0.62972736358642578125 0.74450021982192993164 0.75499433279037475586 0.75341296195983886719 0.75341296195983886719 0.73406499624252319336 0.7175324559211730957 0.73227721452713012695 0.74481916427612304688 0.75626045465469360352 0.78083372116088867188 0.78131544589996337891 0.78131544589996337891 0.77133524417877197266 0.77910447120666503906 0.77845221757888793945 0.80167812108993530273 0.79947626590728759766 0.77450603246688842773 0.77291280031204223633 0.77291280031204223633 0.79492914676666259766
0.84737002849578857422 0.83375000953674316406 0.79176276922225952148 0.78947371244430541992 0.85125631093978881836 0.84204912185668945312 0.85313028097152709961 0.85458165407180786133 0.84704369306564331055 0.85752135515213012695 0.85193753242492675781 0.76996195316314697266 0.76996195316314697266 0.57170027494430541992 0.63180470466613769531 0.73615431785583496094 0.56072729825973510742 0.62849414348602294922 0.75314468145370483398 0.76714736223220825195 0.76714736223220825195 0.74759715795516967773 0.71294999122619628906 0.70414745807647705078 0.76871877908706665039 0.75585699081420898438 0.75942999124526977539 0.76530212163925170898 0.80663663148880004883 0.80663663148880004883 0.81219512224197387695 0.81276267766952514648 0.79461401700973510742 0.80607390403747558594 0.80864000320434570312 0.77831161022186279297 0.77981650829315185547 0.77981650829315185547 0.78605681657791137695
0.85894674062728881836 0.87055838108062744141 0.85837322473526000977 0.85125631093978881836 0.8505942225456237793 0.84236454963684082031 0.86259543895721435547 0.85646581649780273438 0.84002631902694702148 0.85064738988876342773 0.86208868026733398438 0.83358454704284667969 0.83358454704284667969 0.68899202346801757812 0.5252488255500793457 0.69696968793869018555 0.65214627981185913086 0.56483900547027587891 0.72337484359741210938 0.74615383148193359375 0.74615383148193359375 0.73175817728042602539 0.72212976217269897461 0.7375946044921875 0.78823530673980712891 0.75049191713333129883 0.76377952098846435547 0.78850102424621582031 0.80678641796112060547 0.80678641796112060547 0.79843038320541381836 0.81705427169799804688 0.80724585056304931641 0.77982276678085327148 0.78232151269912719727 0.77951729297637939453 0.7873961329460144043 0.7873961329460144043 0.8178609013557434082
0.85381025075912475586 0.86498153209686279297 0.85604113340377807617 0.85604113340377807617 0.86353248357772827148 0.85607093572616577148 0.84951454401016235352 0.85247039794921875 0.84503793716430664062 0.84962868690490722656 0.85835033655166625977 0.85608530044555664062 0.85608530044555664062 0.80145895481109619141 0.67463433742523193359 0.70819550752639770508 0.73401534557342529297 0.57935887575149536133 0.69292032718658447266 0.7665182948112487793 0.7665182948112487793 0.77122253179550170898 0.73409581184387207031 0.71464121341705322266 0.76584953069686889648 0.76210010051727294922 0.74913793802261352539 0.78058010339736938477 0.78058010339736938477 0.81469976902008056641 0.80742657184600830078 0.82975399494171142578 0.81973928213119506836 0.81976342201232910156 0.77955496311187744141 0.76970952749252319336 0.78048777580261230469 0.78048777580261230469 0.78733205795288085938
0.80818641185760498047 0.85735422372817993164 0.87056624889373779297 0.87056624889373779297 0.86649876832962036133 0.85611999034881591797 0.85465925931930541992 0.85197818279266357422 0.84783303737640380859 0.85323309898376464844 0.84971445798873901367 0.84971445798873901367 0.8481769561767578125 0.82448470592498779297 0.7616068720817565918 0.71089243888854980469 0.68603873252868652344 0.6892941594123840332 0.75819373130798339844 0.78296148777008056641 0.78296148777008056641 0.77098745107650756836 0.73746520280838012695 0.70626348257064819336 0.70910525321960449219 0.73517465591430664062 0.75181925296783447266 0.74488800764083862305 0.74488800764083862305 0.76900756359100341797 0.80485570430755615234 0.81759482622146606445 0.80577850341796875 0.82208591699600219727 0.80051720142364501953 0.7860851287841796875 0.7860851287841796875 0.77028053998947143555 0.77371692657470703125
0.74765098094940185547 0.77476090192794799805 0.83871960639953613281 0.83871960639953613281 0.84970378875732421875 0.85072565078735351562 0.84958219528198242188 0.83430331945419311523 0.833110809326171875 0.83141022920608520508 0.83161187171936035156 0.83161187171936035156 0.85233312845230102539 0.83596408367156982422 0.78317153453826904297 0.77589023113250732422 0.76023203134536743164 0.71188718080520629883 0.76375043392181396484 0.8018207550048828125 0.8018207550048828125 0.75231051445007324219 0.71893805265426635742 0.71879482269287109375 0.70411157608032226562 0.722049713134765625 0.72696757316589355469 0.73933428525924682617 0.73933428525924682617 0.73512065410614013672 0.77123218774795532227 0.83636361360549926758 0.81242763996124267578 0.79233229160308837891 0.77375912666320800781 0.7642752528190612793 0.7642752528190612793 0.75577557086944580078 0.72584271430969238281
0.76947790384292602539 0.75815868377685546875 0.76445394754409790039 0.76445394754409790039 0.84518957138061523438 0.8450654149055480957 0.84869807958602905273 0.8317241668701171875 0.83714669942855834961 0.83611828088760375977 0.8411801457405090332 0.8411801457405090332 0.84832984209060668945 0.8452599644660949707 0.80395913124084472656 0.78988325595855712891 0.80083519220352172852 0.78923767805099487305 0.76151764392852783203 0.76151764392852783203 0.79683476686477661133 0.77040296792984008789 0.73712480068206787109 0.71321225166320800781 0.70634621381759643555 0.72430872917175292969 0.7231928706169128418 0.73059171438217163086 0.73059171438217163086 0.75183153152465820312 0.75034803152084350586 0.79015183448791503906 0.80608695745468139648 0.78690630197525024414 0.79790127277374267578 0.78272551298141479492 0.78272551298141479492 0.69631236791610717773 0.73497396707534790039
