samples/ndvi/map_ndvi_2017-09-24.asc
ncols        322
nrows        306
xllcorner    -53.726171018035
yllcorner    -28.476684338117
cellsize     0.000269494585
NODATA_value  -9999
[rows 85 to 101 of 306, columns 156 to 194 of 322]
0.49608001112937927246 0.50226247310638427734 0.48286139965057373047 0.48286139965057373047 0.42359933257102966309 0.43999999761581420898 0.54642510414123535156 0.53143274784088134766 0.50261390209197998047 0.45001778006553649902 0.38669440150260925293 0.38669440150260925293 0.34705466032028198242 0.33609670400619506836 0.32675960659980773926 0.31931033730506896973 0.34224793314933776855 0.31348511576652526855 0.42075735330581665039 0.67797166109085083008 0.67797166109085083008 0.7511832118034362793 0.75033831596374511719 0.75522589683532714844 0.75967133045196533203 0.75830197334289550781 0.76198458671569824219 0.76182597875595092773 0.76182597875595092773 0.75997382402420043945 0.75812745094299316406 0.74824708700180053711 0.74232310056686401367 0.74309486150741577148 0.76015472412109375 0.78048020601272583008 0.78048020601272583008 0.78286790847778320312 0.78798586130142211914
0.5333932042121887207 0.56648111343383789062 0.53008437156677246094 0.53008437156677246094 0.4795417487621307373 0.48371413350105285645 0.55268561840057373047 0.56155145168304443359 0.55094867944717407227 0.51823812723159790039 0.48668280243873596191 0.48668280243873596191 0.44011440873146057129 0.38941261172294616699 0.33622872829437255859 0.31678321957588195801 0.31606581807136535645 0.31736955046653747559 0.35031846165657043457 0.35031846165657043457 0.62778508663177490234 0.6952317357063293457 0.6826992034912109375 0.6990903019905090332 0.74189233779907226562 0.75041711330413818359 0.75457268953323364258 0.74791598320007324219 0.74791598320007324219 0.74901187419891357422 0.7467682957649230957 0.74416244029998779297 0.74584162235260009766 0.74459594488143920898 0.75114303827285766602 0.77585136890411376953 0.77585136890411376953 0.77618002891540527344 0.75821000337600708008
0.57688724994659423828 0.58915472030639648438 0.58915472030639648438 0.57888311147689819336 0.5361073613166809082 0.56179773807525634766 0.587451934814453125 0.58310031890869140625 0.57854157686233520508 0.56235295534133911133 0.53143662214279174805 0.53143662214279174805 0.50673282146453857422 0.49752649664878845215 0.44496235251426696777 0.39032143354415893555 0.327915191650390625 0.3535353541374206543 0.32995659112930297852 0.32995659112930297852 0.43481275439262390137 0.54508477449417114258 0.58413642644882202148 0.53294289112091064453 0.56912279129028320312 0.65289258956909179688 0.74579066038131713867 0.74624371528625488281 0.74624371528625488281 0.74150115251541137695 0.73986488580703735352 0.75415956974029541016 0.75157755613327026367 0.74458152055740356445 0.74632233381271362305 0.74822467565536499023 0.74822467565536499023 0.76532286405563354492 0.7790387272834777832
0.58584612607955932617 0.59106421470642089844 0.59106421470642089844 0.58911818265914916992 0.59743821620941162109 0.59033989906311035156 0.59633028507232666016 0.58943730592727661133 0.57745569944381713867 0.5689881443977355957 0.54136127233505249023 0.54136127233505249023 0.52099645137786865234 0.51676458120346069336 0.51980370283126831055 0.5080286860466003418 0.42818242311477661133 0.50734823942184448242 0.43828383088111877441 0.43828383088111877441 0.36170211434364318848 0.34120172262191772461 0.3657474517822265625 0.34961721301078796387 0.32802549004554748535 0.40097799897193908691 0.53395062685012817383 0.53395062685012817383 0.64922410249710083008 0.72724151611328125 0.74605351686477661133 0.76065462827682495117 0.74881833791732788086 0.73738723993301391602 0.73774832487106323242 0.73773771524429321289 0.73773771524429321289 0.76202863454818725586 0.82343232631683349609
0.56207233667373657227 0.58863919973373413086 0.58863919973373413086 0.58762252330780029297 0.59141737222671508789 0.5919106602668762207 0.5877437591552734375 0.59016919136047363281 0.57804024219512939453 0.55967998504638671875 0.55967998504638671875 0.53507566452026367188 0.51270878314971923828 0.51826888322830200195 0.53351956605911254883 0.549518585205078125 0.54634463787078857422 0.50734823942184448242 0.53393083810806274414 0.53393083810806274414 0.48470744490623474121 0.42178487777709960938 0.4240506291389465332 0.46267628669738769531 0.37379717826843261719 0.33739838004112243652 0.35012593865394592285 0.35012593865394592285 0.42455857992172241211 0.55350553989410400391 0.68005537986755371094 0.745830535888671875 0.73947632312774658203 0.72967612743377685547 0.72443276643753051758 0.72443276643753051758 0.73512101173400878906 0.78571426868438720703 0.82380217313766479492
0.54966884851455688477 0.57198911905288696289 0.57198911905288696289 0.57924002408981323242 0.58839696645736694336 0.58825325965881347656 0.58836406469345092773 0.58900606632232666016 0.58344113826751708984 0.56535840034484863281 0.56535840034484863281 0.53564012050628662109 0.50221240520477294922 0.50863307714462280273 0.52089917659759521484 0.54187691211700439453 0.55893534421920776367 0.55877715349197387695 0.54463714361190795898 0.5420653223991394043 0.53321856260299682617 0.51583248376846313477 0.54754096269607543945 0.59585815668106079102 0.46580907702445983887 0.35722634196281433105 0.34152543544769287109 0.34152543544769287109 0.3315766453742980957 0.34084019064903259277 0.4089234471321105957 0.56872916221618652344 0.6427332758903503418 0.71381902694702148438 0.7065003514289855957 0.7065003514289855957 0.6957104802131652832 0.7677586674690246582 0.81536191701889038086
0.55908191204071044922 0.55908191204071044922 0.52904856204986572266 0.54875147342681884766 0.5837624669075012207 0.59975099563598632812 0.59307914972305297852 0.58735334873199462891 0.58657360076904296875 0.567363739013671875 0.567363739013671875 0.5425383448600769043 0.50688904523849487305 0.50568181276321411133 0.51340061426162719727 0.5226421356201171875 0.54621851444244384766 0.54463714361190795898 0.53393512964248657227 0.53596758842468261719 0.53985381126403808594 0.53533941507339477539 0.5267702937126159668 0.53591161966323852539 0.51540982723236083984 0.43467602133750915527 0.3652140498161315918 0.3652140498161315918 0.32663315534591674805 0.33187964558601379395 0.31682753562927246094 0.34418419003486633301 0.42464709281921386719 0.56175017356872558594 0.65662038326263427734 0.65662038326263427734 0.67222964763641357422 0.73623472452163696289 0.79648941755294799805
0.75442880392074584961 0.75442880392074584961 0.63401001691818237305 0.54823935031890869141 0.54526567459106445312 0.58730161190032958984 0.59599226713180541992 0.59404957294464111328 0.59934318065643310547 0.57050186395645141602 0.57050186395645141602 0.54941254854202270508 0.51380044221878051758 0.51000350713729858398 0.51226252317428588867 0.52040815353393554688 0.52090471982955932617 0.53393512964248657227 0.53596758842468261719 0.53995317220687866211 0.53945142030715942383 0.53941053152084350586 0.54367578029632568359 0.53697746992111206055 0.53570199012756347656 0.52521854639053344727 0.52521854639053344727 0.49108368158340454102 0.39684921503067016602 0.33469054102897644043 0.33503836393356323242 0.33080169558525085449 0.33223003149032592773 0.35749587416648864746 0.43634909391403198242 0.43634909391403198242 0.58184522390365600586 0.71841609477996826172 0.79471820592880249023
0.74844819307327270508 0.74844819307327270508 0.77845221757888793945 0.6554673314094543457 0.55702382326126098633 0.56603771448135375977 0.60529631376266479492 0.60974067449569702148 0.59769010543823242188 0.59769010543823242188 0.57532000541687011719 0.54335057735443115234 0.52685952186584472656 0.5322195887565612793 0.52637022733688354492 0.52449470758438110352 0.52478635311126708984 0.53596758842468261719 0.53423726558685302734 0.54548484086990356445 0.54469925165176391602 0.54268497228622436523 0.53240418434143066406 0.53328561782836914062 0.53273057937622070312 0.53188407421112060547 0.53188407421112060547 0.52328568696975708008 0.50571745634078979492 0.4749908745288848877 0.42973673343658447266 0.35301062464714050293 0.33957654237747192383 0.34828710556030273438 0.34828710556030273438 0.34175217151641845703 0.38016527891159057617 0.56856071949005126953 0.73577117919921875
0.52058732509613037109 0.52058732509613037109 0.60712057352066040039 0.70026177167892456055 0.65235918760299682617 0.55283308029174804688 0.58312809467315673828 0.61112773418426513672 0.60345357656478881836 0.60345357656478881836 0.55547875165939331055 0.54501384496688842773 0.54708063602447509766 0.54470425844192504883 0.53582662343978881836 0.5269190669059753418 0.52729785442352294922 0.53423726558685302734 0.53788393735885620117 0.54633659124374389648 0.55157548189163208008 0.55069047212600708008 0.54150748252868652344 0.54488515853881835938 0.53862661123275756836 0.55227106809616088867 0.55227106809616088867 0.56390422582626342773 0.56128549575805664062 0.60026961565017700195 0.59876120090484619141 0.49854013323783874512 0.45171338319778442383 0.38963687419891357422 0.38963687419891357422 0.33937722444534301758 0.34169277548789978027 0.38297873735427856445 0.69736391305923461914
0.41249567270278930664 0.41249567270278930664 0.45402115583419799805 0.56154358386993408203 0.73293572664260864258 0.67297863960266113281 0.61634308099746704102 0.60928434133529663086 0.61080455780029296875 0.61080455780029296875 0.5628299713134765625 0.57561624050140380859 0.57506525516510009766 0.56015169620513916016 0.54783838987350463867 0.53948289155960083008 0.53570199012756347656 0.53570199012756347656 0.53788393735885620117 0.55660378932952880859 0.55689829587936401367 0.55540537834167480469 0.55048412084579467773 0.5506394505500793457 0.54781997203826904297 0.5596650242805480957 0.5596650242805480957 0.56320995092391967773 0.57410180568695068359 0.58274894952774047852 0.60461759567260742188 0.62021660804748535156 0.63138061761856079102 0.4896825253963470459 0.4896825253963470459 0.41433498263359069824 0.35783365368843078613 0.42231237888336181641 0.75323832035064697266
0.45376956462860107422 0.43629893660545349121 0.43911963701248168945 0.47218358516693115234 0.5691509246826171875 0.74788135290145874023 0.78366196155548095703 0.729503631591796875 0.66372168064117431641 0.66372168064117431641 0.59250849485397338867 0.58367830514907836914 0.59174877405166625977 0.57683449983596801758 0.55837911367416381836 0.55024254322052001953 0.54529678821563720703 0.54529678821563720703 0.54776632785797119141 0.56551027297973632812 0.56510066986083984375 0.56140351295471191406 0.56095916032791137695 0.55487805604934692383 0.55655169486999511719 0.55655169486999511719 0.56199789047241210938 0.56462091207504272461 0.56331229209899902344 0.58956277370452880859 0.61660480499267578125 0.6413885951042175293 0.68000000715255737305 0.62939745187759399414 0.62939745187759399414 0.60893857479095458984 0.52343469858169555664 0.5290368199348449707 0.74152678251266479492
0.47841599583625793457 0.46951872110366821289 0.45813173055648803711 0.45044696331024169922 0.46862590312957763672 0.67720013856887817383 0.84726685285568237305 0.83093827962875366211 0.83093827962875366211 0.78872466087341308594 0.66746860742568969727 0.57570570707321166992 0.605255126953125 0.58932638168334960938 0.57237529754638671875 0.5651874542236328125 0.55941438674926757812 0.55941438674926757812 0.56156969070434570312 0.57054007053375244141 0.57449620962142944336 0.57386934757232666016 0.57372653484344482422 0.57529217004776000977 0.57191318273544311523 0.57191318273544311523 0.57232701778411865234 0.56449872255325317383 0.56689757108688354492 0.61641991138458251953 0.61901575326919555664 0.65017783641815185547 0.68474149703979492188 0.62875539064407348633 0.62875539064407348633 0.62102144956588745117 0.59288096427917480469 0.61978590488433837891 0.65171504020690917969
0.49947571754455566406 0.49732238054275512695 0.49082741141319274902 0.47752809524536132812 0.4838174283504486084 0.70536911487579345703 0.85538882017135620117 0.79267603158950805664 0.79267603158950805664 0.79343020915985107422 0.71054238080978393555 0.59880596399307250977 0.59871590137481689453 0.58858269453048706055 0.56950068473815917969 0.56646215915679931641 0.5627530217170715332 0.5627530217170715332 0.5663687586784362793 0.58552843332290649414 0.58923882246017456055 0.58248472213745117188 0.57824045419692993164 0.58004719018936157227 0.58290946483612060547 0.58290946483612060547 0.58386409282684326172 0.54618018865585327148 0.56359648704528808594 0.65581977367401123047 0.63107436895370483398 0.65382057428359985352 0.66784954071044921875 0.66784954071044921875 0.61726617813110351562 0.61203771829605102539 0.72383630275726318359 0.76381754875183105469 0.77702701091766357422
0.5139992833137512207 0.51065343618392944336 0.51317256689071655273 0.51616764068603515625 0.52826350927352905273 0.70467144250869750977 0.81994545459747314453 0.70688736438751220703 0.70688736438751220703 0.67143881320953369141 0.76484149694442749023 0.59473383426666259766 0.60323888063430786133 0.58600771427154541016 0.58606696128845214844 0.57065218687057495117 0.57065218687057495117 0.57663273811340332031 0.58721292018890380859 0.59445297718048095703 0.59184974431991577148 0.59492021799087524414 0.58110338449478149414 0.57680356502532958984 0.56959390640258789062 0.56959390640258789062 0.57940536737442016602 0.57541048526763916016 0.57487219572067260742 0.66564416885375976562 0.70864945650100708008 0.67330938577651977539 0.68443495035171508789 0.68443495035171508789 0.66099435091018676758 0.70297032594680786133 0.81284916400909423828 0.81447225809097290039 0.7943242192268371582
0.52200406789779663086 0.51343703269958496094 0.53153151273727416992 0.54064416885375976562 0.56558316946029663086 0.6776828765869140625 0.77526640892028808594 0.63305681943893432617 0.63305681943893432617 0.59198284149169921875 0.78010141849517822266 0.68223774433135986328 0.60330092906951904297 0.64336311817169189453 0.58590584993362426758 0.57433086633682250977 0.57433086633682250977 0.56940323114395141602 0.57511001825332641602 0.59421145915985107422 0.65763109922409057617 0.67757725715637207031 0.62610012292861938477 0.57853913307189941406 0.54631912708282470703 0.54631912708282470703 0.54038178920745849609 0.56986814737319946289 0.60141593217849731445 0.68362969160079956055 0.76791232824325561523 0.75925385951995849609 0.75183373689651489258 0.75183373689651489258 0.76040732860565185547 0.79482656717300415039 0.79888582229614257812 0.72220617532730102539 0.66420072317123413086
0.54061990976333618164 0.5352999567985534668 0.54495912790298461914 0.5542933344841003418 0.62438219785690307617 0.69807565212249755859 0.66722351312637329102 0.50628930330276489258 0.50628930330276489258 0.53613722324371337891 0.74584490060806274414 0.74367916584014892578 0.60732823610305786133 0.66533285379409790039 0.69921743869781494141 0.67743903398513793945 0.67743903398513793945 0.6201598048210144043 0.58749616146087646484 0.59421145915985107422 0.78493314981460571289 0.78523492813110351562 0.76393234729766845703 0.71965497732162475586 0.71965497732162475586 0.62542033195495605469 0.5448741912841796875 0.56298202276229858398 0.63194930553436279297 0.76618075370788574219 0.80169016122817993164 0.79671937227249145508 0.76690119504928588867 0.76690119504928588867 0.76463222503662109375 0.77173566818237304688 0.69381314516067504883 0.59905660152435302734 0.63929921388626098633
