samples/ndvi/map_ndvi_2017-02-28.asc
ncols        322
nrows        306
xllcorner    -53.726171018035
yllcorner    -28.476684338117
cellsize     0.000269494585
NODATA_value  -9999
[rows 204 to 220 of 306, columns 117 to 155 of 322]
0.39373788237571716309 0.39066737890243530273 0.38927990198135375977 0.39381226897239685059 0.40398740768432617188 0.39861574769020080566 0.39861574769020080566 0.4045454561710357666 0.39368525147438049316 0.38577324151992797852 0.3920536041259765625 0.38927626609802246094 0.38323643803596496582 0.38517618179321289062 0.38517618179321289062 0.37996128201484680176 0.375 0.3727753758430480957 0.37303149700164794922 0.35493445396423339844 0.35249999165534973145 0.38212597370147705078 0.36006128787994384766 0.36006128787994384766 0.34764373302459716797 0.34422349929809570312 0.34688091278076171875 0.34133711457252502441 0.35982865095138549805 0.37410071492195129395 0.37152445316314697266 0.37152445316314697266 0.36948662996292114258 0.36743962764739990234 0.35254389047622680664 0.34866937994956970215 0.34748601913452148438 0.34874504804611206055 0.34653034806251525879
0.38559204339981079102 0.38957551121711730957 0.37078043818473815918 0.37887859344482421875 0.40340447425842285156 0.40444445610046386719 0.40444445610046386719 0.40080970525741577148 0.40330660343170166016 0.40490490198135375977 0.39920160174369812012 0.39067563414573669434 0.39059406518936157227 0.38593903183937072754 0.38593903183937072754 0.37763610482215881348 0.37163636088371276855 0.36413693428039550781 0.36387878656387329102 0.35914617776870727539 0.34977352619171142578 0.32934728264808654785 0.33556887507438659668 0.33556887507438659668 0.34735348820686340332 0.35380256175994873047 0.35697287321090698242 0.36832016706466674805 0.3704147636890411377 0.37557658553123474121 0.36834532022476196289 0.36834532022476196289 0.35794919729232788086 0.35287383198738098145 0.35601621866226196289 0.35186439752578735352 0.34570354223251342773 0.33585408329963684082 0.32153779268264770508
0.38614991307258605957 0.3879216611385345459 0.37374287843704223633 0.36728060245513916016 0.37763193249702453613 0.39263302087783813477 0.39263302087783813477 0.40394601225852966309 0.40103358030319213867 0.40669608116149902344 0.39576882123947143555 0.38583481311798095703 0.39061334729194641113 0.38884794712066650391 0.38884794712066650391 0.38442581892013549805 0.36788070201873779297 0.361003875732421875 0.37421536445617675781 0.36413586139678955078 0.33613029122352600098 0.3409036099910736084 0.3409036099910736084 0.3410815894603729248 0.34374248981475830078 0.36509433388710021973 0.37291368842124938965 0.38439375162124633789 0.36479040980339050293 0.3578154444694519043 0.36187845468521118164 0.36187845468521118164 0.35735327005386352539 0.35182285308837890625 0.35046938061714172363 0.34109741449356079102 0.33229330182075500488 0.33021807670593261719 0.30683019757270812988
0.38865128159523010254 0.38723871111869812012 0.37906336784362792969 0.37702265381813049316 0.36935010552406311035 0.36935010552406311035 0.37301808595657348633 0.39209726452827453613 0.39701491594314575195 0.39289501309394836426 0.39749607443809509277 0.39296793937683105469 0.38949999213218688965 0.39057072997093200684 0.39057072997093200684 0.38110429048538208008 0.37258735299110412598 0.36677116155624389648 0.34439441561698913574 0.32598209381103515625 0.32454922795295715332 0.33477115631103515625 0.33477115631103515625 0.3514582216739654541 0.35762876272201538086 0.38012805581092834473 0.38272190093994140625 0.3728173673152923584 0.36592179536819458008 0.35707762837409973145 0.35220685601234436035 0.35220685601234436035 0.36012503504753112793 0.34999999403953552246 0.33377048373222351074 0.32971093058586120605 0.33190119266510009766 0.33103746175765991211 0.32407605648040771484
0.3733710944652557373 0.38423237204551696777 0.38208711147308349609 0.3861014246940612793 0.37724867463111877441 0.37724867463111877441 0.36995154619216918945 0.36830356717109680176 0.38160470128059387207 0.38983970880508422852 0.39095956087112426758 0.39197531342506408691 0.38778626918792724609 0.37833753228187561035 0.37833753228187561035 0.37493810057640075684 0.36678788065910339355 0.33224755525588989258 0.32152464985847473145 0.33081704378128051758 0.3319606482982635498 0.33906400203704833984 0.33906400203704833984 0.37329024076461791992 0.3713862001895904541 0.3733075559139251709 0.37846153974533081055 0.37251272797584533691 0.3679396212100982666 0.36079224944114685059 0.36079224944114685059 0.35083425045013427734 0.34613665938377380371 0.34371525049209594727 0.33377048373222351074 0.33417937159538269043 0.33446592092514038086 0.32886487245559692383 0.32644537091255187988
0.38044694066047668457 0.38376587629318237305 0.381877899169921875 0.38146552443504333496 0.38110402226448059082 0.38110402226448059082 0.36805739998817443848 0.3605588376522064209 0.36079078912734985352 0.37506893277168273926 0.38147068023681640625 0.38749998807907104492 0.3890189826488494873 0.3890189826488494873 0.38124361634254455566 0.3596642911434173584 0.3322353065013885498 0.32391798496246337891 0.33006244897842407227 0.33694669604301452637 0.34305903315544128418 0.35581788420677185059 0.35581788420677185059 0.37747681140899658203 0.38879114389419555664 0.37036126852035522461 0.36875000596046447754 0.36952468752861022949 0.36765396595001220703 0.35998183488845825195 0.35998183488845825195 0.34472185373306274414 0.32878172397613525391 0.32919254899024963379 0.3333333432674407959 0.33691447973251342773 0.33537787199020385742 0.33771929144859313965 0.33771929144859313965
0.39488637447357177734 0.38414463400840759277 0.38545954227447509766 0.38072159886360168457 0.37718120217323303223 0.37718120217323303223 0.36926361918449401855 0.36139410734176635742 0.35980680584907531738 0.35614562034606933594 0.36025848984718322754 0.38307407498359680176 0.38623225688934326172 0.38623225688934326172 0.3653602898120880127 0.3407122194766998291 0.32943651080131530762 0.33133363723754882812 0.3378995358943939209 0.34872028231620788574 0.35478025674819946289 0.35478025674819946289 0.37720784544944763184 0.37167254090309143066 0.39901235699653625488 0.37717601656913757324 0.35049599409103393555 0.35850816965103149414 0.35871088504791259766 0.35272890329360961914 0.35272890329360961914 0.33650520443916320801 0.32810512185096740723 0.32735425233840942383 0.34065461158752441406 0.33522728085517883301 0.33467471599578857422 0.32682493329048156738 0.32682493329048156738
0.42152702808380126953 0.36200112104415893555 0.38402414321899414062 0.39189189672470092773 0.37889882922172546387 0.37889882922172546387 0.37398374080657958984 0.3637339174747467041 0.36433288455009460449 0.36004272103309631348 0.34752154350280761719 0.34524434804916381836 0.34567901492118835449 0.34567901492118835449 0.34668335318565368652 0.34818401932716369629 0.33161711692810058594 0.34065419435501098633 0.34966489672660827637 0.36049157381057739258 0.33987075090408325195 0.33987075090408325195 0.36705988645553588867 0.40966436266899108887 0.36635997891426086426 0.36336746811866760254 0.33765074610710144043 0.34367161989212036133 0.34335154294967651367 0.34745568037033081055 0.34745568037033081055 0.33925005793571472168 0.33822894096374511719 0.33603930473327636719 0.32580855488777160645 0.31999111175537109375 0.31514325737953186035 0.29073774814605712891 0.29073774814605712891
0.66427838802337646484 0.40331491827964782715 0.36787280440330505371 0.37936681509017944336 0.37936681509017944336 0.37476152181625366211 0.37171053886413574219 0.37278106808662414551 0.37144377827644348145 0.36878490447998046875 0.36037933826446533203 0.34197562932968139648 0.33435270190238952637 0.33435270190238952637 0.35448414087295532227 0.35628741979598999023 0.34776264429092407227 0.3472646176815032959 0.35155338048934936523 0.34551340341567993164 0.34060439467430114746 0.34060439467430114746 0.35195529460906982422 0.37760475277900695801 0.35023772716522216797 0.34184014797210693359 0.3484000861644744873 0.34670874476432800293 0.34724771976470947266 0.34724771976470947266 0.35017380118370056152 0.34498208761215209961 0.3419157862663269043 0.33173704147338867188 0.32000878453254699707 0.29212963581085205078 0.27662649750709533691 0.27067306637763977051 0.27067306637763977051
0.83888584375381469727 0.59633028507232666016 0.36856150627136230469 0.36175990104675292969 0.36175990104675292969 0.36592027544975280762 0.36423477530479431152 0.36719805002212524414 0.38002663850784301758 0.37168851494789123535 0.36157739162445068359 0.36483633518218994141 0.36483633518218994141 0.36455893516540527344 0.35357591509819030762 0.35812807083129882812 0.35908091068267822266 0.35133832693099975586 0.34107607603073120117 0.33904981613159179688 0.33971506357192993164 0.33971506357192993164 0.34006142616271972656 0.34077215194702148438 0.33905380964279174805 0.34692931175231933594 0.35238525271415710449 0.35774010419845581055 0.35235956311225891113 0.35235956311225891113 0.34848144650459289551 0.3437709808349609375 0.33497098088264465332 0.33082541823387145996 0.31226009130477905273 0.2758045196533203125 0.26644983887672424316 0.27563637495040893555 0.27563637495040893555
0.87518572807312011719 0.79093909263610839844 0.44234257936477661133 0.3637339174747467041 0.3637339174747467041 0.35989084839820861816 0.36373567581176757812 0.36799567937850952148 0.36839324235916137695 0.36107453703880310059 0.3835652470588684082 0.39169532060623168945 0.39169532060623168945 0.37903651595115661621 0.36090418696403503418 0.34455445408821105957 0.33495616912841796875 0.39073514938354492188 0.34833055734634399414 0.3379650413990020752 0.34229391813278198242 0.34229391813278198242 0.34294587373733520508 0.33991917967796325684 0.34409356117248535156 0.34471619129180908203 0.35350319743156433105 0.36347439885139465332 0.35701599717140197754 0.35701599717140197754 0.34039735794067382812 0.33023461699485778809 0.32550644874572753906 0.30436792969703674316 0.28738316893577575684 0.2758045196533203125 0.2743797600269317627 0.2743797600269317627 0.27359616756439208984
0.89569401741027832031 0.88514631986618041992 0.58976882696151733398 0.36300268769264221191 0.36300268769264221191 0.36961820721626281738 0.36715766787528991699 0.37108954787254333496 0.36540484428405761719 0.3709971308708190918 0.38757240772247314453 0.38648363947868347168 0.38648363947868347168 0.38453334569931030273 0.37007874250411987305 0.34367057681083679199 0.32663562893867492676 0.3600985109806060791 0.35080739855766296387 0.34191507101058959961 0.34191507101058959961 0.34316840767860412598 0.34557822346687316895 0.34426230192184448242 0.34551340341567993164 0.34716460108757019043 0.34914183616638183594 0.35510924458503723145 0.34824988245964050293 0.34824988245964050293 0.32667553424835205078 0.30893385410308837891 0.29522025585174560547 0.28434658050537109375 0.28161329030990600586 0.28358924388885498047 0.27969163656234741211 0.27969163656234741211 0.27911645174026489258
0.89922881126403808594 0.87764060497283935547 0.72696065902709960938 0.72696065902709960938 0.39481422305107116699 0.36955353617668151855 0.37449446320533752441 0.37653991580009460449 0.37965655326843261719 0.38216060400009155273 0.38259959220886230469 0.37457045912742614746 0.37457045912742614746 0.36069455742835998535 0.37804558873176574707 0.39748296141624450684 0.34931853413581848145 0.34497606754302978516 0.35225141048431396484 0.34953704476356506348 0.34953704476356506348 0.35342845320701599121 0.34677237272262573242 0.34610185027122497559 0.34836527705192565918 0.35116752982139587402 0.34692963957786560059 0.33303472399711608887 0.33303472399711608887 0.31388512253761291504 0.2952601015567779541 0.28461357951164245605 0.28347009420394897461 0.28662723302841186523 0.28245741128921508789 0.28404667973518371582 0.28402367234230041504 0.28402367234230041504 0.34980347752571105957
0.88458693027496337891 0.83843398094177246094 0.76444810628890991211 0.76444810628890991211 0.4945946037769317627 0.35517334938049316406 0.36966443061828613281 0.38046067953109741211 0.38421189785003662109 0.37893080711364746094 0.37011614441871643066 0.36010497808456420898 0.36010497808456420898 0.43694719672203063965 0.46708795428276062012 0.41512346267700195312 0.36665064096450805664 0.3663272559642791748 0.36510193347930908203 0.36412161588668823242 0.36412161588668823242 0.36158579587936401367 0.34967097640037536621 0.35116752982139587402 0.34815812110900878906 0.33795261383056640625 0.31547617912292480469 0.29516658186912536621 0.29516658186912536621 0.28695651888847351074 0.28507637977600097656 0.28534585237503051758 0.28392139077186584473 0.28396835923194885254 0.28104886412620544434 0.28229895234107971191 0.27448746562004089355 0.27448746562004089355 0.3262806236743927002
0.89010989665985107422 0.80171430110931396484 0.80955296754837036133 0.80955296754837036133 0.64833462238311767578 0.43264248967170715332 0.35774341225624084473 0.38305807113647460938 0.39315789937973022461 0.37607058882713317871 0.3544502556324005127 0.3544502556324005127 0.43409669399261474609 0.42198580503463745117 0.40436327457427978516 0.36762183904647827148 0.37419813871383666992 0.38762837648391723633 0.37348249554634094238 0.36179050803184509277 0.36179050803184509277 0.35968920588493347168 0.35420474410057067871 0.34850898385047912598 0.32969033718109130859 0.30377668142318725586 0.28740531206130981445 0.28286468982696533203 0.28286468982696533203 0.28663948178291320801 0.28737264871597290039 0.28469240665435791016 0.28692290186882019043 0.28875237703323364258 0.28439059853553771973 0.28219178318977355957 0.26989334821701049805 0.27598151564598083496 0.28427419066429138184
0.92035210132598876953 0.82855653762817382812 0.80817973613739013672 0.80817973613739013672 0.85705482959747314453 0.70828789472579956055 0.40801265835762023926 0.36710211634635925293 0.3776709437370300293 0.36509555578231811523 0.44252130389213562012 0.44252130389213562012 0.41435897350311279297 0.4119472503662109375 0.37033349275588989258 0.37020865082740783691 0.38083890080451965332 0.38138425350189208984 0.37638553977012634277 0.37638553977012634277 0.35692524909973144531 0.35651773214340209961 0.34357094764709472656 0.31744563579559326172 0.28772348165512084961 0.28300049901008605957 0.28629708290100097656 0.28424575924873352051 0.28424575924873352051 0.28616580367088317871 0.28146341443061828613 0.28599128127098083496 0.28927204012870788574 0.2863247990608215332 0.28017884492874145508 0.26989334821701049805 0.27474355697631835938 0.28638991713523864746 0.3034979403018951416
0.92335146665573120117 0.87868773937225341797 0.87868773937225341797 0.80533486604690551758 0.81614977121353149414 0.8439757227897644043 0.63973236083984375 0.39607635140419006348 0.3620598912239074707 0.3832245171070098877 0.4583130180835723877 0.4583130180835723877 0.38461539149284362793 0.37219277024269104004 0.36755543947219848633 0.36764705181121826172 0.3668854832649230957 0.36749634146690368652 0.36610168218612670898 0.36610168218612670898 0.35022285580635070801 0.3244444429874420166 0.29940545558929443359 0.28791210055351257324 0.28497409820556640625 0.28745728731155395508 0.28492692112922668457 0.2858174741268157959 0.2858174741268157959 0.28225407004356384277 0.28393214941024780273 0.28413283824920654297 0.28184020519256591797 0.27806061506271362305 0.26370486617088317871 0.27474355697631835938 0.27474355697631835938 0.29785543680191040039 0.30878186225891113281
