samples/ndvi/map_ndvi_2017-12-13.asc
ncols        322
nrows        306
xllcorner    -53.726171018035
yllcorner    -28.476684338117
cellsize     0.000269494585
NODATA_value  -9999
[rows 272 to 288 of 306, columns 0 to 38 of 322]
0.80947256088256835938 0.77283239364624023438 0.7068913578987121582 0.73984694480895996094 0.84543323516845703125 0.81830984354019165039 0.71931517124176025391 0.71931517124176025391 0.79715299606323242188 0.87007188796997070312 0.8655713200569152832 0.81333971023559570312 0.66586071252822875977 0.67935222387313842773 0.72603535652160644531 0.71613299846649169922 0.71613299846649169922 0.79433852434158325195 0.74355232715606689453 0.50700873136520385742 0.42993274331092834473 0.5470892786979675293 0.83891028165817260742 0.8786951899528503418 0.8786951899528503418 0.88104087114334106445 0.88451051712036132812 0.88072687387466430664 0.87656247615814208984 0.86840701103210449219 0.87179487943649291992 0.86987674236297607422 0.86987674236297607422 0.8700402379035949707 0.87535899877548217773 0.87391555309295654297 0.87344634532928466797 0.86466968059539794922 0.81668001413345336914
0.77321934700012207031 0.7931880950927734375 0.81244856119155883789 0.86883527040481567383 0.87158674001693725586 0.86878526210784912109 0.87607657909393310547 0.87607657909393310547 0.86894303560256958008 0.86772489547729492188 0.83621966838836669922 0.79714822769165039062 0.76832926273345947266 0.7764606475830078125 0.68443369865417480469 0.76992809772491455078 0.76992809772491455078 0.72005856037139892578 0.62764883041381835938 0.47242596745491027832 0.45266106724739074707 0.48088890314102172852 0.83713942766189575195 0.87856960296630859375 0.87856960296630859375 0.8831360936164855957 0.89090907573699951172 0.87997931241989135742 0.87047719955444335938 0.86601388454437255859 0.87747842073440551758 0.87554585933685302734 0.87554585933685302734 0.85974496603012084961 0.87376952171325683594 0.87107527256011962891 0.86792975664138793945 0.86000001430511474609 0.86180424690246582031
0.78404283523559570312 0.83284282684326171875 0.88603693246841430664 0.88647830486297607422 0.87140113115310668945 0.87358915805816650391 0.86075633764266967773 0.86075633764266967773 0.85989224910736083984 0.85444611310958862305 0.78348213434219360352 0.78780776262283325195 0.80682474374771118164 0.77723228931427001953 0.70114940404891967773 0.70114940404891967773 0.80647057294845581055 0.63892889022827148438 0.50865435600280761719 0.51618659496307373047 0.47436240315437316895 0.46867167949676513672 0.66389244794845581055 0.87211853265762329102 0.87211853265762329102 0.88169866800308227539 0.88907891511917114258 0.88073152303695678711 0.87450772523880004883 0.87999999523162841797 0.88198435306549072266 0.87949740886688232422 0.87949740886688232422 0.8549353480339050293 0.87626057863235473633 0.87541902065277099609 0.86533665657043457031 0.85396987199783325195 0.8816916346549987793
0.85771811008453369141 0.86321932077407836914 0.87870967388153076172 0.8756344914436340332 0.8734576106071472168 0.85630339384078979492 0.85231411457061767578 0.85231411457061767578 0.83829098939895629883 0.78886520862579345703 0.70430278778076171875 0.68219834566116333008 0.68851989507675170898 0.65656566619873046875 0.64386016130447387695 0.64386016130447387695 0.69403630495071411133 0.59780824184417724609 0.50453013181686401367 0.52149069309234619141 0.5002581477165222168 0.45449501276016235352 0.61437338590621948242 0.61437338590621948242 0.88121992349624633789 0.88186740875244140625 0.88104677200317382812 0.88503938913345336914 0.88292932510375976562 0.88555151224136352539 0.88630634546279907227 0.87899941205978393555 0.87899941205978393555 0.87510740756988525391 0.87552964687347412109 0.86738836765289306641 0.86637580394744873047 0.86223405599594116211 0.88390368223190307617
0.85695153474807739258 0.86611568927764892578 0.870250701904296875 0.87468671798706054688 0.86833542585372924805 0.85490095615386962891 0.85490095615386962891 0.82446807622909545898 0.77954256534576416016 0.67588180303573608398 0.55437034368515014648 0.50334447622299194336 0.51754146814346313477 0.54768979549407958984 0.55506968498229980469 0.55506968498229980469 0.551326751708984375 0.51513612270355224609 0.49202454090118408203 0.51684838533401489258 0.5072314143180847168 0.49067661166191101074 0.67648726701736450195 0.67648726701736450195 0.87297296524047851562 0.88235294818878173828 0.89230769872665405273 0.89415770769119262695 0.8821697235107421875 0.88282829523086547852 0.88298690319061279297 0.88436609506607055664 0.88436609506607055664 0.8834273219108581543 0.87523627281188964844 0.86167305707931518555 0.86258691549301147461 0.87530231475830078125 0.88390368223190307617
0.87743139266967773438 0.88503313064575195312 0.8784999847412109375 0.87673264741897583008 0.88878631591796875 0.8527291417121887207 0.8527291417121887207 0.74455732107162475586 0.65088754892349243164 0.55147469043731689453 0.49276548624038696289 0.49389746785163879395 0.49959731101989746094 0.50039523839950561523 0.4980309903621673584 0.4980309903621673584 0.49688473343849182129 0.51984417438507080078 0.54554361104965209961 0.64128595590591430664 0.64568763971328735352 0.67749816179275512695 0.84112149477005004883 0.84112149477005004883 0.87595629692077636719 0.85964912176132202148 0.87946075201034545898 0.88260871171951293945 0.88088935613632202148 0.88478803634643554688 0.88726097345352172852 0.88726097345352172852 0.88282626867294311523 0.8776925206184387207 0.87227648496627807617 0.86181277036666870117 0.86091125011444091797 0.84734135866165161133 0.86975240707397460938
0.88500505685806274414 0.89208817481994628906 0.89692163467407226562 0.87801843881607055664 0.86211729049682617188 0.6219768524169921875 0.6219768524169921875 0.53459459543228149414 0.50818777084350585938 0.4895578920841217041 0.48501071333885192871 0.48992207646369934082 0.49445909261703491211 0.49383983016014099121 0.49383983016014099121 0.51240950822830200195 0.58646219968795776367 0.72420585155487060547 0.80792605876922607422 0.83087700605392456055 0.87646484375 0.89699977636337280273 0.87776398658752441406 0.87776398658752441406 0.86886101961135864258 0.86351126432418823242 0.86539453268051147461 0.87246853113174438477 0.87914437055587768555 0.87967985868453979492 0.88796478509902954102 0.88796478509902954102 0.88274544477462768555 0.88246309757232666016 0.87024492025375366211 0.857929229736328125 0.83702439069747924805 0.8324667811393737793 0.85630965232849121094
0.89228093624114990234 0.89285713434219360352 0.89488983154296875 0.86730337142944335938 0.74107801914215087891 0.54001086950302124023 0.54001086950302124023 0.52378380298614501953 0.53294366598129272461 0.50881808996200561523 0.49725919961929321289 0.50820523500442504883 0.50275087356567382812 0.52180850505828857422 0.52180850505828857422 0.61631989479064941406 0.80940014123916625977 0.87391525506973266602 0.86692661046981811523 0.84570252895355224609 0.87918013334274291992 0.88029557466506958008 0.86898463964462280273 0.86898463964462280273 0.87076270580291748047 0.87675672769546508789 0.87916028499603271484 0.87997955083847045898 0.88125783205032348633 0.87113535404205322266 0.87398874759674072266 0.87398874759674072266 0.88780486583709716797 0.85988485813140869141 0.75505965948104858398 0.85137766599655151367 0.84071791172027587891 0.84240764379501342773 0.85352253913879394531
0.891086578369140625 0.88782131671905517578 0.88059699535369873047 0.85797911882400512695 0.72295302152633666992 0.66056573390960693359 0.66056573390960693359 0.6308040618896484375 0.63280624151229858398 0.58109164237976074219 0.52301692962646484375 0.51491367816925048828 0.51725983619689941406 0.61469435691833496094 0.61469435691833496094 0.80784845352172851562 0.87412947416305541992 0.87263154983520507812 0.87356323003768920898 0.86058229207992553711 0.86879825592041015625 0.87142854928970336914 0.87142854928970336914 0.8760051727294921875 0.88911497592926025391 0.89210116863250732422 0.88529187440872192383 0.88296812772750854492 0.88049662113189697266 0.88200902938842773438 0.88570016622543334961 0.88570016622543334961 0.88097608089447021484 0.76407915353775024414 0.56006765365600585938 0.78393054008483886719 0.86228317022323608398 0.86792451143264770508 0.87666082382202148438
0.88807910680770874023 0.88727176189422607422 0.88433229923248291016 0.87223589420318603516 0.77363663911819458008 0.77363663911819458008 0.7386264801025390625 0.75223881006240844727 0.79413360357284545898 0.69639980792999267578 0.66013073921203613281 0.59913206100463867188 0.65467625856399536133 0.83103084564208984375 0.83103084564208984375 0.87111222743988037109 0.86057204008102416992 0.85850113630294799805 0.88098388910293579102 0.88062721490859985352 0.85771888494491577148 0.87203919887542724609 0.87203919887542724609 0.88446217775344848633 0.89605909585952758789 0.89909321069717407227 0.86590313911437988281 0.85888803005218505859 0.85028886795043945312 0.85212844610214233398 0.85212844610214233398 0.87123864889144897461 0.84670597314834594727 0.66031110286712646484 0.51060068607330322266 0.82504373788833618164 0.89546501636505126953 0.89261406660079956055 0.87371373176574707031
0.89753693342208862305 0.89626657962799072266 0.88322979211807250977 0.86394894123077392578 0.86140722036361694336 0.86140722036361694336 0.81402760744094848633 0.77603513002395629883 0.85881727933883666992 0.86006128787994384766 0.84293192625045776367 0.80636602640151977539 0.86106127500534057617 0.86106127500534057617 0.8899567723274230957 0.87007874250411987305 0.85063290596008300781 0.84121805429458618164 0.87858158349990844727 0.83657979965209960938 0.86432564258575439453 0.86876207590103149414 0.86876207590103149414 0.88405090570449829102 0.89280247688293457031 0.79724544286727905273 0.60042905807495117188 0.5509402155876159668 0.58995813131332397461 0.6086127161979675293 0.6086127161979675293 0.59313213825225830078 0.52760899066925048828 0.43878117203712463379 0.42608171701431274414 0.59022986888885498047 0.66047018766403198242 0.66719913482666015625 0.61491376161575317383
0.89342004060745239258 0.88494247198104858398 0.87705326080322265625 0.86194223165512084961 0.85448664426803588867 0.85448664426803588867 0.86635828018188476562 0.84840697050094604492 0.87002521753311157227 0.88086372613906860352 0.87964874505996704102 0.87503409385681152344 0.86835443973541259766 0.86835443973541259766 0.85732418298721313477 0.84883087873458862305 0.85255903005599975586 0.8467013239860534668 0.71085619926452636719 0.5907834172248840332 0.7721068263053894043 0.87482690811157226562 0.87482690811157226562 0.89460963010787963867 0.88636887073516845703 0.6010443568229675293 0.44262295961380004883 0.44606241583824157715 0.43803608417510986328 0.4148750603199005127 0.4148750603199005127 0.40615120530128479004 0.39878365397453308105 0.40740740299224853516 0.42906975746154785156 0.42578357458114624023 0.44048339128494262695 0.39578163623809814453 0.39578163623809814453
0.86724388599395751953 0.87598878145217895508 0.87184876203536987305 0.85651534795761108398 0.86280572414398193359 0.86280572414398193359 0.87030363082885742188 0.87416589260101318359 0.87115526199340820312 0.8809044957160949707 0.87333160638809204102 0.86503064632415771484 0.86080783605575561523 0.86080783605575561523 0.85861247777938842773 0.85053765773773193359 0.84141439199447631836 0.80437099933624267578 0.56858080625534057617 0.42923897504806518555 0.59451520442962646484 0.59451520442962646484 0.65826010704040527344 0.61925601959228515625 0.6432291865348815918 0.5076923370361328125 0.42161521315574645996 0.43780949711799621582 0.43824124336242675781 0.42601156234741210938 0.42601156234741210938 0.41099402308464050293 0.40362811088562011719 0.4140491187572479248 0.42716479301452636719 0.4207299351692199707 0.40902388095855712891 0.39615952968597412109 0.39615952968597412109
0.85658568143844604492 0.86126267910003662109 0.87029701471328735352 0.85516446828842163086 0.85516446828842163086 0.86872589588165283203 0.87065738439559936523 0.86266529560089111328 0.85144758224487304688 0.85899722576141357422 0.8490874171257019043 0.8599179387092590332 0.86130374670028686523 0.86130374670028686523 0.86371910572052001953 0.84982752799987792969 0.85225504636764526367 0.86190962791442871094 0.57673484086990356445 0.44548690319061279297 0.41988599300384521484 0.41988599300384521484 0.41584765911102294922 0.41024854779243469238 0.42331650853157043457 0.41634926199913024902 0.42179009318351745605 0.42644107341766357422 0.42522829771041870117 0.42522829771041870117 0.41645318269729614258 0.4050382077693939209 0.40040126442909240723 0.40342724323272705078 0.41512209177017211914 0.40335392951965332031 0.40301150083541870117 0.39759036898612976074 0.39759036898612976074
0.84201288223266601562 0.85190880298614501953 0.85340571403503417969 0.85762363672256469727 0.85762363672256469727 0.87083548307418823242 0.87687534093856811523 0.853351593017578125 0.86062544584274291992 0.85648775100708007812 0.84673708677291870117 0.85922187566757202148 0.87622320652008056641 0.87622320652008056641 0.8431269526481628418 0.86035037040710449219 0.85297298431396484375 0.86259543895721435547 0.605403900146484375 0.44334974884986877441 0.41970804333686828613 0.41970804333686828613 0.4208144843578338623 0.43491125106811523438 0.43422996997833251953 0.42189779877662658691 0.41898480057716369629 0.42165243625640869141 0.42059838771820068359 0.42059838771820068359 0.41582733392715454102 0.41340294480323791504 0.41597634553909301758 0.40384048223495483398 0.40663900971412658691 0.3929824531078338623 0.3983173668384552002 0.3951473236083984375 0.3951473236083984375
0.84444445371627807617 0.85377115011215209961 0.8522440791130065918 0.85848128795623779297 0.85848128795623779297 0.86377096176147460938 0.87642115354537963867 0.86593919992446899414 0.86003029346466064453 0.85535764694213867188 0.86348122358322143555 0.86670631170272827148 0.86670631170272827148 0.87325060367584228516 0.85435354709625244141 0.86002123355865478516 0.82441556453704833984 0.73776596784591674805 0.50260871648788452148 0.42598733305931091309 0.4292551577091217041 0.4292551577091217041 0.43940299749374389648 0.4445768892765045166 0.4400475919246673584 0.42764323949813842773 0.40723589062690734863 0.40045505762100219727 0.41294965147972106934 0.41294965147972106934 0.41379311680793762207 0.40692022442817687988 0.40119761228561401367 0.39416477084159851074 0.38395169377326965332 0.37936913967132568359 0.39029893279075622559 0.39029893279075622559 0.40079140663146972656
0.83815968036651611328 0.84338897466659545898 0.86611288785934448242 0.86656820774078369141 0.86656820774078369141 0.75899088382720947266 0.65295267105102539062 0.81261849403381347656 0.86445784568786621094 0.86850476264953613281 0.86695748567581176758 0.86495727300643920898 0.86495727300643920898 0.8742071986198425293 0.84965032339096069336 0.74278217554092407227 0.61627268791198730469 0.48604992032051086426 0.42359653115272521973 0.42694610357284545898 0.42694610357284545898 0.44035875797271728516 0.44624623656272888184 0.44447824358940124512 0.42692542076110839844 0.41952663660049438477 0.41937354207038879395 0.39105987548828125 0.38851350545883178711 0.38851350545883178711 0.39443814754486083984 0.38662132620811462402 0.39031338691711425781 0.38606509566307067871 0.38373425602912902832 0.38947367668151855469 0.40602582693099975586 0.40602582693099975586 0.4111207127571105957
