samples/ndvi/map_ndvi_2017-09-24.asc
ncols        322
nrows        306
xllcorner    -53.726171018035
yllcorner    -28.476684338117
cellsize     0.000269494585
NODATA_value  -9999
[rows 17 to 33 of 306, columns 117 to 155 of 322]
0.78249335289001464844 0.85122025012969970703 0.86096566915512084961 0.8368313908576965332 0.71546858549118041992 0.68155783414840698242 0.65155303478240966797 0.65155303478240966797 0.64471209049224853516 0.67443555593490600586 0.71507227420806884766 0.70367801189422607422 0.69289427995681762695 0.68739265203475952148 0.68807971477508544922 0.6813793182373046875 0.6813793182373046875 0.67550808191299438477 0.66827255487442016602 0.66379010677337646484 0.66351211071014404297 0.69985568523406982422 0.70136779546737670898 0.74819624423980712891 0.74819624423980712891 0.78425252437591552734 0.80984491109848022461 0.81335103511810302734 0.82057178020477294922 0.77971208095550537109 0.71490591764450073242 0.6240660548210144043 0.6240660548210144043 0.60618066787719726562 0.60428625345230102539 0.61119633913040161133 0.60278743505477905273 0.62168395519256591797 0.62971603870391845703
0.67093676328659057617 0.82160496711730957031 0.81969308853149414062 0.76593363285064697266 0.65201860666275024414 0.65333330631256103516 0.65582066774368286133 0.65582066774368286133 0.65599137544631958008 0.67344081401824951172 0.68795305490493774414 0.68712735176086425781 0.68302947282791137695 0.68156427145004272461 0.6818974614143371582 0.6818974614143371582 0.68577349185943603516 0.6859391331672668457 0.66989618539810180664 0.65913045406341552734 0.65464097261428833008 0.67199146747589111328 0.68471807241439819336 0.67450827360153198242 0.67450827360153198242 0.69768327474594116211 0.75373667478561401367 0.79633402824401855469 0.807476043701171875 0.81620931625366210938 0.80655324459075927734 0.74155461788177490234 0.74155461788177490234 0.66063976287841796875 0.6060943603515625 0.59152215719223022461 0.59708923101425170898 0.60916948318481445312 0.61814743280410766602
0.70586240291595458984 0.72935461997985839844 0.68159526586532592773 0.65566712617874145508 0.6547533869743347168 0.6633663177490234375 0.66025638580322265625 0.66025638580322265625 0.66654914617538452148 0.66191303730010986328 0.65770173072814941406 0.66525125503540039062 0.67712372541427612305 0.68025296926498413086 0.68743401765823364258 0.68743401765823364258 0.69648450613021850586 0.68818682432174682617 0.6796417236328125 0.69456487894058227539 0.67305064201354980469 0.64221823215484619141 0.65567767620086669922 0.65567767620086669922 0.6642913818359375 0.66898810863494873047 0.67899292707443237305 0.72247362136840820312 0.75381261110305786133 0.7909946441650390625 0.81245946884155273438 0.80961602926254272461 0.80961602926254272461 0.7859007716178894043 0.72204583883285522461 0.61816781759262084961 0.58198338747024536133 0.59874606132507324219 0.6099236607551574707
0.66391754150390625 0.64936888217926025391 0.62022471427917480469 0.62393796443939208984 0.65138936042785644531 0.66315788030624389648 0.66315788030624389648 0.67079645395278930664 0.67205053567886352539 0.66527193784713745117 0.66643691062927246094 0.66203057765960693359 0.66938632726669311523 0.67217725515365600586 0.67655366659164428711 0.67655366659164428711 0.67726159095764160156 0.68337911367416381836 0.69717359542846679688 0.70627951622009277344 0.68110102415084838867 0.65184676647186279297 0.65858799219131469727 0.65858799219131469727 0.65883243083953857422 0.66653650999069213867 0.65395200252532958984 0.66883116960525512695 0.6659844517707824707 0.70915889739990234375 0.76577794551849365234 0.7937743067741394043 0.7937743067741394043 0.80343508720397949219 0.79049468040466308594 0.75015932321548461914 0.65094661712646484375 0.57338261604309082031 0.54841238260269165039
0.6188119053840637207 0.62146890163421630859 0.62863218784332275391 0.61977463960647583008 0.661174774169921875 0.63438522815704345703 0.63438522815704345703 0.65534865856170654297 0.65790420770645141602 0.67514812946319580078 0.67590028047561645508 0.66169846057891845703 0.66888344287872314453 0.67714589834213256836 0.68516582250595092773 0.68516582250595092773 0.68016612529754638672 0.70387703180313110352 0.71614158153533935547 0.66984343528747558594 0.66541993618011474609 0.65675675868988037109 0.64754664897918701172 0.64754664897918701172 0.65270757675170898438 0.67314285039901733398 0.65532547235488891602 0.65755629539489746094 0.65546220541000366211 0.66080403327941894531 0.68670028448104858398 0.68670028448104858398 0.73903894424438476562 0.77990746498107910156 0.80000001192092895508 0.80444443225860595703 0.79873013496398925781 0.74465286731719970703 0.64036035537719726562
0.64632457494735717773 0.64832121133804321289 0.65840029716491699219 0.65627217292785644531 0.661174774169921875 0.66868114471435546875 0.66868114471435546875 0.65449947118759155273 0.65380454063415527344 0.6805896759033203125 0.68170690536499023438 0.6830031275749206543 0.68052667379379272461 0.68383908271789550781 0.68383908271789550781 0.68443197011947631836 0.68807971477508544922 0.70138186216354370117 0.69173443317413330078 0.67456018924713134766 0.66789668798446655273 0.65629225969314575195 0.6342385411262512207 0.6342385411262512207 0.62495517730712890625 0.63670551776885986328 0.63449066877365112305 0.63636362552642822266 0.64774137735366821289 0.6457627415657043457 0.64215892553329467773 0.64215892553329467773 0.65557897090911865234 0.70361727476119995117 0.75912147760391235352 0.79115158319473266602 0.80314463376998901367 0.80000001192092895508 0.76713615655899047852
0.66564524173736572266 0.65698480606079101562 0.65776526927947998047 0.66265910863876342773 0.66631394624710083008 0.66925793886184692383 0.66925793886184692383 0.67751061916351318359 0.679378509521484375 0.68454039096832275391 0.68813800811767578125 0.69398522377014160156 0.69773125648498535156 0.69986075162887573242 0.69986075162887573242 0.69673836231231689453 0.701778411865234375 0.69215017557144165039 0.68093121051788330078 0.6688378453254699707 0.67626142501831054688 0.66689419746398925781 0.65020865201950073242 0.65020865201950073242 0.62138408422470092773 0.62391221523284912109 0.64750093221664428711 0.64729142189025878906 0.64329642057418823242 0.63854426145553588867 0.63114070892333984375 0.63114070892333984375 0.64962279796600341797 0.67189484834671020508 0.70617693662643432617 0.72672671079635620117 0.7672030329704284668 0.79386109113693237305 0.80696201324462890625
0.66266709566116333008 0.65524476766586303711 0.66032415628433227539 0.6632760167121887207 0.66314303874969482422 0.67270195484161376953 0.67270195484161376953 0.69225519895553588867 0.70061516761779785156 0.69015049934387207031 0.70858687162399291992 0.70811921358108520508 0.71379190683364868164 0.70614796876907348633 0.70614796876907348633 0.70217239856719970703 0.712390899658203125 0.69598335027694702148 0.69694846868515014648 0.69975620508193969727 0.71106559038162231445 0.70030790567398071289 0.70030790567398071289 0.67684656381607055664 0.63780122995376586914 0.6387240290641784668 0.67047744989395141602 0.65235006809234619141 0.63494670391082763672 0.62953794002532958984 0.63478261232376098633 0.63478261232376098633 0.64696222543716430664 0.65953946113586425781 0.66373163461685180664 0.65438163280487060547 0.66262233257293701172 0.69086122512817382812 0.74173766374588012695
0.67247861623764038086 0.66040360927581787109 0.65919601917266845703 0.66431593894958496094 0.66796183586120605469 0.66980147361755371094 0.68464165925979614258 0.69938647747039794922 0.69632428884506225586 0.68938082456588745117 0.7015851140022277832 0.70133882761001586914 0.70807451009750366211 0.70656371116638183594 0.70656371116638183594 0.71877181529998779297 0.73146855831146240234 0.72869318723678588867 0.72372585535049438477 0.73178458213806152344 0.74697548151016235352 0.71388792991638183594 0.71388792991638183594 0.69047617912292480469 0.66530001163482666016 0.66751176118850708008 0.66420543193817138672 0.64810329675674438477 0.62494903802871704102 0.6350848078727722168 0.6350848078727722168 0.64187783002853393555 0.64668005704879760742 0.65255945920944213867 0.65283930301666259766 0.6451104283332824707 0.64147210121154785156 0.64394545555114746094 0.6456692814826965332
0.67346936464309692383 0.67023110389709472656 0.67349773645401000977 0.67396593093872070312 0.66980147361755371094 0.68244171142578125 0.68893456459045410156 0.69630640745162963867 0.70362693071365356445 0.69887953996658325195 0.7017726898193359375 0.70460051298141479492 0.70041900873184204102 0.70041900873184204102 0.705448150634765625 0.73143869638442993164 0.74875086545944213867 0.76197385787963867188 0.75287353992462158203 0.75445961952209472656 0.75465726852416992188 0.71075838804244995117 0.71075838804244995117 0.69483065605163574219 0.67177242040634155273 0.65407276153564453125 0.64197963476181030273 0.62636476755142211914 0.62642741203308105469 0.6409409642219543457 0.6409409642219543457 0.648494720458984375 0.64088177680969238281 0.63498401641845703125 0.63350373506546020508 0.63317757844924926758 0.63120567798614501953 0.61999207735061645508 0.61091053485870361328
0.68268907070159912109 0.67589467763900756836 0.67698061466217041016 0.68136751651763916016 0.68244171142578125 0.69807428121566772461 0.69782686233520507812 0.70631319284439086914 0.71207863092422485352 0.71811133623123168945 0.71876114606857299805 0.71162122488021850586 0.72071427106857299805 0.72071427106857299805 0.7216091156005859375 0.73906809091567993164 0.76474767923355102539 0.78422939777374267578 0.77170526981353759766 0.7404009699821472168 0.71497416496276855469 0.66487646102905273438 0.66487646102905273438 0.64723467826843261719 0.65849983692169189453 0.65778690576553344727 0.63149845600128173828 0.61724418401718139648 0.6289666295051574707 0.64482903480529785156 0.64482903480529785156 0.65419042110443115234 0.6478646397590637207 0.63462305068969726562 0.63012617826461791992 0.6271451115608215332 0.62799841165542602539 0.62284821271896362305 0.62284821271896362305
0.69441658258438110352 0.67794871330261230469 0.67890220880508422852 0.69014084339141845703 0.69807428121566772461 0.69807428121566772461 0.68642854690551757812 0.70118963718414306641 0.70856744050979614258 0.72982579469680786133 0.73584908246994018555 0.73665225505828857422 0.74094402790069580078 0.74094402790069580078 0.74917733669281005859 0.75755339860916137695 0.77536231279373168945 0.78129601478576660156 0.76402461528778076172 0.71367675065994262695 0.67961162328720092773 0.67961162328720092773 0.63057792186737060547 0.60969889163970947266 0.67557251453399658203 0.65244323015213012695 0.63143420219421386719 0.62087237834930419922 0.6394640803337097168 0.65618622303009033203 0.65618622303009033203 0.65684711933135986328 0.64936101436614990234 0.63354533910751342773 0.62391132116317749023 0.61900991201400756836 0.61919873952865600586 0.61852431297302246094 0.61852431297302246094
0.69776874780654907227 0.68595039844512939453 0.69029593467712402344 0.69721937179565429688 0.69721937179565429688 0.69601678848266601562 0.69547039270401000977 0.70654779672622680664 0.72447550296783447266 0.74452817440032958984 0.76831090450286865234 0.76905828714370727539 0.77495324611663818359 0.77495324611663818359 0.78293412923812866211 0.77604746818542480469 0.77712178230285644531 0.7631976008415222168 0.7451419830322265625 0.71260994672775268555 0.65340089797973632812 0.65340089797973632812 0.62045961618423461914 0.61632978916168212891 0.72272050380706787109 0.69246095418930053711 0.64319998025894165039 0.6394640803337097168 0.64939272403717041016 0.65600973367691040039 0.65600973367691040039 0.65189361572265625 0.64245808124542236328 0.62694704532623291016 0.6203415989875793457 0.6198412775993347168 0.61791515350341796875 0.60634922981262207031 0.60634922981262207031
0.69505494832992553711 0.6855742335319519043 0.67762458324432373047 0.67645001411437988281 0.67645001411437988281 0.6929518580436706543 0.69972640275955200195 0.70560109615325927734 0.72404277324676513672 0.74046868085861206055 0.76420754194259643555 0.76304656267166137695 0.75997149944305419922 0.75997149944305419922 0.76939499378204345703 0.76885813474655151367 0.75335860252380371094 0.72207885980606079102 0.7104174494743347168 0.69004523754119873047 0.64701491594314575195 0.64701491594314575195 0.62761193513870239258 0.64249706268310546875 0.71626549959182739258 0.68346846103668212891 0.64616000652313232422 0.65533977746963500977 0.65303689241409301758 0.65303689241409301758 0.65061676502227783203 0.64753437042236328125 0.63863176107406616211 0.63557654619216918945 0.63090127706527709961 0.61310696601867675781 0.60785883665084838867 0.60384154319763183594 0.60384154319763183594
0.69099593162536621094 0.6907145380973815918 0.68410038948059082031 0.67850863933563232422 0.67850863933563232422 0.69183039665222167969 0.70054203271865844727 0.70937287807464599609 0.72650724649429321289 0.73442286252975463867 0.73882925510406494141 0.73919057846069335938 0.73919057846069335938 0.73810350894927978516 0.7420482635498046875 0.73046195507049560547 0.70928198099136352539 0.66592758893966674805 0.6839339137077331543 0.65967190265655517578 0.62817549705505371094 0.62817549705505371094 0.61637425422668457031 0.65313363075256347656 0.74633818864822387695 0.67665559053421020508 0.65414774417877197266 0.65085852146148681641 0.65031647682189941406 0.65031647682189941406 0.64687377214431762695 0.64311379194259643555 0.64047616720199584961 0.63403916358947753906 0.62733411788940429688 0.60287082195281982422 0.591949462890625 0.60112136602401733398 0.60112136602401733398
0.69739955663681030273 0.69126147031784057617 0.68716216087341308594 0.68395906686782836914 0.68395906686782836914 0.69775354862213134766 0.70441329479217529297 0.7165991663932800293 0.723270416259765625 0.71276593208312988281 0.70738440752029418945 0.71576404571533203125 0.71576404571533203125 0.71820360422134399414 0.71289199590682983398 0.68799424171447753906 0.66763848066329956055 0.63663440942764282227 0.65859198570251464844 0.63871949911117553711 0.63871949911117553711 0.62114197015762329102 0.61720949411392211914 0.6310679316520690918 0.74435073137283325195 0.66927373409271240234 0.65447664260864257812 0.65356856584548950195 0.64724534749984741211 0.64724534749984741211 0.64930415153503417969 0.63621985912322998047 0.64104533195495605469 0.63324010372161865234 0.63046091794967651367 0.61339181661605834961 0.59361279010772705078 0.59361279010772705078 0.58082407712936401367
0.70315647125244140625 0.69962877035140991211 0.70078206062316894531 0.70078206062316894531 0.68878251314163208008 0.70809346437454223633 0.71001696586608886719 0.71991980075836181641 0.71570247411727905273 0.7122783660888671875 0.70794951915740966797 0.70586168766021728516 0.70586168766021728516 0.69885772466659545898 0.69143265485763549805 0.66592264175415039062 0.64996260404586791992 0.63456416130065917969 0.60145217180252075195 0.62968748807907104492 0.62968748807907104492 0.63844031095504760742 0.62610799074172973633 0.58252429962158203125 0.67750960588455200195 0.68046200275421142578 0.63423496484756469727 0.64001637697219848633 0.65067946910858154297 0.65067946910858154297 0.64147907495498657227 0.63247525691986083984 0.63402265310287475586 0.63971179723739624023 0.63291138410568237305 0.61708736419677734375 0.59673660993576049805 0.59673660993576049805 0.58419638872146606445
