samples/ndvi/map_ndvi_2017-04-17.asc
ncols        322
nrows        306
xllcorner    -53.726171018035
yllcorner    -28.476684338117
cellsize     0.000269494585
NODATA_value  -9999
[rows 51 to 67 of 306, columns 156 to 194 of 322]
0.25590777397155761719 0.2508379817008972168 0.2508379817008972168 0.24636146426200866699 0.24597206711769104004 0.25091317296028137207 0.24576734006404876709 0.23538541793823242188 0.24425886571407318115 0.2555701136589050293 0.29024943709373474121 0.29024943709373474121 0.26020276546478271484 0.25912117958068847656 0.53660857677459716797 0.62574648857116699219 0.34205362200736999512 0.25734815001487731934 0.25448718667030334473 0.25448718667030334473 0.26846274733543395996 0.27290016412734985352 0.26787358522415161133 0.26094675064086914062 0.25643301010131835938 0.26064318418502807617 0.26524388790130615234 0.26524388790130615234 0.26688486337661743164 0.28034505248069763184 0.59527826309204101562 0.61620110273361206055 0.3362445533275604248 0.25822722911834716797 0.23719008266925811768 0.2185233384370803833 0.2185233384370803833 0.19872866570949554443 0.171207427978515625
0.25099602341651916504 0.24979344010353088379 0.24979344010353088379 0.24812433123588562012 0.24809575080871582031 0.24685490131378173828 0.24616228044033050537 0.24160172045230865479 0.25033113360404968262 0.2704296410083770752 0.2704296410083770752 0.27945944666862487793 0.26439124345779418945 0.26641750335693359375 0.57607281208038330078 0.6131814122200012207 0.32278481125831604004 0.25859788060188293457 0.25938117504119873047 0.25938117504119873047 0.27431967854499816895 0.26823315024375915527 0.261234283447265625 0.25943678617477416992 0.25569021701812744141 0.2673206627368927002 0.26600539684295654297 0.26600539684295654297 0.27137768268585205078 0.4237181544303894043 0.68031191825866699219 0.45201507210731506348 0.29428172111511230469 0.25149977207183837891 0.22638860344886779785 0.22234554588794708252 0.22234554588794708252 0.22232222557067871094 0.19951964914798736572
0.25194227695465087891 0.25027382373809814453 0.25027382373809814453 0.2496633380651473999 0.24993185698986053467 0.23897659778594970703 0.24038460850715637207 0.24300360679626464844 0.26641345024108886719 0.25165164470672607422 0.25165164470672607422 0.25431710481643676758 0.26453936100006103516 0.26228186488151550293 0.47523838281631469727 0.73423308134078979492 0.30608037114143371582 0.25227963924407958984 0.26567164063453674316 0.26567164063453674316 0.26718994975090026855 0.25596094131469726562 0.26051872968673706055 0.2550315558910369873 0.2505079805850982666 0.26104891300201416016 0.27110052108764648438 0.27110052108764648438 0.29897493124008178711 0.56133592128753662109 0.4176394343376159668 0.27766180038452148438 0.27506849169731140137 0.2626215815544128418 0.22282189130783081055 0.22282189130783081055 0.2041718214750289917 0.19656622409820556641 0.22424477338790893555
0.25134906172752380371 0.24803590774536132812 0.24803590774536132812 0.24444444477558135986 0.24289692938327789307 0.2408917844295501709 0.24980090558528900146 0.26815485954284667969 0.35986733436584472656 0.26300823688507080078 0.26300823688507080078 0.25154960155487060547 0.26047745347023010254 0.31477272510528564453 0.65964812040328979492 0.72480928897857666016 0.30242553353309631348 0.26210457086563110352 0.26210457086563110352 0.26469653844833374023 0.27367773652076721191 0.25267302989959716797 0.25940820574760437012 0.26203209161758422852 0.2572237849235534668 0.26315790414810180664 0.31224128603935241699 0.31224128603935241699 0.47521367669105529785 0.52251249551773071289 0.27114576101303100586 0.26469728350639343262 0.31574782729148864746 0.31913930177688598633 0.23850858211517333984 0.23850858211517333984 0.2026812434196472168 0.17920354008674621582 0.21563394367694854736
0.26334208250045776367 0.26334208250045776367 0.25527608394622802734 0.24499140679836273193 0.24167136847972869873 0.23868203163146972656 0.24898180365562438965 0.33258047699928283691 0.44402173161506652832 0.26359614729881286621 0.26359614729881286621 0.26083570718765258789 0.2939974367618560791 0.51029878854751586914 0.84943753480911254883 0.73449003696441650391 0.50158560276031494141 0.36212447285652160645 0.36212447285652160645 0.31303626298904418945 0.28728961944580078125 0.26523011922836303711 0.25717380642890930176 0.25797265768051147461 0.25006923079490661621 0.29095491766929626465 0.5481548309326171875 0.5481548309326171875 0.57142859697341918945 0.36329150199890136719 0.2580445408821105957 0.30201745033264160156 0.42018538713455200195 0.44296494126319885254 0.31985294818878173828 0.31985294818878173828 0.24422843754291534424 0.19584867358207702637 0.19499048590660095215
0.25636574625968933105 0.25636574625968933105 0.2468373030424118042 0.24553702771663665771 0.24650642275810241699 0.24483613669872283936 0.25550293922424316406 0.32598608732223510742 0.3333333432674407959 0.25513488054275512695 0.25513488054275512695 0.26096767187118530273 0.58092486858367919922 0.7763869166374206543 0.75263774394989013672 0.61689037084579467773 0.65188413858413696289 0.59059327840805053711 0.59059327840805053711 0.513713836669921875 0.36412078142166137695 0.27729919552803039551 0.26227945089340209961 0.25801366567611694336 0.27838829159736633301 0.35047429800033569336 0.35047429800033569336 0.53356283903121948242 0.67978370189666748047 0.37010246515274047852 0.28504398465156555176 0.44303798675537109375 0.53151202201843261719 0.55892002582550048828 0.43461439013481140137 0.43461439013481140137 0.30576825141906738281 0.2558447420597076416 0.23003919422626495361
0.24764509499073028564 0.24764509499073028564 0.24716417491436004639 0.2429638206958770752 0.2435824275016784668 0.24492165446281433105 0.26038157939910888672 0.24829931557178497314 0.26068899035453796387 0.26068899035453796387 0.24351584911346435547 0.34299516677856445312 0.86945438385009765625 0.54977631568908691406 0.3163827061653137207 0.26511383056640625 0.30443918704986572266 0.34573036432266235352 0.34573036432266235352 0.36338797211647033691 0.48261475563049316406 0.39299955964088439941 0.37861755490303039551 0.50292545557022094727 0.50768429040908813477 0.39833414554595947266 0.39833414554595947266 0.29985442757606506348 0.4492588341236114502 0.61695528030395507812 0.48848059773445129395 0.67992544174194335938 0.58183282613754272461 0.61626207828521728516 0.61626207828521728516 0.52597403526306152344 0.31377941370010375977 0.29606389999389648438 0.2758426964282989502
0.24841971695423126221 0.24841971695423126221 0.24455061554908752441 0.23711943626403808594 0.24624004960060119629 0.24817304313182830811 0.2617568671703338623 0.24761904776096343994 0.24179944396018981934 0.24179944396018981934 0.25326877832412719727 0.51008647680282592773 0.86945438385009765625 0.2828153073787689209 0.2493095695972442627 0.24518305063247680664 0.24187226593494415283 0.24187226593494415283 0.24464486539363861084 0.25550150871276855469 0.36368682980537414551 0.4078464508056640625 0.41659125685691833496 0.51111114025115966797 0.45308580994606018066 0.26754593849182128906 0.26754593849182128906 0.25072303414344787598 0.30269730091094970703 0.54873323440551757812 0.65273129940032958984 0.65183866024017333984 0.51518094539642333984 0.50403630733489990234 0.50403630733489990234 0.55667787790298461914 0.32027795910835266113 0.2804953455924987793 0.28150990605354309082
0.28761652112007141113 0.24718740582466125488 0.24875929951667785645 0.24416135251522064209 0.25195428729057312012 0.25007382035255432129 0.25513544678688049316 0.24569402635097503662 0.24053029716014862061 0.24053029716014862061 0.26680040359497070312 0.45495209097862243652 0.6199016571044921875 0.25030228495597839355 0.24183325469493865967 0.24798041582107543945 0.24701385200023651123 0.24701385200023651123 0.24844862520694732666 0.24918943643569946289 0.25884363055229187012 0.25031509995460510254 0.2426509857177734375 0.26480084657669067383 0.26302477717399597168 0.25275734066963195801 0.25275734066963195801 0.25262451171875 0.26008343696594238281 0.28884410858154296875 0.33111396431922912598 0.38690319657325744629 0.40329307317733764648 0.38234084844589233398 0.38234084844589233398 0.38828408718109130859 0.30712687969207763672 0.26476189494132995605 0.25791856646537780762
0.26416337490081787109 0.25257217884063720703 0.2512092888355255127 0.2548656165599822998 0.25702205300331115723 0.26186829805374145508 0.25833097100257873535 0.24495677649974822998 0.24610894918441772461 0.24610894918441772461 0.26295113563537597656 0.38937091827392578125 0.37039074301719665527 0.2401380687952041626 0.24465207755565643311 0.24500997364521026611 0.24919414520263671875 0.24919414520263671875 0.24287715554237365723 0.24196122586727142334 0.24373683333396911621 0.24897564947605133057 0.26082366704940795898 0.25756338238716125488 0.261455535888671875 0.261455535888671875 0.25 0.24917237460613250732 0.23766623437404632568 0.23411513864994049072 0.26299142837524414062 0.30065360665321350098 0.31620794534683227539 0.3096580207347869873 0.3096580207347869873 0.30764061212539672852 0.29308933019638061523 0.2659053802490234375 0.2680905461311340332
0.2668463587760925293 0.26030927896499633789 0.25668278336524963379 0.30890715122222900391 0.29582688212394714355 0.42535358667373657227 0.26802217960357666016 0.24607607722282409668 0.24607607722282409668 0.27025613188743591309 0.37307399511337280273 0.41118845343589782715 0.27607038617134094238 0.24693252146244049072 0.2423124164342880249 0.24901185929775238037 0.24669493734836578369 0.24669493734836578369 0.23793517053127288818 0.24034529924392700195 0.24063244462013244629 0.2364806830883026123 0.24975891411304473877 0.25909468531608581543 0.27079248428344726562 0.27079248428344726562 0.2547263801097869873 0.23479397594928741455 0.22508625686168670654 0.23271664977073669434 0.26133334636688232422 0.29127761721611022949 0.30309277772903442383 0.29416057467460632324 0.29416057467460632324 0.28199276328086853027 0.2849280238151550293 0.29893341660499572754 0.2805925905704498291
0.25663715600967407227 0.29219478368759155273 0.25646904110908508301 0.33828997611999511719 0.36184209585189819336 0.65958619117736816406 0.36957582831382751465 0.32036316394805908203 0.32036316394805908203 0.38352942466735839844 0.47975930571556091309 0.3075701296329498291 0.25557282567024230957 0.24955929815769195557 0.2441571354866027832 0.24550603330135345459 0.24120973050594329834 0.24120973050594329834 0.24513426423072814941 0.24769340455532073975 0.24405951797962188721 0.24520640075206756592 0.25018343329429626465 0.26705980300903320312 0.27473163604736328125 0.27473163604736328125 0.27332782745361328125 0.25669750571250915527 0.23534409701824188232 0.23693953454494476318 0.26006528735160827637 0.28663840889930725098 0.32703712582588195801 0.32703712582588195801 0.30761921405792236328 0.23754265904426574707 0.22421981394290924072 0.3094209134578704834 0.34861406683921813965
0.24542772769927978516 0.25760769844055175781 0.24992160499095916748 0.29824560880661010742 0.49223545193672180176 0.66188311576843261719 0.41563785076141357422 0.3596858680248260498 0.3596858680248260498 0.35016646981239318848 0.28842556476593017578 0.24820812046527862549 0.24795918166637420654 0.25126135349273681641 0.24937656521797180176 0.24277599155902862549 0.24277599155902862549 0.24284666776657104492 0.24811664223670959473 0.24747231602668762207 0.25123617053031921387 0.25766870379447937012 0.2616469264030456543 0.26455906033515930176 0.27649769186973571777 0.27649769186973571777 0.28004601597785949707 0.26604026556015014648 0.25088173151016235352 0.23994867503643035889 0.2452090531587600708 0.26768010854721069336 0.30822998285293579102 0.30822998285293579102 0.29852911829948425293 0.2385190427303314209 0.2152904123067855835 0.32451921701431274414 0.3758093714714050293
0.23610748350620269775 0.24085199832916259766 0.24531616270542144775 0.29040566086769104004 0.30803290009498596191 0.27912825345993041992 0.2715638577938079834 0.25165399909019470215 0.25165399909019470215 0.23868215084075927734 0.23957322537899017334 0.24535031616687774658 0.24813576042652130127 0.25126135349273681641 0.24511930346488952637 0.23987539112567901611 0.23987539112567901611 0.24416646361351013184 0.23852556943893432617 0.24031007289886474609 0.24929311871528625488 0.25051665306091308594 0.25077253580093383789 0.26712855696678161621 0.26712855696678161621 0.2696660161018371582 0.26860466599464416504 0.26615861058235168457 0.25920283794403076172 0.25554761290550231934 0.2599805295467376709 0.28669998049736022949 0.32714933156967163086 0.32714933156967163086 0.33021077513694763184 0.26640623807907104492 0.33155956864356994629 0.44374394416809082031 0.45113721489906311035
0.24372759461402893066 0.24872824549674987793 0.27105665206909179688 0.34330075979232788086 0.25013536214828491211 0.24280665814876556396 0.24108910560607910156 0.24108910560607910156 0.24729111790657043457 0.2444235682487487793 0.24371327459812164307 0.24163027107715606689 0.24854023754596710205 0.25231307744979858398 0.23785047233104705811 0.2262640148401260376 0.2262640148401260376 0.24113306403160095215 0.24086894094944000244 0.23841059207916259766 0.23907332122325897217 0.23818393051624298096 0.24566338956356048584 0.24733728170394897461 0.24733728170394897461 0.25408837199211120605 0.25972259044647216797 0.26746851205825805664 0.26548671722412109375 0.26344230771064758301 0.26360726356506347656 0.3248901665210723877 0.41818180680274963379 0.41818180680274963379 0.49417793750762939453 0.36818587779998779297 0.53372275829315185547 0.59568732976913452148 0.48072633147239685059
0.24495080113410949707 0.23819859325885772705 0.29738670587539672852 0.35825711488723754883 0.24019087851047515869 0.23836462199687957764 0.23883204162120819092 0.23883204162120819092 0.24646168947219848633 0.24460606276988983154 0.23854166269302368164 0.24374374747276306152 0.24045708775520324707 0.24149659276008605957 0.23569023609161376953 0.23201856017112731934 0.23201856017112731934 0.23745353519916534424 0.23584464192390441895 0.23915094137191772461 0.24242424964904785156 0.24213679134845733643 0.24244771897792816162 0.25785169005393981934 0.25785169005393981934 0.25364020466804504395 0.27418181300163269043 0.27721413969993591309 0.27682277560234069824 0.27808257937431335449 0.26976090669631958008 0.34832134842872619629 0.34832134842872619629 0.58763587474822998047 0.70667415857315063477 0.51126426458358764648 0.59672528505325317383 0.6384512782096862793 0.53140097856521606445
0.24160523712635040283 0.26869028806686401367 0.32965010404586791992 0.25888052582740783691 0.23540194332599639893 0.23644933104515075684 0.24171842634677886963 0.24171842634677886963 0.24348473548889160156 0.23775056004524230957 0.24298316240310668945 0.24383211135864257812 0.24239498376846313477 0.24013474583625793457 0.24239934980869293213 0.24239934980869293213 0.23787409067153930664 0.23816460371017456055 0.23189431428909301758 0.23270739614963531494 0.24127465486526489258 0.23858696222305297852 0.24855841696262359619 0.25060996413230895996 0.25060996413230895996 0.24813896417617797852 0.26264441013336181641 0.26348388195037841797 0.35267722606658935547 0.34183219075202941895 0.279331207275390625 0.26455807685852050781 0.26455807685852050781 0.33887884020805358887 0.4622236788272857666 0.33921882510185241699 0.31882932782173156738 0.4432989656925201416 0.53394293785095214844
