samples/ndvi/map_ndvi_2017-08-07.asc
ncols        322
nrows        306
xllcorner    -53.726171018035
yllcorner    -28.476684338117
cellsize     0.000269494585
NODATA_value  -9999
[rows 34 to 50 of 306, columns 273 to 311 of 322]
0.76528775691986083984 0.72117203474044799805 0.67682319879531860352 0.64862048625946044922 0.58326542377471923828 0.54984289407730102539 0.68791210651397705078 0.68791210651397705078 0.67860960960388183594 0.68349105119705200195 0.69932258129119873047 0.71841901540756225586 0.74743854999542236328 0.75471699237823486328 0.75183588266372680664 0.75471699237823486328 0.74942934513092041016 0.75310522317886352539 0.74272751808166503906 0.52736604213714599609 0.59245741367340087891 0.74664765596389770508 0.72782957553863525391 0.72782957553863525391 0.74579828977584838867 0.78910720348358154297 0.79225265979766845703 0.78470110893249511719 0.78360652923583984375 0.78471302986145019531 0.77295774221420288086 0.774501800537109375 0.774501800537109375 0.75104165077209472656 0.75102669000625610352 0.75582027435302734375 0.75911599397659301758 0.76326966285705566406 0.74713230133056640625
0.80508476495742797852 0.8017571568489074707 0.78330290317535400391 0.70381760597229003906 0.54049062728881835938 0.62301695346832275391 0.62301695346832275391 0.68908250331878662109 0.68957281112670898438 0.69073247909545898438 0.69743049144744873047 0.70152390003204345703 0.73350512981414794922 0.76225554943084716797 0.75471699237823486328 0.74857437610626220703 0.75601112842559814453 0.75158429145812988281 0.68787109851837158203 0.49660250544548034668 0.47307574748992919922 0.66290181875228881836 0.71723204851150512695 0.71723204851150512695 0.69287794828414916992 0.74546384811401367188 0.7692692875862121582 0.77129930257797241211 0.77225464582443237305 0.78527289628982543945 0.78145873546600341797 0.79146665334701538086 0.79146665334701538086 0.76949876546859741211 0.74254316091537475586 0.76056337356567382812 0.77574491500854492188 0.7599124908447265625 0.73917806148529052734
0.80755126476287841797 0.80687832832336425781 0.81127983331680297852 0.69370818138122558594 0.58823531866073608398 0.68562233448028564453 0.68562233448028564453 0.70056647062301635742 0.7042967677116394043 0.69034993648529052734 0.69218373298645019531 0.69890171289443969727 0.71473848819732666016 0.74178278446197509766 0.74857437610626220703 0.75706213712692260742 0.76467621326446533203 0.74374526739120483398 0.58104318380355834961 0.46356165409088134766 0.45642933249473571777 0.47732052206993103027 0.70905971527099609375 0.70905971527099609375 0.72236078977584838867 0.70229005813598632812 0.7295017242431640625 0.73364365100860595703 0.7605921626091003418 0.76570546627044677734 0.75054585933685302734 0.75054585933685302734 0.74671053886413574219 0.77676415443420410156 0.76216512918472290039 0.76608812808990478516 0.78571426868438720703 0.77119082212448120117 0.75068342685699462891
0.80940061807632446289 0.80494207143783569336 0.80782759189605712891 0.65669476985931396484 0.70883589982986450195 0.69899481534957885742 0.69899481534957885742 0.71163040399551391602 0.7038440704345703125 0.66754895448684692383 0.69234925508499145508 0.7007535099983215332 0.7088267207145690918 0.72766184806823730469 0.72766184806823730469 0.750453948974609375 0.76179426908493041992 0.66639935970306396484 0.48036757111549377441 0.45622363686561584473 0.44966104626655578613 0.40523394942283630371 0.51872605085372924805 0.51872605085372924805 0.70422124862670898438 0.70461541414260864258 0.70237123966217041016 0.70984178781509399414 0.72729676961898803711 0.73383826017379760742 0.74090409278869628906 0.74090409278869628906 0.74225664138793945312 0.76788550615310668945 0.78853702545166015625 0.78369826078414916992 0.78720122575759887695 0.78667342662811279297 0.76808565855026245117
0.80107045173645019531 0.79951846599578857422 0.7567049860954284668 0.69540739059448242188 0.76822322607040405273 0.71684890985488891602 0.71684890985488891602 0.69920700788497924805 0.70524019002914428711 0.70662289857864379883 0.69953310489654541016 0.6984952092170715332 0.70224410295486450195 0.71451741456985473633 0.71451741456985473633 0.73551106452941894531 0.71539098024368286133 0.5208333134651184082 0.45689412951469421387 0.44617867469787597656 0.44518104195594787598 0.43115234375 0.43115234375 0.39287671446800231934 0.58152341842651367188 0.72209566831588745117 0.72133845090866088867 0.7209174036979675293 0.73748975992202758789 0.73410403728485107422 0.75772494077682495117 0.75772494077682495117 0.77723574638366699219 0.78375554084777832031 0.79551893472671508789 0.791919708251953125 0.79634332656860351562 0.79212915897369384766 0.79048609733581542969
0.80259042978286743164 0.75223672389984130859 0.71609699726104736328 0.74869108200073242188 0.77423942089080810547 0.77423942089080810547 0.77090489864349365234 0.71735441684722900391 0.70955270528793334961 0.71737325191497802734 0.70997482538223266602 0.7135607600212097168 0.71428573131561279297 0.70720845460891723633 0.70720845460891723633 0.63748598098754882812 0.55750602483749389648 0.45373889803886413574 0.46080192923545837402 0.44799768924713134766 0.43943509459495544434 0.4354140162467956543 0.4354140162467956543 0.39173471927642822266 0.46070063114166259766 0.71023064851760864258 0.73687118291854858398 0.73751389980316162109 0.7481562495231628418 0.74773287773132324219 0.77405405044555664062 0.77405405044555664062 0.78586608171463012695 0.77741932868957519531 0.80203706026077270508 0.80058342218399047852 0.7875607609748840332 0.78607809543609619141 0.77313119173049926758
0.77455407381057739258 0.67388951778411865234 0.75116008520126342773 0.76894479990005493164 0.77531284093856811523 0.77531284093856811523 0.77604615688323974609 0.77292835712432861328 0.67506229877471923828 0.63355886936187744141 0.65882354974746704102 0.6428985595703125 0.6332461237907409668 0.63327676057815551758 0.63327676057815551758 0.63748598098754882812 0.48064514994621276855 0.48938947916030883789 0.47358429431915283203 0.46915888786315917969 0.45663040876388549805 0.4331315457820892334 0.4331315457820892334 0.4106152653694152832 0.41558441519737243652 0.55852842330932617188 0.75970530509948730469 0.74823194742202758789 0.77022212743759155273 0.76954507827758789062 0.76954507827758789062 0.78546893596649169922 0.78599947690963745117 0.78058147430419921875 0.80558538436889648438 0.7848033905029296875 0.75378984212875366211 0.72783708572387695312 0.68584322929382324219
0.68972748517990112305 0.61418074369430541992 0.76507937908172607422 0.76745527982711791992 0.78011083602905273438 0.78011083602905273438 0.77751755714416503906 0.78099173307418823242 0.69585520029067993164 0.48140102624893188477 0.41496598720550537109 0.45360195636749267578 0.44396552443504333496 0.44396552443504333496 0.45390069484710693359 0.5049126744270324707 0.53769510984420776367 0.55275475978851318359 0.52613878250122070312 0.47530668973922729492 0.45352113246917724609 0.43882352113723754883 0.43882352113723754883 0.43696519732475280762 0.43082788586616516113 0.44136711955070495605 0.63849472999572753906 0.75198638439178466797 0.77027028799057006836 0.75427174568176269531 0.75427174568176269531 0.76807069778442382812 0.79605960845947265625 0.78683561086654663086 0.75541126728057861328 0.68693691492080688477 0.65114945173263549805 0.71639347076416015625 0.72650504112243652344
0.49494948983192443848 0.67116564512252807617 0.75267881155014038086 0.76789838075637817383 0.7829005122184753418 0.7829005122184753418 0.78577697277069091797 0.78501439094543457031 0.77647745609283447266 0.57912743091583251953 0.4211711585521697998 0.41753965616226196289 0.4482758641242980957 0.4482758641242980957 0.51138579845428466797 0.5593426823616027832 0.51206833124160766602 0.50871872901916503906 0.53354859352111816406 0.50989633798599243164 0.45652174949645996094 0.45219001173973083496 0.45219001173973083496 0.45063057541847229004 0.4403050839900970459 0.42258441448211669922 0.48984348773956298828 0.71619570255279541016 0.73348522186279296875 0.70815217494964599609 0.70815217494964599609 0.75592482089996337891 0.76070314645767211914 0.65451282262802124023 0.68603986501693725586 0.68369406461715698242 0.71954423189163208008 0.76393997669219970703 0.76393997669219970703
0.64169591665267944336 0.74582129716873168945 0.76116007566452026367 0.77275329828262329102 0.7863222956657409668 0.7863222956657409668 0.79240202903747558594 0.79012709856033325195 0.78974652290344238281 0.73957741260528564453 0.54506921768188476562 0.49717512726783752441 0.60691469907760620117 0.60691469907760620117 0.64748203754425048828 0.5150267481803894043 0.34744268655776977539 0.47402077913284301758 0.53659337759017944336 0.54365682601928710938 0.49922239780426025391 0.49922239780426025391 0.47381946444511413574 0.45348837971687316895 0.43793320655822753906 0.44888618588447570801 0.46713042259216308594 0.51954936981201171875 0.68458092212677001953 0.68513584136962890625 0.68513584136962890625 0.67349261045455932617 0.59697884321212768555 0.65411269664764404297 0.74108397960662841797 0.75511378049850463867 0.72661870718002319336 0.73142343759536743164 0.73142343759536743164
0.76520752906799316406 0.76522457599639892578 0.76852625608444213867 0.76959818601608276367 0.76959818601608276367 0.78529757261276245117 0.79602885246276855469 0.78608697652816772461 0.76418960094451904297 0.76372808218002319336 0.70176786184310913086 0.68941855430603027344 0.67647057771682739258 0.67647057771682739258 0.68826067447662353516 0.15698178112506866455 -0.038548752665519714355 0.16072979569435119629 0.3928012549877166748 0.60774058103561401367 0.57508105039596557617 0.57508105039596557617 0.52259993553161621094 0.50906735658645629883 0.46758803725242614746 0.47493404150009155273 0.53212028741836547852 0.48625954985618591309 0.59089338779449462891 0.59089338779449462891 0.69652444124221801758 0.65115630626678466797 0.70361727476119995117 0.73302245140075683594 0.73671919107437133789 0.72316718101501464844 0.711124420166015625 0.70063889026641845703 0.70063889026641845703
0.78396624326705932617 0.76863610744476318359 0.76512455940246582031 0.76714247465133666992 0.76714247465133666992 0.78627806901931762695 0.79381442070007324219 0.75745660066604614258 0.69312834739685058594 0.75138300657272338867 0.77902621030807495117 0.75323313474655151367 0.75323313474655151367 0.66186505556106567383 0.56952214241027832031 0.014111006632447242737 0.44635865092277526855 0.44237208366394042969 0.57839888334274291992 0.63788765668869018555 0.50543481111526489258 0.50543481111526489258 0.31968146562576293945 0.55440413951873779297 0.53611320257186889648 0.54296576976776123047 0.58125793933868408203 0.51643401384353637695 0.59028232097625732422 0.59028232097625732422 0.72252357006072998047 0.73248761892318725586 0.72753292322158813477 0.71420150995254516602 0.70609319210052490234 0.71529412269592285156 0.71555292606353759766 0.70401692390441894531 0.70401692390441894531
0.78757512569427490234 0.767734527587890625 0.77271401882171630859 0.7779216766357421875 0.7779216766357421875 0.7899608612060546875 0.80972081422805786133 0.75 0.70301622152328491211 0.78045934438705444336 0.77238953113555908203 0.76643991470336914062 0.76643991470336914062 0.70463848114013671875 0.60217809677124023438 0.50490361452102661133 0.44635865092277526855 0.59631276130676269531 0.6473000645637512207 0.61358678340911865234 0.35909089446067810059 0.35909089446067810059 -0.14377510547637939453 0.44933268427848815918 0.57240206003189086914 0.54833948612213134766 0.58101356029510498047 0.52452266216278076172 0.60565233230590820312 0.60565233230590820312 0.74282431602478027344 0.72439587116241455078 0.71236085891723632812 0.69436997175216674805 0.69877719879150390625 0.722835540771484375 0.72399526834487915039 0.72399526834487915039 0.71868395805358886719
0.78924989700317382812 0.77831619977951049805 0.78493893146514892578 0.80260705947875976562 0.80260705947875976562 0.77674084901809692383 0.75992190837860107422 0.71470761299133300781 0.72022330760955810547 0.76238334178924560547 0.76557266712188720703 0.69316190481185913086 0.69316190481185913086 0.63823807239532470703 0.60144454240798950195 0.55476611852645874023 0.56055992841720581055 0.55785953998565673828 0.62466073036193847656 0.65061014890670776367 0.65061014890670776367 0.58610159158706665039 0.54666668176651000977 0.60124182701110839844 0.60531312227249145508 0.53305035829544067383 0.50556391477584838867 0.56066566705703735352 0.49892318248748779297 0.49892318248748779297 0.75782155990600585938 0.72307693958282470703 0.69239836931228637695 0.68934911489486694336 0.70705884695053100586 0.71638715267181396484 0.72197836637496948242 0.72197836637496948242 0.72222220897674560547
0.77039456367492675781 0.79004526138305664062 0.78347104787826538086 0.78347104787826538086 0.78430777788162231445 0.68061369657516479492 0.71344262361526489258 0.73573571443557739258 0.72521328926086425781 0.73604059219360351562 0.70489084720611572266 0.61702126264572143555 0.61702126264572143555 0.69917958974838256836 0.70793354511260986328 0.56089568138122558594 0.54917532205581665039 0.41387704014778137207 0.48829430341720581055 0.59170538187026977539 0.59170538187026977539 0.65915697813034057617 0.64084732532501220703 0.60152769088745117188 0.64374297857284545898 0.54481548070907592773 0.49836939573287963867 0.49799427390098571777 0.49799427390098571777 0.48362100124359130859 0.74955278635025024414 0.71283882856369018555 0.70718401670455932617 0.72508794069290161133 0.72547882795333862305 0.72053176164627075195 0.73572689294815063477 0.73572689294815063477 0.7322323918342590332
0.79246532917022705078 0.77202749252319335938 0.76387012004852294922 0.76387012004852294922 0.61024951934814453125 0.41975307464599609375 0.60832482576370239258 0.75688344240188598633 0.74913096427917480469 0.69172495603561401367 0.62278789281845092773 0.62278789281845092773 0.65297448635101318359 0.74627465009689331055 0.68677735328674316406 0.41880857944488525391 0.37492778897285461426 0.37126377224922180176 0.37804877758026123047 0.39148935675621032715 0.39148935675621032715 0.42146825790405273438 0.50286805629730224609 0.55236542224884033203 0.60058522224426269531 0.58721113204956054688 0.51880562305450439453 0.46244826912879943848 0.46244826912879943848 0.54371142387390136719 0.73028296232223510742 0.71845239400863647461 0.70903617143630981445 0.73642963171005249023 0.75542855262756347656 0.75394320487976074219 0.74812245368957519531 0.74812245368957519531 0.73678094148635864258
0.75446772575378417969 0.76705968379974365234 0.70425140857696533203 0.70425140857696533203 0.50867825746536254883 0.45104333758354187012 0.67908132076263427734 0.76583379507064819336 0.73387753963470458984 0.66159218549728393555 0.66717827320098876953 0.66717827320098876953 0.71820127964019775391 0.67537885904312133789 0.51171576976776123047 0.44013395905494689941 0.41173136234283447266 0.36606654524803161621 0.3698094785213470459 0.37405693531036376953 0.37405693531036376953 0.3793271481990814209 0.38724726438522338867 0.4455331265926361084 0.55846709012985229492 0.57490241527557373047 0.53566354513168334961 0.48556277155876159668 0.48556277155876159668 0.5669002532958984375 0.75622773170471191406 0.75014835596084594727 0.72557300329208374023 0.74882078170776367188 0.77448749542236328125 0.77809149026870727539 0.77809149026870727539 0.76490437984466552734 0.7515633702278137207
