samples/ndvi/map_ndvi_2017-04-17.asc
ncols        322
nrows        306
xllcorner    -53.726171018035
yllcorner    -28.476684338117
cellsize     0.000269494585
NODATA_value  -9999
[rows 119 to 135 of 306, columns 117 to 155 of 322]
0.23675133287906646729 0.23675133287906646729 0.23729863762855529785 0.23441775143146514893 0.23223312199115753174 0.23562705516815185547 0.23232322931289672852 0.22800000011920928955 0.22932116687297821045 0.22932116687297821045 0.22949886322021484375 0.23127572238445281982 0.23138511180877685547 0.27267789840698242188 0.26702648401260375977 0.25243216753005981445 0.24689266085624694824 0.24689266085624694824 0.25660547614097595215 0.20419579744338989258 0.23822104930877685547 0.25216504931449890137 0.23037974536418914795 0.21793863177299499512 0.23166258633136749268 0.23285979032516479492 0.23285979032516479492 0.24164278805255889893 0.22390723228454589844 0.23090691864490509033 0.23231707513332366943 0.24287901818752288818 0.23981641232967376709 0.2468407750129699707 0.2468407750129699707 0.24117164313793182373 0.2357028275728225708 0.2321570664644241333 0.22872175276279449463
0.23384715616703033447 0.23642276227474212646 0.23514211177825927734 0.23052664101123809814 0.22901234030723571777 0.23453766107559204102 0.23864324390888214111 0.23906530439853668213 0.23691216111183166504 0.23691216111183166504 0.23615494370460510254 0.23610720038414001465 0.25923869013786315918 0.28723403811454772949 0.26664912700653076172 0.25793957710266113281 0.25801447033882141113 0.25801447033882141113 0.2416467815637588501 0.24672406911849975586 0.26234656572341918945 0.246259346604347229 0.24925914406776428223 0.24885696172714233398 0.25170511007308959961 0.25170511007308959961 0.23770183324813842773 0.23402646183967590332 0.21639731526374816895 0.22423444688320159912 0.22554002702236175537 0.23136785626411437988 0.24040165543556213379 0.24200645089149475098 0.24200645089149475098 0.24211712181568145752 0.23763440549373626709 0.22848200798034667969 0.22546972334384918213
0.23061889410018920898 0.22816166281700134277 0.23212537169456481934 0.23815746605396270752 0.23775772750377655029 0.23242558538913726807 0.22966207563877105713 0.23393636941909790039 0.23393636941909790039 0.23785957694053649902 0.23359254002571105957 0.24189996719360351562 0.27614703774452209473 0.27476635575294494629 0.2689253687858581543 0.27081692218780517578 0.26782885193824768066 0.26782885193824768066 0.26400443911552429199 0.26621803641319274902 0.26234656572341918945 0.27023810148239135742 0.27227258682250976562 0.27088430523872375488 0.24494189023971557617 0.24494189023971557617 0.24424479901790618896 0.23161581158638000488 0.22506527602672576904 0.20455437898635864258 0.21811680495738983154 0.24044814705848693848 0.24478062987327575684 0.24571783840656280518 0.24571783840656280518 0.24889282882213592529 0.24472807347774505615 0.24384303390979766846 0.23622880876064300537
0.23875661194324493408 0.24310117959976196289 0.23162004351615905762 0.22637219727039337158 0.23106795549392700195 0.23615531623363494873 0.23656578361988067627 0.23325213789939880371 0.23325213789939880371 0.23277467489242553711 0.2466249614953994751 0.25334203243255615234 0.25302594900131225586 0.25166296958923339844 0.2564239799976348877 0.26429674029350280762 0.27000516653060913086 0.27000516653060913086 0.25895088911056518555 0.25837445259094238281 0.25746876001358032227 0.29380214214324951172 0.31379309296607971191 0.28829914331436157227 0.29613313078880310059 0.29613313078880310059 0.26834863424301147461 0.24870167672634124756 0.24282982945442199707 0.242115020751953125 0.23424570262432098389 0.24552744626998901367 0.24647454917430877686 0.24647454917430877686 0.24407510459423065186 0.24268917739391326904 0.25367531180381774902 0.23919659852981567383 0.23485477268695831299
0.23734675347805023193 0.23609787225723266602 0.23709368705749511719 0.23800444602966308594 0.23559214174747467041 0.23575700819492340088 0.23624999821186065674 0.23856920003890991211 0.23856920003890991211 0.24197138845920562744 0.25722053647041320801 0.25938010215759277344 0.2388149946928024292 0.23193033039569854736 0.23236282169818878174 0.24012979865074157715 0.24012979865074157715 0.2494646608829498291 0.26961883902549743652 0.26553967595100402832 0.27523413300514221191 0.26715001463890075684 0.30376791954040527344 0.29636299610137939453 0.27695238590240478516 0.27695238590240478516 0.28003031015396118164 0.260318756103515625 0.24935732781887054443 0.23317411541938781738 0.23816013336181640625 0.24524773657321929932 0.23950468003749847412 0.23950468003749847412 0.23995201289653778076 0.23485584557056427002 0.22544169425964355469 0.23405632376670837402 0.23857268691062927246
0.23897059261798858643 0.23818349838256835938 0.23659889400005340576 0.23237277567386627197 0.23696534335613250732 0.23951537907123565674 0.23754203319549560547 0.22912858426570892334 0.22912858426570892334 0.24250160157680511475 0.26565590500831604004 0.25951558351516723633 0.24392494559288024902 0.2374013364315032959 0.23720386624336242676 0.23368655145168304443 0.23368655145168304443 0.23820161819458007812 0.24554342031478881836 0.25406000018119812012 0.26044353842735290527 0.26566833257675170898 0.28185096383094787598 0.30250734090805053711 0.30250734090805053711 0.29963418841361999512 0.29734790325164794922 0.2940813899040222168 0.29847645759582519531 0.26813879609107971191 0.25615140795707702637 0.26719811558723449707 0.26385390758514404297 0.26385390758514404297 0.24617432057857513428 0.24247436225414276123 0.24377411603927612305 0.2393220365047454834 0.22578445076942443848
0.26017263531684875488 0.24772369861602783203 0.23632934689521789551 0.23511166870594024658 0.23518519103527069092 0.23524013161659240723 0.23477734625339508057 0.23484149575233459473 0.23484149575233459473 0.26278996467590332031 0.26341462135314941406 0.24857571721076965332 0.24856884777545928955 0.25119331479072570801 0.23765252530574798584 0.23102585971355438232 0.23102585971355438232 0.22651328146457672119 0.23379175364971160889 0.23867595195770263672 0.24831838905811309814 0.24295301735401153564 0.25060826539993286133 0.28328076004981994629 0.28328076004981994629 0.30625221133232116699 0.31507730484008789062 0.30526316165924072266 0.31896552443504333496 0.28470435738563537598 0.2622356414794921875 0.28297945857048034668 0.25929090380668640137 0.25929090380668640137 0.24548439681529998779 0.24405594170093536377 0.22982634603977203369 0.22368916869163513184 0.22749346494674682617
0.26098027825355529785 0.25411689281463623047 0.23952670395374298096 0.23283295333385467529 0.23471650481224060059 0.23275068402290344238 0.23320157825946807861 0.23320157825946807861 0.25479987263679504395 0.28337532281875610352 0.28606358170509338379 0.24330356717109680176 0.24512764811515808105 0.25520974397659301758 0.24633821845054626465 0.23541666567325592041 0.23541666567325592041 0.23179830610752105713 0.22833786904811859131 0.21667645871639251709 0.23113836348056793213 0.22634407877922058105 0.22290939092636108398 0.26736602187156677246 0.26736602187156677246 0.31034481525421142578 0.29377502202987670898 0.30398613214492797852 0.32868063449859619141 0.30906638503074645996 0.27360442280769348145 0.2972450554370880127 0.2972450554370880127 0.25968992710113525391 0.27540361881256103516 0.26233184337615966797 0.25438067317008972168 0.25606936216354370117 0.24043563008308410645
0.24461957812309265137 0.2473186105489730835 0.24039377272129058838 0.23257288336753845215 0.23634131252765655518 0.22341975569725036621 0.23027656972408294678 0.23027656972408294678 0.26846274733543395996 0.24282628297805786133 0.2660439908504486084 0.24979569017887115479 0.23853459954261779785 0.24219590425491333008 0.2464971393346786499 0.2464971393346786499 0.24830189347267150879 0.24417731165885925293 0.24216675758361816406 0.22555980086326599121 0.22797273099422454834 0.22634407877922058105 0.24135911464691162109 0.24062675237655639648 0.24062675237655639648 0.28141710162162780762 0.273403167724609375 0.26195028424263000488 0.27545911073684692383 0.28047868609428405762 0.26948192715644836426 0.30021291971206665039 0.30021291971206665039 0.27922561764717102051 0.26865673065185546875 0.26298832893371582031 0.25920918583869934082 0.25893381237983703613 0.25161612033843994141
0.24041812121868133545 0.24093188345432281494 0.23305207490921020508 0.23245984315872192383 0.22379760444164276123 0.23165704309940338135 0.23601950705051422119 0.23601950705051422119 0.24737456440925598145 0.21844127774238586426 0.23233994841575622559 0.23973363637924194336 0.24027585983276367188 0.23556271195411682129 0.23532468080520629883 0.23532468080520629883 0.23651240766048431396 0.24445576965808868408 0.24343797564506530762 0.23553718626499176025 0.23559670150279998779 0.23554542660713195801 0.22471599280834197998 0.2294117659330368042 0.2294117659330368042 0.23246650397777557373 0.23396520316600799561 0.23936443030834197998 0.25776132941246032715 0.26598560810089111328 0.28664988279342651367 0.28763249516487121582 0.28763249516487121582 0.29200652241706848145 0.27593508362770080566 0.28088700771331787109 0.2723153531551361084 0.26357197761535644531 0.27177700400352478027
0.34920191764831542969 0.21652986109256744385 0.22609175741672515869 0.22614450752735137939 0.22301761806011199951 0.22649452090263366699 0.22884386777877807617 0.22884386777877807617 0.22773393988609313965 0.21614445745944976807 0.21723043918609619141 0.22675797343254089355 0.2332353740930557251 0.23986217379570007324 0.23744769394397735596 0.23744769394397735596 0.23753213882446289062 0.2390969693660736084 0.23960193991661071777 0.24278181791305541992 0.24474139511585235596 0.23553718626499176025 0.23886232078075408936 0.23886232078075408936 0.23164682090282440186 0.2255236208438873291 0.22891566157341003418 0.23385731875896453857 0.23578508198261260986 0.2280575484037399292 0.23456789553165435791 0.27955493330955505371 0.27955493330955505371 0.28786790370941162109 0.29978737235069274902 0.29213482141494750977 0.28520178794860839844 0.28884986042976379395 0.25657236576080322266
0.55013263225555419922 0.3615601658821105957 0.25 0.22838994860649108887 0.22639933228492736816 0.23394083976745605469 0.23394083976745605469 0.21754807233810424805 0.2228479534387588501 0.22139830887317657471 0.21709129214286804199 0.21855345368385314941 0.21986550092697143555 0.22349351644515991211 0.22881574928760528564 0.22881574928760528564 0.24505408108234405518 0.23846755921840667725 0.23341901600360870361 0.23792576789855957031 0.24010024964809417725 0.2415841519832611084 0.23944374918937683105 0.23944374918937683105 0.24051895737648010254 0.24629811942577362061 0.23816496133804321289 0.23099273443222045898 0.23909847438335418701 0.25056818127632141113 0.23639504611492156982 0.23639504611492156982 0.25429552793502807617 0.27860695123672485352 0.29926410317420959473 0.297763824462890625 0.30246451497077941895 0.29623568058013916016 0.24121211469173431396
0.85802853107452392578 0.72118115425109863281 0.33259239792823791504 0.23185941576957702637 0.22992490231990814209 0.24008741974830627441 0.24008741974830627441 0.22111269831657409668 0.22450067102909088135 0.22896072268486022949 0.22355449199676513672 0.22116401791572570801 0.2213030010461807251 0.22244691848754882812 0.22931562364101409912 0.22931562364101409912 0.23426482081413269043 0.2431300729513168335 0.24459673464298248291 0.24368421733379364014 0.23863343894481658936 0.23930108547210693359 0.24253419041633605957 0.24253419041633605957 0.24041621387004852295 0.2451238781213760376 0.24943819642066955566 0.24275183677673339844 0.23419892787933349609 0.22938080132007598877 0.22991544008255004883 0.22991544008255004883 0.2388935387134552002 0.26995733380317687988 0.30168843269348144531 0.30897009372711181641 0.29411765933036804199 0.27028036117553710938 0.25971528887748718262
0.86425608396530151367 0.66805672645568847656 0.29041486978530883789 0.24521739780902862549 0.23878787457942962646 0.23766273260116577148 0.23766273260116577148 0.22520548105239868164 0.22639977931976318359 0.22844827175140380859 0.22874765098094940186 0.22457741200923919678 0.21813333034515380859 0.21870917081832885742 0.21870917081832885742 0.22372528910636901855 0.2297751307487487793 0.22597007453441619873 0.22532683610916137695 0.22800624370574951172 0.25131440162658691406 0.25272968411445617676 0.25431805849075317383 0.25431805849075317383 0.24760191142559051514 0.24136039614677429199 0.2436231076717376709 0.24911212921142578125 0.24702380597591400146 0.24437780678272247314 0.23927937448024749756 0.23927937448024749756 0.24174980819225311279 0.24909746646881103516 0.28925138711929321289 0.3017425835132598877 0.29429987072944641113 0.25884193181991577148 0.23849104344844818115
0.78579002618789672852 0.44723331928253173828 0.2535406947135925293 0.24985606968402862549 0.22563177347183227539 0.22892239689826965332 0.22892239689826965332 0.22879037261009216309 0.2293427884578704834 0.22946794331073760986 0.22518025338649749756 0.22433035075664520264 0.22274617850780487061 0.21797272562980651855 0.21797272562980651855 0.22157588601112365723 0.22555205225944519043 0.22668768465518951416 0.2283057868480682373 0.23201620578765869141 0.26847621798515319824 0.2743212580680847168 0.2743212580680847168 0.24066029489040374756 0.25694873929023742676 0.26583743095397949219 0.24986025691032409668 0.24603387713432312012 0.24662512540817260742 0.25087985396385192871 0.2528075873851776123 0.2528075873851776123 0.24897751212120056152 0.24699872732162475586 0.26191103458404541016 0.28637680411338806152 0.28739693760871887207 0.25886836647987365723 0.24093022942543029785
0.32990750670433044434 0.27584236860275268555 0.24921315908432006836 0.23511904478073120117 0.21388970315456390381 0.21388970315456390381 0.23346090316772460938 0.23034329712390899658 0.22546857595443725586 0.22732362151145935059 0.2228571474552154541 0.22219076752662658691 0.22191323339939117432 0.21684440970420837402 0.21684440970420837402 0.22219258546829223633 0.22890295088291168213 0.2281160205602645874 0.22674418985843658447 0.22157280147075653076 0.22320708632469177246 0.2390804588794708252 0.2390804588794708252 0.25603577494621276855 0.26962873339653015137 0.2976525723934173584 0.27531838417053222656 0.26334005594253540039 0.25178670883178710938 0.24888539314270019531 0.2559553980827331543 0.2559553980827331543 0.26160019636154174805 0.25838759541511535645 0.24640657007694244385 0.26244953274726867676 0.29264748096466064453 0.26612433791160583496 0.25007578730583190918
0.24443106353282928467 0.24296081066131591797 0.24133846163749694824 0.22727273404598236084 0.22544328868389129639 0.22544328868389129639 0.23531049489974975586 0.23132263123989105225 0.22878021001815795898 0.22784091532230377197 0.22547033429145812988 0.22402505576610565186 0.22062553465366363525 0.22151723504066467285 0.22151723504066467285 0.22269807755947113037 0.22824649512767791748 0.22766122221946716309 0.22412431240081787109 0.22650147974491119385 0.22658610343933105469 0.24372230470180511475 0.24372230470180511475 0.24397590756416320801 0.24530662596225738525 0.2477788776159286499 0.26212319731712341309 0.27284026145935058594 0.27401295304298400879 0.26298251748085021973 0.26298251748085021973 0.25190839171409606934 0.25159317255020141602 0.25290256738662719727 0.27515399456024169922 0.27542263269424438477 0.26848247647285461426 0.27673518657684326172 0.25979506969451904297
