samples/ndvi/map_ndvi_2017-04-01.asc
ncols        322
nrows        306
xllcorner    -53.726171018035
yllcorner    -28.476684338117
cellsize     0.000269494585
NODATA_value  -9999
[rows 187 to 203 of 306, columns 117 to 155 of 322]
0.3590361475944519043 0.3535353541374206543 0.3535353541374206543 0.65065503120422363281 0.79094892740249633789 0.75704872608184814453 0.45435950160026550293 0.46185997128486633301 0.43929255008697509766 0.40424582362174987793 0.40424582362174987793 0.58846151828765869141 0.81427389383316040039 0.78654420375823974609 0.68845123052597045898 0.67705380916595458984 0.70108842849731445312 0.73039960861206054688 0.73039960861206054688 0.78486895561218261719 0.8257160186767578125 0.83294302225112915039 0.81973737478256225586 0.79730010032653808594 0.71403509378433227539 0.65961122512817382812 0.63091218471527099609 0.63091218471527099609 0.49824562668800354004 0.39703238010406494141 0.36218884587287902832 0.35440859198570251465 0.31996551156044006348 0.33759537339210510254 0.36897960305213928223 0.36897960305213928223 0.38785523176193237305 0.38207352161407470703 0.37821865081787109375
0.36713117361068725586 0.36713117361068725586 0.30511021614074707031 0.30399799346923828125 0.44528111815452575684 0.3894557952880859375 0.28070881962776184082 0.30344969034194946289 0.32697656750679016113 0.44430845975875854492 0.44430845975875854492 0.68758654594421386719 0.79184859991073608398 0.75413173437118530273 0.7175884246826171875 0.79820436239242553711 0.83116883039474487305 0.82113820314407348633 0.82113820314407348633 0.80963528156280517578 0.868465423583984375 0.90080571174621582031 0.89974939823150634766 0.89283102750778198242 0.89285713434219360352 0.89032864570617675781 0.87658166885375976562 0.87658166885375976562 0.80969768762588500977 0.67046892642974853516 0.50417470932006835938 0.68389540910720825195 0.49258580803871154785 0.35228183865547180176 0.34626495838165283203 0.34626495838165283203 0.36222130060195922852 0.37038591504096984863 0.37769407033920288086
0.2971585690975189209 0.2971585690975189209 0.2997347414493560791 0.30334571003913879395 0.29789632558822631836 0.30068337917327880859 0.3008225560188293457 0.44332391023635864258 0.67432874441146850586 0.83415001630783081055 0.83415001630783081055 0.84373819828033447266 0.83208167552947998047 0.84410643577575683594 0.86476868391036987305 0.87466037273406982422 0.88395905494689941406 0.8856226801872253418 0.8856226801872253418 0.83239805698394775391 0.85071873664855957031 0.90123021602630615234 0.90008765459060668945 0.89900052547454833984 0.89673036336898803711 0.89558088779449462891 0.89558088779449462891 0.89243876934051513672 0.88967466354370117188 0.88041746616363525391 0.83299314975738525391 0.68389540910720825195 0.7747135162353515625 0.58386325836181640625 0.39921721816062927246 0.39921721816062927246 0.35457846522331237793 0.34779018163681030273 0.34564316272735595703
0.28769093751907348633 0.28769093751907348633 0.2956822812557220459 0.29608526825904846191 0.29457944631576538086 0.31389960646629333496 0.53415411710739135742 0.77536505460739135742 0.87852334976196289062 0.87852334976196289062 0.88284069299697875977 0.88743823766708374023 0.88160675764083862305 0.88504129648208618164 0.89300829172134399414 0.90125524997711181641 0.89965987205505371094 0.90434783697128295898 0.90434783697128295898 0.85634976625442504883 0.80379629135131835938 0.89909356832504272461 0.90570551156997680664 0.90271967649459838867 0.89856088161468505859 0.89334285259246826172 0.89334285259246826172 0.89626485109329223633 0.8951752781867980957 0.88765257596969604492 0.88385474681854248047 0.8729864954948425293 0.85807824134826660156 0.83727425336837768555 0.83727425336837768555 0.59471714496612548828 0.37075510621070861816 0.3637440800666809082 0.36280366778373718262
0.29185560345649719238 0.29185560345649719238 0.29327189922332763672 0.29427132010459899902 0.30752936005592346191 0.56266134977340698242 0.82768309116363525391 0.88005781173706054688 0.88681262731552124023 0.88681262731552124023 0.89254581928253173828 0.88737380504608154297 0.88857936859130859375 0.89859253168106079102 0.9013125300407409668 0.90149605274200439453 0.89905148744583129883 0.89905148744583129883 0.89689290523529052734 0.88935136795043945312 0.82422173023223876953 0.87940633296966552734 0.89598280191421508789 0.89522951841354370117 0.89443552494049072266 0.89607638120651245117 0.89607638120651245117 0.8968963623046875 0.89686727523803710938 0.89412385225296020508 0.88552421331405639648 0.8815281987190246582 0.8820273280143737793 0.89417439699172973633 0.89417439699172973633 0.83605939149856567383 0.53284370899200439453 0.3468093574047088623 0.36036393046379089355
0.29336589574813842773 0.29336589574813842773 0.2967376410961151123 0.32087954878807067871 0.52354568243026733398 0.83393365144729614258 0.87914860248565673828 0.88843774795532226562 0.88787668943405151367 0.88787668943405151367 0.88458132743835449219 0.88787347078323364258 0.89250302314758300781 0.89733129739761352539 0.89858967065811157227 0.89869999885559082031 0.89843219518661499023 0.89843219518661499023 0.90129780769348144531 0.89331483840942382812 0.83492177724838256836 0.82500952482223510742 0.8959725499153137207 0.89621621370315551758 0.89940619468688964844 0.9030157923698425293 0.9030157923698425293 0.89626264572143554688 0.89776921272277832031 0.89834058284759521484 0.89697921276092529297 0.89343976974487304688 0.88917928934097290039 0.88623279333114624023 0.88623279333114624023 0.88425111770629882812 0.76729434728622436523 0.44567257165908813477 0.37477296590805053711
0.29763051867485046387 0.30244582891464233398 0.31149542331695556641 0.5287310481071472168 0.81260585784912109375 0.88460165262222290039 0.88928067684173583984 0.89190125465393066406 0.89311933517456054688 0.89311933517456054688 0.89027947187423706055 0.89339238405227661133 0.89568161964416503906 0.89949917793273925781 0.90165024995803833008 0.90280991792678833008 0.9020163416862487793 0.9020163416862487793 0.89835727214813232422 0.89393937587738037109 0.82239091396331787109 0.83222621679306030273 0.89641714096069335938 0.89555948972702026367 0.90064269304275512695 0.90064269304275512695 0.90476191043853759766 0.90348154306411743164 0.90204221010208129883 0.90166753530502319336 0.89999997615814208984 0.89421892166137695312 0.89298826456069946289 0.88446003198623657227 0.88446003198623657227 0.88013517856597900391 0.85891181230545043945 0.64906829595565795898 0.40288379788398742676
0.29281345009803771973 0.29613563418388366699 0.48965230584144592285 0.80461072921752929688 0.87554585933685302734 0.88850414752960205078 0.89385092258453369141 0.88952779769897460938 0.88952779769897460938 0.8983395695686340332 0.9003499150276184082 0.8962662816047668457 0.89694589376449584961 0.89758324623107910156 0.90070211887359619141 0.90284478664398193359 0.90046447515487670898 0.90046447515487670898 0.89925622940063476562 0.89797300100326538086 0.85577982664108276367 0.85321444272994995117 0.89950281381607055664 0.89772313833236694336 0.90262699127197265625 0.90262699127197265625 0.90441429615020751953 0.90357267856597900391 0.903522491455078125 0.9011275172233581543 0.90116989612579345703 0.89834058284759521484 0.89742678403854370117 0.88502866029739379883 0.88502866029739379883 0.86659353971481323242 0.83494770526885986328 0.78508216142654418945 0.49068900942802429199
0.29757046699523925781 0.33507433533668518066 0.75751662254333496094 0.86962854862213134766 0.88494795560836791992 0.89066851139068603516 0.89468282461166381836 0.88932669162750244141 0.88932669162750244141 0.89518463611602783203 0.9019673466682434082 0.89801794290542602539 0.89506173133850097656 0.89806562662124633789 0.9002704620361328125 0.90175557136535644531 0.89795571565628051758 0.89795571565628051758 0.89926123619079589844 0.90106004476547241211 0.88193833827972412109 0.80213582515716552734 0.89991033077239990234 0.90236109495162963867 0.90216434001922607422 0.90216434001922607422 0.90351337194442749023 0.9016335606575012207 0.90076869726181030273 0.900684356689453125 0.90094172954559326172 0.90126490592956542969 0.89742678403854370117 0.8936436772346496582 0.87871015071868896484 0.85727524757385253906 0.85190695524215698242 0.84706783294677734375 0.73353421688079833984
0.3164405524730682373 0.54111510515213012695 0.85637009143829345703 0.87820744514465332031 0.88997215032577514648 0.8929068446159362793 0.8954181671142578125 0.89765888452529907227 0.89765888452529907227 0.90067869424819946289 0.90041768550872802734 0.90058970451354980469 0.89584392309188842773 0.89470082521438598633 0.89880251884460449219 0.90122628211975097656 0.90122628211975097656 0.9032471776008605957 0.89482414722442626953 0.88926517963409423828 0.86477762460708618164 0.80743306875228881836 0.89928823709487915039 0.90364402532577514648 0.90282404422760009766 0.90282404422760009766 0.90230089426040649414 0.90049576759338378906 0.89878833293914794922 0.89928823709487915039 0.89985942840576171875 0.89868074655532836914 0.8936436772346496582 0.87428569793701171875 0.87301003932952880859 0.87579214572906494141 0.87668526172637939453 0.86900842189788818359 0.84754222631454467773
0.40327867865562438965 0.7328274846076965332 0.8801250457763671875 0.88875156641006469727 0.89295679330825805664 0.89596164226531982422 0.89927816390991210938 0.90143871307373046875 0.90143871307373046875 0.90270268917083740234 0.90203946828842163086 0.8995787501335144043 0.89759242534637451172 0.89675211906433105469 0.89887642860412597656 0.90471464395523071289 0.90471464395523071289 0.90882825851440429688 0.90701413154602050781 0.90381425619125366211 0.86387431621551513672 0.80505281686782836914 0.88344657421112060547 0.90385293960571289062 0.90385293960571289062 0.90103238821029663086 0.90057224035263061523 0.90026903152465820312 0.89627230167388916016 0.89765608310699462891 0.90044289827346801758 0.89509731531143188477 0.87428569793701171875 0.87268996238708496094 0.89356434345245361328 0.88916695117950439453 0.88525468111038208008 0.87295889854431152344 0.86067247390747070312
0.56165558099746704102 0.83924442529678344727 0.88437443971633911133 0.89212775230407714844 0.89203447103500366211 0.89585840702056884766 0.89824265241622924805 0.89915126562118530273 0.89915126562118530273 0.90036654472351074219 0.89802080392837524414 0.90170508623123168945 0.89878952503204345703 0.89784491062164306641 0.89814037084579467773 0.90284591913223266602 0.90284591913223266602 0.90330618619918823242 0.90652388334274291992 0.90863275527954101562 0.89170277118682861328 0.80586373805999755859 0.88808405399322509766 0.90172076225280761719 0.90172076225280761719 0.89710378646850585938 0.89848810434341430664 0.89958459138870239258 0.89601892232894897461 0.89815151691436767578 0.89177411794662475586 0.84584903717041015625 0.87268996238708496094 0.89268827438354492188 0.89483129978179931641 0.89166963100433349609 0.88598066568374633789 0.87953531742095947266 0.87566798925399780273
0.74128282070159912109 0.86155033111572265625 0.88638836145401000977 0.89171308279037475586 0.89572471380233764648 0.89360964298248291016 0.89831662178039550781 0.89831662178039550781 0.89911985397338867188 0.89954024553298950195 0.89593607187271118164 0.89971679449081420898 0.89820361137390136719 0.89506679773330688477 0.90590560436248779297 0.89994961023330688477 0.89994961023330688477 0.90264165401458740234 0.90355837345123291016 0.90348702669143676758 0.90547263622283935547 0.8635151982307434082 0.88789808750152587891 0.8993167877197265625 0.8993167877197265625 0.89701414108276367188 0.89820146560668945312 0.89746356010437011719 0.89490967988967895508 0.88016372919082641602 0.86225473880767822266 0.87353718280792236328 0.87353718280792236328 0.89285713434219360352 0.89295369386672973633 0.89194005727767944336 0.89104920625686645508 0.88721936941146850586 0.87915623188018798828
0.81949311494827270508 0.87239682674407958984 0.88657367229461669922 0.89532840251922607422 0.89737343788146972656 0.89447504281997680664 0.89501404762268066406 0.89501404762268066406 0.89585143327713012695 0.89645683765411376953 0.8990376591682434082 0.90026682615280151367 0.89510375261306762695 0.89771783351898193359 0.90198719501495361328 0.90198719501495361328 0.90134680271148681641 0.90123045444488525391 0.90398162603378295898 0.90383666753768920898 0.89625650644302368164 0.85935252904891967773 0.86450165510177612305 0.8973357081413269043 0.8973357081413269043 0.89707976579666137695 0.89742666482925415039 0.88895040750503540039 0.87345147132873535156 0.86162078380584716797 0.88172441720962524414 0.89197027683258056641 0.89197027683258056641 0.89644706249237060547 0.89677190780639648438 0.89795917272567749023 0.89388328790664672852 0.88874977827072143555 0.88167595863342285156
0.85537773370742797852 0.88623309135437011719 0.88776820898056030273 0.89209669828414916992 0.89189189672470092773 0.88858747482299804688 0.89010596275329589844 0.89010596275329589844 0.89272570610046386719 0.8970788121223449707 0.8949686884880065918 0.89471894502639770508 0.89082741737365722656 0.89652216434478759766 0.90006774663925170898 0.90006774663925170898 0.90154153108596801758 0.89943575859069824219 0.90046602487564086914 0.90274560451507568359 0.89387071132659912109 0.82974845170974731445 0.86917918920516967773 0.89858156442642211914 0.89858156442642211914 0.8960387110710144043 0.88163715600967407227 0.85927915573120117188 0.86911290884017944336 0.88886857032775878906 0.89386284351348876953 0.89460521936416625977 0.89460521936416625977 0.89644706249237060547 0.89868533611297607422 0.89730018377304077148 0.89537149667739868164 0.89277470111846923828 0.89040142297744750977
0.87634938955307006836 0.89260011911392211914 0.88872569799423217773 0.8899250030517578125 0.88975518941879272461 0.88538682460784912109 0.88201439380645751953 0.88201439380645751953 0.89347261190414428711 0.89897286891937255859 0.89861905574798583984 0.89906990528106689453 0.89879518747329711914 0.89943367242813110352 0.89860022068023681641 0.89860022068023681641 0.90147620439529418945 0.89881050586700439453 0.90040647983551025391 0.90408229827880859375 0.89480876922607421875 0.7826086878776550293 0.87490987777709960938 0.87490987777709960938 0.89873415231704711914 0.87681162357330322266 0.85924208164215087891 0.88419520854949951172 0.89410090446472167969 0.89473682641983032227 0.8967946171760559082 0.89860939979553222656 0.89860939979553222656 0.89792716503143310547 0.89730107784271240234 0.89749866724014282227 0.89635318517684936523 0.89482879638671875 0.89495509862899780273
0.88310188055038452148 0.89417207241058349609 0.89007747173309326172 0.88695812225341796875 0.88217747211456298828 0.88554871082305908203 0.88554871082305908203 0.89231848716735839844 0.89489954710006713867 0.89433306455612182617 0.89453399181365966797 0.89858573675155639648 0.90023916959762573242 0.89864408969879150391 0.89820665121078491211 0.89820665121078491211 0.89712917804718017578 0.89944881200790405273 0.90120559930801391602 0.89715647697448730469 0.88458162546157836914 0.78371357917785644531 0.88702780008316040039 0.88702780008316040039 0.88078260421752929688 0.86491060256958007812 0.88678568601608276367 0.89288258552551269531 0.89471840858459472656 0.89742696285247802734 0.8997580409049987793 0.8997580409049987793 0.90132826566696166992 0.89842808246612548828 0.89865565299987792969 0.89638388156890869141 0.89493823051452636719 0.89626556634902954102 0.8953368067741394043
