samples/ndvi/map_ndvi_2017-04-17.asc
ncols        322
nrows        306
xllcorner    -53.726171018035
yllcorner    -28.476684338117
cellsize     0.000269494585
NODATA_value  -9999
[rows 204 to 220 of 306, columns 0 to 38 of 322]
0.38207402825355529785 0.33065164089202880859 0.29652547836303710938 0.30279275774955749512 0.29532381892204284668 0.28733927011489868164 0.28733927011489868164 0.29138731956481933594 0.28431937098503112793 0.29638555645942687988 0.31530815362930297852 0.30806064605712890625 0.30207112431526184082 0.29813900589942932129 0.29813900589942932129 0.27408736944198608398 0.27489808201789855957 0.2903645932674407959 0.27314284443855285645 0.26213592290878295898 0.25419217348098754883 0.24932248890399932861 0.25416326522827148438 0.25416326522827148438 0.25700026750564575195 0.47401183843612670898 0.80120813846588134766 0.49879324436187744141 0.57114702463150024414 0.67252749204635620117 0.82510507106781005859 0.82510507106781005859 0.61872076988220214844 0.38747245073318481445 0.32209739089012145996 0.31971153616905212402 0.31869402527809143066 0.32030159235000610352 0.32553076744079589844
0.42898133397102355957 0.34699925780296325684 0.27358070015907287598 0.28578087687492370605 0.29191535711288452148 0.28693258762359619141 0.28693258762359619141 0.28807106614112854004 0.29777777194976806641 0.29866036772727966309 0.31059983372688293457 0.30719482898712158203 0.3000399470329284668 0.29464286565780639648 0.29464286565780639648 0.27172970771789550781 0.27690947055816650391 0.29017567634582519531 0.26973500847816467285 0.25921908020973205566 0.25052520632743835449 0.25458467006683349609 0.25320950150489807129 0.25320950150489807129 0.26790750026702880859 0.6256344914436340332 0.76152533292770385742 0.36098563671112060547 0.39256727695465087891 0.60853010416030883789 0.80153429508209228516 0.80153429508209228516 0.58026546239852905273 0.40205010771751403809 0.31634277105331420898 0.31744039058685302734 0.30976125597953796387 0.30760499835014343262 0.31553134322166442871
0.41937339305877685547 0.38888889551162719727 0.30635219812393188477 0.29458597302436828613 0.31223371624946594238 0.30652248859405517578 0.30652248859405517578 0.30011770129203796387 0.30129545927047729492 0.30552044510841369629 0.30984720587730407715 0.30087390542030334473 0.30264765024185180664 0.28791055083274841309 0.28791055083274841309 0.2750072777271270752 0.29156327247619628906 0.29153406620025634766 0.26948407292366027832 0.26329857110977172852 0.2547588050365447998 0.25466170907020568848 0.25466170907020568848 0.25954407453536987305 0.34177944064140319824 0.72535002231597900391 0.70947486162185668945 0.36330199241638183594 0.38078901171684265137 0.70018148422241210938 0.85892117023468017578 0.85892117023468017578 0.76509052515029907227 0.51964336633682250977 0.32015305757522583008 0.32075470685958862305 0.31292298436164855957 0.30807930231094360352 0.30061694979667663574
0.40653517842292785645 0.45226129889488220215 0.36795952916145324707 0.3229166567325592041 0.30112722516059875488 0.30112722516059875488 0.30703258514404296875 0.30360206961631774902 0.29815530776977539062 0.30679360032081604004 0.30735930800437927246 0.31004744768142700195 0.31042945384979248047 0.27738171815872192383 0.27738171815872192383 0.28131666779518127441 0.29702639579772949219 0.28298452496528625488 0.26759791374206542969 0.25714287161827087402 0.25828510522842407227 0.26068377494812011719 0.26068377494812011719 0.26341730356216430664 0.44522428512573242188 0.67187976837158203125 0.53108108043670654297 0.35274815559387207031 0.39852094650268554688 0.77044260501861572266 0.86704474687576293945 0.86704474687576293945 0.85951662063598632812 0.76146286725997924805 0.43002390861511230469 0.32561308145523071289 0.2949542701244354248 0.30195829272270202637 0.30089777708053588867
0.36216914653778076172 0.43908917903900146484 0.35199320316314697266 0.30170941352844238281 0.30305677652359008789 0.30305677652359008789 0.30608618259429931641 0.30284729599952697754 0.30621170997619628906 0.31122899055480957031 0.30955526232719421387 0.31121781468391418457 0.298007965087890625 0.27142411470413208008 0.27142411470413208008 0.28089150786399841309 0.29275971651077270508 0.27981108427047729492 0.27354010939598083496 0.26198861002922058105 0.25757169723510742188 0.26341202855110168457 0.26341202855110168457 0.26632347702980041504 0.34267818927764892578 0.32564175128936767578 0.33808335661888122559 0.35274815559387207031 0.42386186122894287109 0.65203762054443359375 0.65203762054443359375 0.81796967983245849609 0.8844807744026184082 0.85381358861923217773 0.65145450830459594727 0.41710874438285827637 0.48446834087371826172 0.35647702217102050781 0.30264386534690856934
0.33738848567008972168 0.33838608860969543457 0.32409971952438354492 0.30702155828475952148 0.29982206225395202637 0.29982206225395202637 0.3050022125244140625 0.30495220422744750977 0.30154526233673095703 0.31208500266075134277 0.30606859922409057617 0.30688753724098205566 0.28667664527893066406 0.28667664527893066406 0.27005013823509216309 0.28496685624122619629 0.27963736653327941895 0.26821982860565185547 0.26979473233222961426 0.25655645132064819336 0.26324549317359924316 0.25930008292198181152 0.25930008292198181152 0.26639455556869506836 0.28905573487281799316 0.2864958345890045166 0.30631187558174133301 0.35951903462409973145 0.39051383733749389648 0.51868802309036254883 0.51868802309036254883 0.55008786916732788086 0.71535271406173706055 0.85316288471221923828 0.84534370899200439453 0.74377423524856567383 0.73420739173889160156 0.55225652456283569336 0.55225652456283569336
0.30624213814735412598 0.31431117653846740723 0.31235098838806152344 0.30819365382194519043 0.29401171207427978516 0.29401171207427978516 0.29863256216049194336 0.30131003260612487793 0.31600180268287658691 0.3055928349494934082 0.30400350689888000488 0.29970821738243103027 0.27673178911209106445 0.27673178911209106445 0.27029669284820556641 0.28321167826652526855 0.26941254734992980957 0.26503068208694458008 0.2681426703929901123 0.2633190453052520752 0.26155647635459899902 0.26155647635459899902 0.26670473814010620117 0.27298685908317565918 0.28958210349082946777 0.27913120388984680176 0.2991085052490234375 0.34584450721740722656 0.35911601781845092773 0.38609531521797180176 0.38609531521797180176 0.37863248586654663086 0.43381723761558532715 0.63120567798614501953 0.8325722813606262207 0.86158961057662963867 0.85575413703918457031 0.69156038761138916016 0.69156038761138916016
0.32334384322166442871 0.30034720897674560547 0.31370744109153747559 0.29922339320182800293 0.29559749364852905273 0.29559749364852905273 0.29601433873176574707 0.30403587222099304199 0.30716568231582641602 0.30304408073425292969 0.30349150300025939941 0.28972712159156799316 0.26999315619468688965 0.26999315619468688965 0.27823889255523681641 0.28166350722312927246 0.26702997088432312012 0.26521164178848266602 0.26706036925315856934 0.26884502172470092773 0.26733922958374023438 0.26733922958374023438 0.26815980672836303711 0.29044005274772644043 0.2978267669677734375 0.29093122482299804688 0.32409012317657470703 0.35089820623397827148 0.36135181784629821777 0.35683202743530273438 0.35683202743530273438 0.34790208935737609863 0.34294450283050537109 0.39369368553161621094 0.65955513715744018555 0.83538794517517089844 0.81181359291076660156 0.51684367656707763672 0.51684367656707763672
0.35668063163757324219 0.29258352518081665039 0.29242488741874694824 0.32970255613327026367 0.32970255613327026367 0.30693069100379943848 0.30603259801864624023 0.30022573471069335938 0.30602854490280151367 0.30977511405944824219 0.30394858121871948242 0.28122603893280029297 0.27297297120094299316 0.27297297120094299316 0.29058116674423217773 0.28297632932662963867 0.26675426959991455078 0.26910299062728881836 0.26590755581855773926 0.26869082450866699219 0.27612185478210449219 0.27612185478210449219 0.26893591880798339844 0.31734663248062133789 0.3061224520206451416 0.32145172357559204102 0.36074918508529663086 0.37018424272537231445 0.38392052054405212402 0.38392052054405212402 0.37019839882850646973 0.36260163784027099609 0.36909091472625732422 0.35590118169784545898 0.37599998712539672852 0.53895324468612670898 0.59533768892288208008 0.32510796189308166504 0.32510796189308166504
0.56123822927474975586 0.46765798330307006836 0.48668441176414489746 0.54170852899551391602 0.54170852899551391602 0.46597632765769958496 0.33551019430160522461 0.32018861174583435059 0.31798052787780761719 0.31150442361831665039 0.31362006068229675293 0.2823104560375213623 0.2823104560375213623 0.27113506197929382324 0.29297032952308654785 0.28358209133148193359 0.26973482966423034668 0.28641670942306518555 0.27492260932922363281 0.27135068178176879883 0.28469419479370117188 0.28469419479370117188 0.29387393593788146973 0.35466179251670837402 0.29060092568397521973 0.35289692878723144531 0.37320351600646972656 0.36434823274612426758 0.37528923153877258301 0.37528923153877258301 0.33907338976860046387 0.35186722874641418457 0.38057041168212890625 0.35422343015670776367 0.34140235185623168945 0.38188275694847106934 0.36782968044281005859 0.30648630857467651367 0.30648630857467651367
0.47307804226875305176 0.65101861953735351562 0.70903426408767700195 0.65781897306442260742 0.65781897306442260742 0.44267839193344116211 0.31303668022155761719 0.30283913016319274902 0.29477021098136901855 0.30781373381614685059 0.30882909893989562988 0.278575897216796875 0.278575897216796875 0.28210115432739257812 0.30709218978881835938 0.27761194109916687012 0.2761363685131072998 0.27965617179870605469 0.27605956792831420898 0.26837509870529174805 0.27182865142822265625 0.27182865142822265625 0.31472516059875488281 0.44379732012748718262 0.47755575180053710938 0.43704891204833984375 0.39146396517753601074 0.36465981602668762207 0.38304483890533447266 0.38304483890533447266 0.36386138200759887695 0.36124795675277709961 0.36340641975402832031 0.34117648005485534668 0.45045399665832519531 0.62726438045501708984 0.58049041032791137695 0.58049041032791137695 0.35961768031120300293
0.26642438769340515137 0.3635272979736328125 0.35828220844268798828 0.29061785340309143066 0.29061785340309143066 0.29073482751846313477 0.29744178056716918945 0.29742574691772460938 0.3040752410888671875 0.30299583077430725098 0.28849902749061584473 0.27366021275520324707 0.27366021275520324707 0.29508760571479797363 0.28712871670722961426 0.26833477616310119629 0.27181488275527954102 0.27191263437271118164 0.26573035120964050293 0.26887711882591247559 0.26887711882591247559 0.27102804183959960938 0.30700179934501647949 0.69514238834381103516 0.78684341907501220703 0.64279013872146606445 0.43467336893081665039 0.3942133784294128418 0.38304483890533447266 0.40622299909591674805 0.36612489819526672363 0.36243045330047607422 0.3519134819507598877 0.39741989970207214355 0.72999668121337890625 0.82117515802383422852 0.75411766767501831055 0.75411766767501831055 0.41716909408569335938
0.23903217911720275879 0.24134169518947601318 0.2323462367057800293 0.2323462367057800293 0.23264594376087188721 0.26827675104141235352 0.29988768696784973145 0.30601093173027038574 0.30784708261489868164 0.30965250730514526367 0.28347620368003845215 0.27371120452880859375 0.27371120452880859375 0.30187982320785522461 0.27765923738479614258 0.27118644118309020996 0.27807945013046264648 0.26959517598152160645 0.2665742039680480957 0.2656599581241607666 0.2656599581241607666 0.27090302109718322754 0.31877443194389343262 0.806392669677734375 0.8492514491081237793 0.82068967819213867188 0.74797624349594116211 0.5210145115852355957 0.5210145115852355957 0.58936101198196411133 0.37584194540977478027 0.35452538728713989258 0.39966693520545959473 0.67078727483749389648 0.85594236850738525391 0.83565109968185424805 0.78440928459167480469 0.78440928459167480469 0.56141304969787597656
0.2329918593168258667 0.23294243216514587402 0.23039348423480987549 0.23039348423480987549 0.22942993044853210449 0.24378411471843719482 0.29992464184761047363 0.30349755287170410156 0.30623519420623779297 0.30599367618560791016 0.28208091855049133301 0.27992853522300720215 0.27992853522300720215 0.31445828080177307129 0.27437773346900939941 0.2701555788516998291 0.27205041050910949707 0.27430555224418640137 0.26849776506423950195 0.2643159329891204834 0.2643159329891204834 0.26307055354118347168 0.32166302204132080078 0.43747809529304504395 0.69907408952713012695 0.81013023853302001953 0.88091522455215454102 0.78539139032363891602 0.78539139032363891602 0.79520583152770996094 0.5009174346923828125 0.49071207642555236816 0.7116883397102355957 0.84195882081985473633 0.85086703300476074219 0.86625194549560546875 0.83264517784118652344 0.83264517784118652344 0.64408165216445922852
0.23105557262897491455 0.22889611124992370605 0.22971491515636444092 0.22971491515636444092 0.23602484166622161865 0.24833029508590698242 0.29967069625854492188 0.30218538641929626465 0.30355790257453918457 0.29312762618064880371 0.27748382091522216797 0.27748382091522216797 0.28267279267311096191 0.29242914915084838867 0.27160128951072692871 0.27157285809516906738 0.27304348349571228027 0.27157285809516906738 0.27023243904113769531 0.27094423770904541016 0.27094423770904541016 0.27395334839820861816 0.30223125219345092773 0.30705511569976806641 0.32170775532722473145 0.45005080103874206543 0.71341669559478759766 0.88588428497314453125 0.88588428497314453125 0.85514271259307861328 0.7424373626708984375 0.73968899250030517578 0.8308913111686706543 0.85718780755996704102 0.87343400716781616211 0.87065702676773071289 0.87065702676773071289 0.861072540283203125 0.55612391233444213867
0.23376622796058654785 0.23543888330459594727 0.23444443941116333008 0.23444443941116333008 0.23436619341373443604 0.24520383775234222412 0.28852921724319458008 0.30030256509780883789 0.29870128631591796875 0.2853285372257232666 0.27491915225982666016 0.27491915225982666016 0.29875665903091430664 0.27843916416168212891 0.26603883504867553711 0.2674013972282409668 0.27330446243286132812 0.26978722214698791504 0.26882320642471313477 0.26882320642471313477 0.27545249462127685547 0.29182210564613342285 0.29300776124000549316 0.29101994633674621582 0.27233234047889709473 0.25636765360832214355 0.31357553601264953613 0.63936728239059448242 0.63936728239059448242 0.80430525541305541992 0.87136292457580566406 0.83539879322052001953 0.84194731712341308594 0.8470204472541809082 0.80855929851531982422 0.87386780977249145508 0.87386780977249145508 0.87245589494705200195 0.63070541620254516602
0.23948308825492858887 0.23517842590808868408 0.23517842590808868408 0.23382519185543060303 0.24038460850715637207 0.24581497907638549805 0.29457637667655944824 0.30220395326614379883 0.29745244979858398438 0.26861554384231567383 0.27484020590782165527 0.27484020590782165527 0.27966102957725524902 0.26322114467620849609 0.2652340233325958252 0.26404169201850891113 0.27372685074806213379 0.26998576521873474121 0.26904696226119995117 0.26904696226119995117 0.28710600733757019043 0.31919836997985839844 0.28991481661796569824 0.29466739296913146973 0.27779296040534973145 0.27666398882865905762 0.27430272102355957031 0.36500656604766845703 0.36500656604766845703 0.63561230897903442383 0.87442922592163085938 0.84030419588088989258 0.84781146049499511719 0.85837191343307495117 0.8675263524055480957 0.88454890251159667969 0.88454890251159667969 0.86824113130569458008 0.73584908246994018555
