samples/ndvi/map_ndvi_2017-08-07.asc
ncols        322
nrows        306
xllcorner    -53.726171018035
yllcorner    -28.476684338117
cellsize     0.000269494585
NODATA_value  -9999
[rows 119 to 135 of 306, columns 0 to 38 of 322]
0.6305897831916809082 0.64089620113372802734 0.64358896017074584961 0.64795607328414916992 0.65701967477798461914 0.66276204586029052734 0.66028410196304321289 0.66118222475051879883 0.65815562009811401367 0.65815562009811401367 0.64600718021392822266 0.63603496551513671875 0.65099084377288818359 0.67214041948318481445 0.63393652439117431641 0.65661388635635375977 0.65843743085861206055 0.65843743085861206055 0.65958666801452636719 0.66961991786956787109 0.66820275783538818359 0.66925507783889770508 0.66530847549438476562 0.6686903834342956543 0.56552165746688842773 0.56552165746688842773 0.56739634275436401367 0.55134826898574829102 0.55947637557983398438 0.54460799694061279297 0.57768708467483520508 0.5804347991943359375 0.54375505447387695312 0.5418904423713684082 0.5418904423713684082 0.50600159168243408203 0.47624370455741882324 0.52482080459594726562 0.56964957714080810547
0.63269054889678955078 0.6419270634651184082 0.65981662273406982422 0.66300368309020996094 0.66920036077499389648 0.66838121414184570312 0.65558910369873046875 0.66244727373123168945 0.66244727373123168945 0.66806977987289428711 0.64990913867950439453 0.63911592960357666016 0.66197180747985839844 0.66461449861526489258 0.65721112489700317383 0.67676180601119995117 0.68262255191802978516 0.68262255191802978516 0.68194842338562011719 0.68155783414840698242 0.67559862136840820312 0.67327290773391723633 0.67058825492858886719 0.65450829267501831055 0.57620817422866821289 0.57620817422866821289 0.59148222208023071289 0.58651435375213623047 0.57579183578491210938 0.57262569665908813477 0.5769436955451965332 0.56607288122177124023 0.54397219419479370117 0.54610681533813476562 0.54610681533813476562 0.52888655662536621094 0.48880308866500854492 0.50027012825012207031 0.58988422155380249023
0.60371148586273193359 0.6128171086311340332 0.65616965293884277344 0.66411745548248291016 0.66796755790710449219 0.6662686467170715332 0.65664982795715332031 0.66596698760986328125 0.66596698760986328125 0.66297513246536254883 0.65399581193923950195 0.6518650054931640625 0.66279071569442749023 0.66176468133926391602 0.66745281219482421875 0.68949234485626220703 0.70199060440063476562 0.70199060440063476562 0.69235223531723022461 0.68937641382217407227 0.69125604629516601562 0.69248229265213012695 0.69039547443389892578 0.64367479085922241211 0.61277329921722412109 0.61277329921722412109 0.60153675079345703125 0.60032713413238525391 0.60537135601043701172 0.58847296237945556641 0.57169556617736816406 0.55519998073577880859 0.55240643024444580078 0.55240643024444580078 0.55845540761947631836 0.54919314384460449219 0.52055144309997558594 0.52494692802429199219 0.62466162443161010742
0.59988451004028320312 0.60467320680618286133 0.64468985795974731445 0.65544921159744262695 0.65167868137359619141 0.65572315454483032227 0.66006505489349365234 0.66528189182281494141 0.66528189182281494141 0.65511113405227661133 0.65638768672943115234 0.66079813241958618164 0.66686284542083740234 0.65974104404449462891 0.68892848491668701172 0.69623970985412597656 0.69623970985412597656 0.69779580831527709961 0.69419133663177490234 0.6961231231689453125 0.69753611087799072266 0.68871152400970458984 0.69448375701904296875 0.63186156749725341797 0.61753886938095092773 0.61753886938095092773 0.59514617919921875 0.58771222829818725586 0.58832979202270507812 0.56696665287017822266 0.55732905864715576172 0.56020379066467285156 0.55018991231918334961 0.55018991231918334961 0.54591429233551025391 0.55561357736587524414 0.51179486513137817383 0.4985828399658203125 0.64495307207107543945
0.59714692831039428711 0.59018480777740478516 0.63765311241149902344 0.65388214588165283203 0.64461815357208251953 0.66065621376037597656 0.66310793161392211914 0.66478455066680908203 0.66478455066680908203 0.65755051374435424805 0.65488564968109130859 0.65303075313568115234 0.65669858455657958984 0.65974104404449462891 0.69513642787933349609 0.70148384571075439453 0.70148384571075439453 0.70497429370880126953 0.70261722803115844727 0.6920871734619140625 0.68346548080444335938 0.69076305627822875977 0.69345152378082275391 0.63388454914093017578 0.58846586942672729492 0.58846586942672729492 0.57189542055130004883 0.56965440511703491211 0.5529537200927734375 0.5255362391471862793 0.53398060798645019531 0.55040377378463745117 0.50231420993804931641 0.50231420993804931641 0.46770721673965454102 0.49345892667770385742 0.48970133066177368164 0.48022311925888061523 0.5651919245719909668
0.58480566740036010742 0.6093394160270690918 0.60571616888046264648 0.64899224042892456055 0.6444981694221496582 0.65329343080520629883 0.65744870901107788086 0.66826921701431274414 0.66826921701431274414 0.65907073020935058594 0.64623785018920898438 0.6453984379768371582 0.6515286564826965332 0.67506670951843261719 0.70023417472839355469 0.7063058018684387207 0.7063058018684387207 0.71168607473373413086 0.70691138505935668945 0.69297486543655395508 0.68583691120147705078 0.69717514514923095703 0.69669586420059204102 0.61885714530944824219 0.61885714530944824219 0.5595270991325378418 0.55369669198989868164 0.54797440767288208008 0.52850931882858276367 0.50126326084136962891 0.50659900903701782227 0.51873564720153808594 0.47700679302215576172 0.47700679302215576172 0.45508658885955810547 0.44606566429138183594 0.4467754364013671875 0.45950075984001159668 0.51313394308090209961
0.55134278535842895508 0.61138260364532470703 0.60555726289749145508 0.64045637845993041992 0.64766526222229003906 0.65844964981079101562 0.66588646173477172852 0.66588646173477172852 0.66607880592346191406 0.66538572311401367188 0.66423356533050537109 0.65523254871368408203 0.66271489858627319336 0.68744462728500366211 0.68225383758544921875 0.6922633051872253418 0.6922633051872253418 0.69922655820846557617 0.68645268678665161133 0.67126435041427612305 0.65366703271865844727 0.65892803668975830078 0.65913641452789306641 0.58546888828277587891 0.58546888828277587891 0.54225921630859375 0.53724664449691772461 0.53073769807815551758 0.51203775405883789062 0.48593980073928833008 0.48195749521255493164 0.4861513972282409668 0.4861513972282409668 0.45469433069229125977 0.43925234675407409668 0.42879256606101989746 0.42178627848625183105 0.43146944046020507812 0.49252164363861083984
0.56848263740539550781 0.62213301658630371094 0.62075030803680419922 0.62889778614044189453 0.64914423227310180664 0.66508877277374267578 0.66618287563323974609 0.66618287563323974609 0.66319441795349121094 0.66417050361633300781 0.66294068098068237305 0.65687423944473266602 0.65665489435195922852 0.66424208879470825195 0.6451708674430847168 0.6451708674430847168 0.64643490314483642578 0.64525634050369262695 0.6378186345100402832 0.63460409641265869141 0.61079800128936767578 0.61041295528411865234 0.62577229738235473633 0.57756495475769042969 0.57756495475769042969 0.53886419534683227539 0.55227744579315185547 0.5249297022819519043 0.49010881781578063965 0.46485039591789245605 0.4835084378719329834 0.46510389447212219238 0.46510389447212219238 0.44790256023406982422 0.43938994407653808594 0.42540583014488220215 0.42154812812805175781 0.42042756080627441406 0.48767417669296264648
0.53695517778396606445 0.61868834495544433594 0.60244470834732055664 0.59354639053344726562 0.62087738513946533203 0.65611684322357177734 0.64677518606185913086 0.64677518606185913086 0.64143663644790649414 0.64185225963592529297 0.64520913362503051758 0.64432364702224731445 0.63854700326919555664 0.63544756174087524414 0.65045684576034545898 0.65045684576034545898 0.64778763055801391602 0.64150375127792358398 0.64111703634262084961 0.62044233083724975586 0.6092160344123840332 0.60838323831558227539 0.63113069534301757812 0.5991344451904296875 0.5991344451904296875 0.56295150518417358398 0.55577838420867919922 0.5148741602897644043 0.46129581332206726074 0.44949251413345336914 0.48679620027542114258 0.45112782716751098633 0.45112782716751098633 0.44006392359733581543 0.43005451560020446777 0.41974025964736938477 0.4199733734130859375 0.4267100989818572998 0.48621273040771484375
0.54405677318572998047 0.62429630756378173828 0.61216294765472412109 0.59963876008987426758 0.60371720790863037109 0.65327286720275878906 0.66244459152221679688 0.66244459152221679688 0.64807933568954467773 0.6395136713981628418 0.65248650312423706055 0.65437364578247070312 0.64047694206237792969 0.64393484592437744141 0.67957437038421630859 0.67957437038421630859 0.67180097103118896484 0.66716021299362182617 0.6564998626708984375 0.64285713434219360352 0.63614952564239501953 0.6405093073844909668 0.64078795909881591797 0.64078795909881591797 0.61511844396591186523 0.59907120466232299805 0.5861721038818359375 0.51703405380249023438 0.47070407867431640625 0.49127686023712158203 0.50611501932144165039 0.44895252585411071777 0.44895252585411071777 0.43778070807456970215 0.42701864242553710938 0.42163008451461791992 0.41828846931457519531 0.41979336738586425781 0.51699560880661010742
0.56484639644622802734 0.59648060798645019531 0.64695948362350463867 0.6196740269660949707 0.62527233362197875977 0.67420214414596557617 0.67420214414596557617 0.70358413457870483398 0.70411986112594604492 0.69088667631149291992 0.67927384376525878906 0.68303030729293823242 0.67689532041549682617 0.68255847692489624023 0.67957437038421630859 0.71217930316925048828 0.70200234651565551758 0.69411766529083251953 0.68737238645553588867 0.68591225147247314453 0.68494343757629394531 0.6814683079719543457 0.64661437273025512695 0.64661437273025512695 0.61847168207168579102 0.60647040605545043945 0.58640372753143310547 0.52098518610000610352 0.50802958011627197266 0.54779410362243652344 0.49720966815948486328 0.43781223893165588379 0.43781223893165588379 0.43465685844421386719 0.43385416269302368164 0.42686101794242858887 0.4165127873420715332 0.41640043258666992188 0.53891921043395996094
0.56832909584045410156 0.60411161184310913086 0.65556180477142333984 0.6511757969856262207 0.67133468389511108398 0.69384568929672241211 0.69384568929672241211 0.71805876493453979492 0.73219370841979980469 0.72758728265762329102 0.71951597929000854492 0.71098268032073974609 0.71120429039001464844 0.71268105506896972656 0.71217930316925048828 0.72837316989898681641 0.72065728902816772461 0.71157270669937133789 0.70173889398574829102 0.70522606372833251953 0.70874929428100585938 0.70310634374618530273 0.64008426666259765625 0.64008426666259765625 0.61357849836349487305 0.60773479938507080078 0.57366257905960083008 0.55755013227462768555 0.5735333561897277832 0.56910997629165649414 0.46119675040245056152 0.46119675040245056152 0.43442198634147644043 0.43195578455924987793 0.42483660578727722168 0.42045754194259643555 0.4143384397029876709 0.41774150729179382324 0.60820806026458740234
0.59422659873962402344 0.57308721542358398438 0.67414796352386474609 0.66815644502639770508 0.67896366119384765625 0.6881815791130065918 0.6881815791130065918 0.71087449789047241211 0.73126614093780517578 0.74035990238189697266 0.7371317744255065918 0.72405141592025756836 0.73142510652542114258 0.72751718759536743164 0.72751718759536743164 0.73979747295379638672 0.72699755430221557617 0.71652591228485107422 0.71853202581405639648 0.72084593772888183594 0.72024166584014892578 0.70712321996688842773 0.65879106521606445312 0.65879106521606445312 0.61516201496124267578 0.59087067842483520508 0.51999998092651367188 0.6038506627082824707 0.61831188201904296875 0.57338339090347290039 0.45484045147895812988 0.45484045147895812988 0.44381567835807800293 0.44221377372741699219 0.42495965957641601562 0.42227002978324890137 0.42857143282890319824 0.44223535060882568359 0.63254958391189575195
0.60065025091171264648 0.58698093891143798828 0.66572874784469604492 0.68486154079437255859 0.68891310691833496094 0.68163728713989257812 0.68163728713989257812 0.70740628242492675781 0.65220671892166137695 0.71877181529998779297 0.75123071670532226562 0.75585073232650756836 0.74555659294128417969 0.74158728122711181641 0.74158728122711181641 0.62685561180114746094 0.65117847919464111328 0.65322053432464599609 0.63470029830932617188 0.63653665781021118164 0.65738344192504882812 0.62870013713836669922 0.62870013713836669922 0.57165557146072387695 0.54215347766876220703 0.49377843737602233887 0.53486996889114379883 0.57082581520080566406 0.55581945180892944336 0.55948817729949951172 0.47642275691032409668 0.47642275691032409668 0.4616216123104095459 0.46205416321754455566 0.46666666865348815918 0.45553737878799438477 0.42926564812660217285 0.44948115944862365723 0.54022985696792602539
0.60873079299926757812 0.59594297409057617188 0.58938801288604736328 0.63552212715148925781 0.6479733586311340332 0.63087439537048339844 0.63087439537048339844 0.59614145755767822266 0.42471358180046081543 0.45977458357810974121 0.61816942691802978516 0.64774680137634277344 0.65651726722717285156 0.63408857583999633789 0.63408857583999633789 0.51020407676696777344 0.49417635798454284668 0.4816042482852935791 0.48580646514892578125 0.5025641322135925293 0.5103359222412109375 0.50400000810623168945 0.50400000810623168945 0.50686764717102050781 0.52603107690811157227 0.53915143013000488281 0.56422287225723266602 0.57291930913925170898 0.54485774040222167969 0.52486449480056762695 0.51437556743621826172 0.51437556743621826172 0.48885387182235717773 0.48191416263580322266 0.4684047698974609375 0.46607539057731628418 0.47698557376861572266 0.43360137939453125 0.41504752635955810547
0.60245138406753540039 0.58898985385894775391 0.55120569467544555664 0.53575545549392700195 0.520755767822265625 0.520755767822265625 0.55054301023483276367 0.5736783146858215332 0.556488037109375 0.56810402870178222656 0.55843293666839599609 0.51413542032241821289 0.50289803743362426758 0.50369590520858764648 0.50369590520858764648 0.51608753204345703125 0.49644932150840759277 0.48880359530448913574 0.48616352677345275879 0.4790935218334197998 0.49885955452919006348 0.52633321285247802734 0.52633321285247802734 0.55239063501358032227 0.53008788824081420898 0.52183908224105834961 0.55399060249328613281 0.54482758045196533203 0.54391658306121826172 0.54276758432388305664 0.54276758432388305664 0.53600358963012695312 0.50274300575256347656 0.48300498723983764648 0.45664739608764648438 0.46992078423500061035 0.48125937581062316895 0.40920972824096679688 0.40983605384826660156
0.59946382045745849609 0.57695382833480834961 0.56551909446716308594 0.57665371894836425781 0.56183564662933349609 0.56183564662933349609 0.54860925674438476562 0.58491545915603637695 0.62754964828491210938 0.65466296672821044922 0.63267892599105834961 0.57465493679046630859 0.56519025564193725586 0.56519025564193725586 0.53534072637557983398 0.51608753204345703125 0.55650317668914794922 0.51444721221923828125 0.51585012674331665039 0.51366633176803588867 0.53305387496948242188 0.54644626379013061523 0.54644626379013061523 0.54710745811462402344 0.51089107990264892578 0.50718015432357788086 0.56091600656509399414 0.53653752803802490234 0.52952337265014648438 0.54295051097869873047 0.54295051097869873047 0.55084156990051269531 0.53091394901275634766 0.49878022074699401855 0.47319242358207702637 0.4844328463077545166 0.48803827166557312012 0.41535270214080810547 0.44168579578399658203
