samples/ndvi/map_ndvi_2017-07-22.asc
ncols        322
nrows        306
xllcorner    -53.726171018035
yllcorner    -28.476684338117
cellsize     0.000269494585
NODATA_value  -9999
[rows 34 to 50 of 306, columns 156 to 194 of 322]
0.7884553074836730957 0.77204030752182006836 0.75668948888778686523 0.7296307682991027832 0.72519081830978393555 0.73518568277359008789 0.73518568277359008789 0.73222684860229492188 0.7167155146598815918 0.76376080513000488281 0.77711737155914306641 0.7842655181884765625 0.74991661310195922852 0.74551844596862792969 0.7624251246452331543 0.7624251246452331543 0.76340365409851074219 0.75718635320663452148 0.68510347604751586914 0.57744562625885009766 0.62187796831130981445 0.65012109279632568359 0.65575754642486572266 0.65575754642486572266 0.65573257207870483398 0.66145998239517211914 0.63543659448623657227 0.57005631923675537109 0.53291434049606323242 0.56348705291748046875 0.58272057771682739258 0.58272057771682739258 0.56167042255401611328 0.56364923715591430664 0.65485262870788574219 0.67112809419631958008 0.66309821605682373047 0.65517240762710571289 0.66038918495178222656
0.80571055412292480469 0.79619050025939941406 0.77499997615814208984 0.74884295463562011719 0.73972600698471069336 0.7448800206184387207 0.7448800206184387207 0.73628938198089599609 0.73136061429977416992 0.69016641378402709961 0.73507916927337646484 0.78250300884246826172 0.74114531278610229492 0.736316680908203125 0.736316680908203125 0.74308717250823974609 0.75809788703918457031 0.75678390264511108398 0.58941346406936645508 0.58994710445404052734 0.63838750123977661133 0.6522496342658996582 0.65381270647048950195 0.65381270647048950195 0.63063883781433105469 0.64581441879272460938 0.599353790283203125 0.55015403032302856445 0.55961471796035766602 0.58245950937271118164 0.59696048498153686523 0.59696048498153686523 0.57659989595413208008 0.56607079505920410156 0.6692657470703125 0.67306464910507202148 0.66421020030975341797 0.66593128442764282227 0.66553324460983276367
0.79725450277328491211 0.80379116535186767578 0.801967620849609375 0.77557349205017089844 0.75149703025817871094 0.75792843103408813477 0.75792843103408813477 0.75762861967086791992 0.71715384721755981445 0.67371410131454467773 0.72001254558563232422 0.75780045986175537109 0.72921460866928100586 0.73319894075393676758 0.73319894075393676758 0.73201322555541992188 0.76738226413726806641 0.71905064582824707031 0.52040088176727294922 0.62421971559524536133 0.63759177923202514648 0.6380297541618347168 0.63237386941909790039 0.63237386941909790039 0.62481963634490966797 0.63062036037445068359 0.54120963811874389648 0.54481840133666992188 0.57440000772476196289 0.58999669551849365234 0.58319973945617675781 0.58319973945617675781 0.58243197202682495117 0.50755941867828369141 0.68841969966888427734 0.65725672245025634766 0.64817851781845092773 0.6539440155029296875 0.66304010152816772461
0.79554295539855957031 0.79705053567886352539 0.80252659320831298828 0.7891070246696472168 0.77595627307891845703 0.7633654475212097168 0.7633654475212097168 0.74747765064239501953 0.70083433389663696289 0.69136184453964233398 0.71537482738494873047 0.72162336111068725586 0.70341712236404418945 0.7467448115348815918 0.7467448115348815918 0.74991965293884277344 0.76045268774032592773 0.62422257661819458008 0.56340956687927246094 0.64124727249145507812 0.63555294275283813477 0.6256186366081237793 0.6256186366081237793 0.63798052072525024414 0.6375071406364440918 0.61284673213958740234 0.51555138826370239258 0.55384618043899536133 0.56758409738540649414 0.56453716754913330078 0.5846354365348815918 0.5846354365348815918 0.5847142338752746582 0.48979592323303222656 0.69323980808258056641 0.65810811519622802734 0.65695363283157348633 0.66018158197402954102 0.66332918405532836914
0.74550211429595947266 0.78360652923583984375 0.80875962972640991211 0.79676675796508789062 0.78723406791687011719 0.78723406791687011719 0.7760708928108215332 0.75625181198120117188 0.73791879415512084961 0.71361637115478515625 0.72947150468826293945 0.70299005508422851562 0.67970079183578491211 0.76458883285522460938 0.76458883285522460938 0.76247960329055786133 0.69235813617706298828 0.56061118841171264648 0.62736153602600097656 0.64529913663864135742 0.63435071706771850586 0.63098758459091186523 0.63098758459091186523 0.6427745819091796875 0.63006114959716796875 0.56682866811752319336 0.5360501408576965332 0.58476883172988891602 0.60197168588638305664 0.5908946990966796875 0.5908946990966796875 0.56078684329986572266 0.51080691814422607422 0.53357398509979248047 0.691036224365234375 0.65720015764236450195 0.65752065181732177734 0.66258066892623901367 0.66980540752410888672
0.7506631016731262207 0.72171735763549804688 0.73251295089721679688 0.74001353979110717773 0.77316075563430786133 0.77316075563430786133 0.76489228010177612305 0.75192880630493164062 0.7392330169677734375 0.71361637115478515625 0.71502590179443359375 0.72227460145950317383 0.74256104230880737305 0.74256104230880737305 0.77566927671432495117 0.75653922557830810547 0.57639390230178833008 0.56219255924224853516 0.64522415399551391602 0.64796072244644165039 0.63548290729522705078 0.64056938886642456055 0.64056938886642456055 0.64465224742889404297 0.5902233123779296875 0.54043889045715332031 0.55160796642303466797 0.58957654237747192383 0.61319339275360107422 0.61138921976089477539 0.61138921976089477539 0.56777739524841308594 0.48545068502426147461 0.61188119649887084961 0.66559690237045288086 0.65021246671676635742 0.6510416865348815918 0.65716117620468139648 0.66073697805404663086
0.78121775388717651367 0.78127461671829223633 0.73595201969146728516 0.68539994955062866211 0.66198146343231201172 0.66198146343231201172 0.70796144008636474609 0.75952154397964477539 0.74001801013946533203 0.72446841001510620117 0.718532562255859375 0.73979109525680541992 0.75248837471008300781 0.75248837471008300781 0.77890467643737792969 0.68890422582626342773 0.51819884777069091797 0.61664915084838867188 0.65106654167175292969 0.63981622457504272461 0.62981063127517700195 0.64719766378402709961 0.64719766378402709961 0.63837206363677978516 0.53643214702606201172 0.54488778114318847656 0.56384247541427612305 0.59531480073928833008 0.60490942001342773438 0.61114478111267089844 0.61114478111267089844 0.59166663885116577148 0.4482758641242980957 0.65908360481262207031 0.64173227548599243164 0.63737338781356811523 0.65014576911926269531 0.66559278964996337891 0.66559278964996337891
0.76220804452896118164 0.78671509027481079102 0.80651837587356567383 0.78967183828353881836 0.72381216287612915039 0.72381216287612915039 0.67606067657470703125 0.70391964912414550781 0.76043230295181274414 0.76587963104248046875 0.75471097230911254883 0.78329843282699584961 0.7670033574104309082 0.7670033574104309082 0.76188844442367553711 0.61655467748641967773 0.52958470582962036133 0.5722662806510925293 0.61951541900634765625 0.64592409133911132812 0.63494539260864257812 0.63494539260864257812 0.63919687271118164062 0.60838323831558227539 0.5190982818603515625 0.54693752527236938477 0.56677621603012084961 0.58556389808654785156 0.59651231765747070312 0.60771316289901733398 0.60771316289901733398 0.59171599149703979492 0.4638932347297668457 0.66751432418823242188 0.64278572797775268555 0.63984167575836181641 0.63713908195495605469 0.64891517162322998047 0.64891517162322998047
0.74585634469985961914 0.7673174738883972168 0.79501968622207641602 0.79858380556106567383 0.79858380556106567383 0.78847169876098632812 0.77488952875137329102 0.68333333730697631836 0.69776451587677001953 0.77284693717956542969 0.72381323575973510742 0.74341887235641479492 0.75025588274002075195 0.75025588274002075195 0.7251631617546081543 0.59455484151840209961 0.54548776149749755859 0.54146343469619750977 0.54845088720321655273 0.55855858325958251953 0.57345974445343017578 0.57345974445343017578 0.60012382268905639648 0.56573581695556640625 0.52136754989624023438 0.53944176435470581055 0.5533453822135925293 0.5567200779914855957 0.56096059083938598633 0.56948733329772949219 0.56948733329772949219 0.55440056324005126953 0.56289529800415039062 0.66656059026718139648 0.64634555578231811523 0.64618498086929321289 0.64634144306182861328 0.64669841527938842773 0.64669841527938842773
0.74985849857330322266 0.76228827238082885742 0.77874898910522460938 0.78032159805297851562 0.78032159805297851562 0.77543288469314575195 0.77859973907470703125 0.75539571046829223633 0.72403818368911743164 0.76157081127166748047 0.72927755117416381836 0.6936728358268737793 0.72675776481628417969 0.72675776481628417969 0.65566933155059814453 0.56210690736770629883 0.54266959428787231445 0.55048161745071411133 0.55222862958908081055 0.52651757001876831055 0.51361387968063354492 0.51361387968063354492 0.53162604570388793945 0.53089535236358642578 0.54195582866668701172 0.5541947484016418457 0.55420589447021484375 0.54864287376403808594 0.53827387094497680664 0.53827387094497680664 0.51614987850189208984 0.56527638435363769531 0.64717286825180053711 0.64337509870529174805 0.63698399066925048828 0.63398694992065429688 0.63832753896713256836 0.63101983070373535156 0.63101983070373535156
0.74426037073135375977 0.75583070516586303711 0.76929646730422973633 0.77303367853164672852 0.77303367853164672852 0.77576756477355957031 0.78523850440979003906 0.78188347816467285156 0.76363164186477661133 0.75678938627243041992 0.80249536037445068359 0.76436597108840942383 0.76436597108840942383 0.73333334922790527344 0.53268861770629882812 0.53924643993377685547 0.53417533636093139648 0.53763443231582641602 0.54400557279586791992 0.5367527008056640625 0.5241635441780090332 0.5241635441780090332 0.50431418418884277344 0.50553292036056518555 0.51509767770767211914 0.53724539279937744141 0.56109571456909179688 0.55673646926879882812 0.53381568193435668945 0.53381568193435668945 0.51414310932159423828 0.50298064947128295898 0.61738532781600952148 0.60813915729522705078 0.60742706060409545898 0.60248875617980957031 0.62709635496139526367 0.62709635496139526367 0.59555107355117797852
0.73946136236190795898 0.74078410863876342773 0.75420290231704711914 0.75743836164474487305 0.75743836164474487305 0.76997512578964233398 0.78017240762710571289 0.78586494922637939453 0.7718264460563659668 0.78662335872650146484 0.80249536037445068359 0.7945492863655090332 0.7945492863655090332 0.70542633533477783203 0.57188957929611206055 0.53723180294036865234 0.53693830966949462891 0.53102451562881469727 0.52644485235214233398 0.52968335151672363281 0.52968335151672363281 0.52499222755432128906 0.50874018669128417969 0.50943398475646972656 0.49504950642585754395 0.49425965547561645508 0.52270650863647460938 0.54443377256393432617 0.53982883691787719727 0.53982883691787719727 0.53767120838165283203 0.4847431480884552002 0.63803881406784057617 0.63589578866958618164 0.63450479507446289062 0.63977128267288208008 0.630573272705078125 0.630573272705078125 0.61306852102279663086
0.74219888448715209961 0.74840950965881347656 0.7461693882942199707 0.7461693882942199707 0.7535572052001953125 0.76998597383499145508 0.77488940954208374023 0.78066611289978027344 0.77783936262130737305 0.79017728567123413086 0.80586636066436767578 0.76201224327087402344 0.76201224327087402344 0.68803900480270385742 0.70551723241806030273 0.57862359285354614258 0.53709429502487182617 0.53022074699401855469 0.51716887950897216797 0.51521229743957519531 0.51521229743957519531 0.52085965871810913086 0.51878786087036132812 0.51869434118270874023 0.50914454460144042969 0.49779477715492248535 0.4923076927661895752 0.5115712285041809082 0.52317035198211669922 0.52317035198211669922 0.53674226999282836914 0.58044379949569702148 0.66474360227584838867 0.6655247807502746582 0.6582438349723815918 0.64578002691268920898 0.64145475625991821289 0.64145475625991821289 0.62475824356079101562
0.747894287109375 0.76399654150009155273 0.76617479324340820312 0.76617479324340820312 0.77060323953628540039 0.77864950895309448242 0.78240352869033813477 0.79392266273498535156 0.79196876287460327148 0.78511923551559448242 0.77181208133697509766 0.64568912982940673828 0.64568912982940673828 0.61084908246994018555 0.72535741329193115234 0.61113172769546508789 0.52310681343078613281 0.52898287773132324219 0.51767587661743164062 0.51710122823715209961 0.51710122823715209961 0.5191186070442199707 0.51674938201904296875 0.51611930131912231445 0.5203348994255065918 0.50628364086151123047 0.49052631855010986328 0.49260041117668151855 0.49260041117668151855 0.49861067533493041992 0.56905329227447509766 0.69997000694274902344 0.68088281154632568359 0.66346454620361328125 0.674045562744140625 0.65553373098373413086 0.63660132884979248047 0.63660132884979248047 0.6329320073127746582
0.75761055946350097656 0.76393628120422363281 0.77086281776428222656 0.77086281776428222656 0.78211200237274169922 0.78648275136947631836 0.79215794801712036133 0.7932351231575012207 0.77703082561492919922 0.76401871442794799805 0.75391095876693725586 0.7421875 0.57209885120391845703 0.5860722661018371582 0.70930230617523193359 0.63028794527053833008 0.52631580829620361328 0.53262853622436523438 0.52196836471557617188 0.51972788572311401367 0.51972788572311401367 0.51596969366073608398 0.51781171560287475586 0.51950466632843017578 0.52516210079193115234 0.5140997767448425293 0.49526429176330566406 0.50481927394866943359 0.50481927394866943359 0.50744414329528808594 0.62714570760726928711 0.77655798196792602539 0.63924372196197509766 0.59500128030776977539 0.61324042081832885742 0.6495888829231262207 0.64459013938903808594 0.64459013938903808594 0.64264756441116333008
0.7711696624755859375 0.7708275914192199707 0.77623158693313598633 0.77623158693313598633 0.77218025922775268555 0.77899342775344848633 0.79163336753845214844 0.79022836685180664062 0.77159988880157470703 0.75519633293151855469 0.7421875 0.68376839160919189453 0.52828437089920043945 0.57349771261215209961 0.68543189764022827148 0.68400770425796508789 0.52222651243209838867 0.53094464540481567383 0.52932959794998168945 0.52768284082412719727 0.52768284082412719727 0.51687270402908325195 0.51795536279678344727 0.52175271511077880859 0.52644681930541992188 0.51120936870574951172 0.50434780120849609375 0.49299207329750061035 0.49299207329750061035 0.51592755317687988281 0.67166596651077270508 0.75357383489608764648 0.64405113458633422852 0.56507098674774169922 0.56245112419128417969 0.58784753084182739258 0.58784753084182739258 0.62363636493682861328 0.64567697048187255859
0.78108334541320800781 0.78220009803771972656 0.78376889228820800781 0.78376889228820800781 0.78224915266036987305 0.77704739570617675781 0.79284769296646118164 0.78326696157455444336 0.77177977561950683594 0.75483161211013793945 0.68376839160919189453 0.60247713327407836914 0.55614656209945678711 0.56538337469100952148 0.6601359248161315918 0.66703993082046508789 0.53507465124130249023 0.52898812294006347656 0.53129345178604125977 0.53129345178604125977 0.54425227642059326172 0.53851330280303955078 0.51821464300155639648 0.50864827632904052734 0.51024329662322998047 0.50822848081588745117 0.50911998748779296875 0.50093692541122436523 0.50093692541122436523 0.50340133905410766602 0.68735456466674804688 0.71935856342315673828 0.59891867637634277344 0.56846672296524047852 0.54281097650527954102 0.54813045263290405273 0.54813045263290405273 0.56066948175430297852 0.58117514848709106445
