samples/ndvi/map_ndvi_2017-08-23.asc
ncols        322
nrows        306
xllcorner    -53.726171018035
yllcorner    -28.476684338117
cellsize     0.000269494585
NODATA_value  -9999
[rows 0 to 16 of 306, columns 78 to 116 of 322]
0.85305041074752807617 0.87794119119644165039 0.88106495141983032227 0.88839507102966308594 0.88979488611221313477 0.8921191096305847168 0.86304605007171630859 0.85912328958511352539 0.85912328958511352539 0.84038305282592773438 0.84904211759567260742 0.86198920011520385742 0.85250967741012573242 0.85367673635482788086 0.85035461187362670898 0.82911944389343261719 0.8852532505989074707 0.8852532505989074707 0.89646744728088378906 0.89699757099151611328 0.8925876617431640625 0.88942307233810424805 0.85117775201797485352 0.87953710556030273438 0.87571799755096435547 0.87571799755096435547 0.87656795978546142578 0.87653136253356933594 0.88674032688140869141 0.90552228689193725586 0.91288965940475463867 0.90470445156097412109 0.81182593107223510742 0.81182593107223510742 0.7139561772346496582 0.70091384649276733398 0.71046644449234008789 0.76372927427291870117 0.71833771467208862305
0.82344514131546020508 0.8798325657844543457 0.88320440053939819336 0.89232301712036132812 0.89031618833541870117 0.89199459552764892578 0.87197726964950561523 0.86460632085800170898 0.86460632085800170898 0.87177032232284545898 0.86150872707366943359 0.86762690544128417969 0.8574593663215637207 0.87118875980377197266 0.86986780166625976562 0.82426303625106811523 0.82426303625106811523 0.89591568708419799805 0.90282875299453735352 0.90086209774017333984 0.9003264307975769043 0.87757056951522827148 0.84814321994781494141 0.88022142648696899414 0.87881821393966674805 0.87881821393966674805 0.88718974590301513672 0.87801843881607055664 0.88888889551162719727 0.90415042638778686523 0.91142290830612182617 0.91535431146621704102 0.8686949610710144043 0.8686949610710144043 0.77936607599258422852 0.79044681787490844727 0.75310295820236206055 0.68816101551055908203 0.57097792625427246094
0.86754268407821655273 0.88902771472930908203 0.88783651590347290039 0.89359068870544433594 0.8934122920036315918 0.8947626948356628418 0.9041595458984375 0.90065914392471313477 0.90065914392471313477 0.89963281154632568359 0.8962237238883972168 0.86823362112045288086 0.87843406200408935547 0.8791815638542175293 0.87638121843338012695 0.85164052248001098633 0.85164052248001098633 0.88570159673690795898 0.90275669097900390625 0.9017467498779296875 0.90055251121520996094 0.86960512399673461914 0.82424432039260864258 0.87035650014877319336 0.87035650014877319336 0.88986891508102416992 0.89498919248580932617 0.88712084293365478516 0.89238971471786499023 0.90736556053161621094 0.90851157903671264648 0.89714580774307250977 0.8746674656867980957 0.8746674656867980957 0.80568522214889526367 0.76042401790618896484 0.57719445228576660156 0.53791260719299316406 0.35072681307792663574
0.86232656240463256836 0.88025480508804321289 0.88612627983093261719 0.88921570777893066406 0.89368933439254760742 0.89783132076263427734 0.90044820308685302734 0.90044820308685302734 0.89925998449325561523 0.90253412723541259766 0.87902981042861938477 0.86201941967010498047 0.87414968013763427734 0.86533838510513305664 0.86306303739547729492 0.85426539182662963867 0.85426539182662963867 0.87642204761505126953 0.89840155839920043945 0.90269792079925537109 0.90726506710052490234 0.86878854036331176758 0.80810093879699707031 0.86836087703704833984 0.86836087703704833984 0.89573240280151367188 0.89909499883651733398 0.90196532011032104492 0.90320348739624023438 0.90939223766326904297 0.89119577407836914062 0.85424625873565673828 0.79493516683578491211 0.79493516683578491211 0.72856563329696655273 0.69328802824020385742 0.54268121719360351562 0.51672190427780151367 0.53825682401657104492
0.83162218332290649414 0.88614606857299804688 0.88696080446243286133 0.88943248987197875977 0.89246791601181030273 0.89279651641845703125 0.89556133747100830078 0.89556133747100830078 0.89455944299697875977 0.89934355020523071289 0.86363637447357177734 0.85657942295074462891 0.85394579172134399414 0.86400002241134643555 0.85511469841003417969 0.83118742704391479492 0.83118742704391479492 0.88445609807968139648 0.90171033143997192383 0.90480446815490722656 0.9101123809814453125 0.84678936004638671875 0.80729836225509643555 0.88804072141647338867 0.88804072141647338867 0.90858417749404907227 0.9126173853874206543 0.91342908143997192383 0.91129744052886962891 0.89907163381576538086 0.87024766206741333008 0.81848931312561035156 0.81848931312561035156 0.70158344507217407227 0.65873771905899047852 0.77210736274719238281 0.61276286840438842773 0.57137238979339599609 0.61483407020568847656
0.84262096881866455078 0.88596266508102416992 0.88442212343215942383 0.89163267612457275391 0.89161849021911621094 0.88564479351043701172 0.89209651947021484375 0.89209651947021484375 0.89808917045593261719 0.89962476491928100586 0.89198726415634155273 0.86056190729141235352 0.84475219249725341797 0.85397064685821533203 0.87729609012603759766 0.87729609012603759766 0.83949601650238037109 0.88853436708450317383 0.90357834100723266602 0.90637540817260742188 0.90783190727233886719 0.89463722705841064453 0.8118686676025390625 0.88922786712646484375 0.88922786712646484375 0.89376771450042724609 0.88941174745559692383 0.87444388866424560547 0.87098419666290283203 0.85348206758499145508 0.85606873035430908203 0.78650015592575073242 0.78650015592575073242 0.6626580357551574707 0.6680418848991394043 0.75933074951171875 0.71564948558807373047 0.70778363943099975586 0.64770388603210449219
0.87550306320190429688 0.88792663812637329102 0.8850574493408203125 0.88751512765884399414 0.88923668861389160156 0.88849180936813354492 0.89272212982177734375 0.89272212982177734375 0.89567667245864868164 0.89598327875137329102 0.89591634273529052734 0.88664394617080688477 0.89170181751251220703 0.89822000265121459961 0.89340603351593017578 0.89340603351593017578 0.88033396005630493164 0.89143961668014526367 0.89129960536956787109 0.90270990133285522461 0.90503191947937011719 0.90306854248046875 0.80714023113250732422 0.80766052007675170898 0.80766052007675170898 0.83121645450592041016 0.8272698521614074707 0.82620143890380859375 0.82637608051300048828 0.81345075368881225586 0.79661017656326293945 0.68262124061584472656 0.68262124061584472656 0.65264499187469482422 0.69230771064758300781 0.72585093975067138672 0.7136605381965637207 0.78695243597030639648 0.76348155736923217773
0.87754023075103759766 0.88766849040985107422 0.88637483119964599609 0.88960886001586914062 0.89325845241546630859 0.89224338531494140625 0.89466291666030883789 0.89466291666030883789 0.89884525537490844727 0.90141797065734863281 0.90211343765258789062 0.89999997615814208984 0.89774775505065917969 0.89604622125625610352 0.89968252182006835938 0.89968252182006835938 0.90012592077255249023 0.89874511957168579102 0.89659017324447631836 0.89652854204177856445 0.9020054936408996582 0.88505113124847412109 0.84466022253036499023 0.84466022253036499023 0.80448067188262939453 0.81181180477142333984 0.80828481912612915039 0.75159955024719238281 0.63753801584243774414 0.63451361656188964844 0.65957444906234741211 0.61412203311920166016 0.61412203311920166016 0.64506173133850097656 0.68352466821670532227 0.68271607160568237305 0.72008746862411499023 0.78385335206985473633 0.79463994503021240234
0.86571127176284790039 0.88733750581741333008 0.8909358978271484375 0.89077031612396240234 0.89698779582977294922 0.89918255805969238281 0.89918255805969238281 0.89674419164657592773 0.89518016576766967773 0.8958187103271484375 0.89664673805236816406 0.89324009418487548828 0.89417040348052978516 0.89673203229904174805 0.90063422918319702148 0.90063422918319702148 0.89982950687408447266 0.89924651384353637695 0.89120215177536010742 0.90441179275512695312 0.89333331584930419922 0.86922353506088256836 0.84858042001724243164 0.84858042001724243164 0.83524507284164428711 0.80606061220169067383 0.68176954984664916992 0.56673508882522583008 0.5293744206428527832 0.55260777473449707031 0.6027438044548034668 0.6027438044548034668 0.61748957633972167969 0.68232530355453491211 0.70512437820434570312 0.6755771636962890625 0.77341389656066894531 0.80925923585891723633 0.78040218353271484375
0.85822510719299316406 0.89748281240463256836 0.88733750581741333008 0.89456570148468017578 0.89438199996948242188 0.90105217695236206055 0.90105217695236206055 0.8956158757209777832 0.89264601469039916992 0.89002621173858642578 0.89248794317245483398 0.8944943547248840332 0.89645296335220336914 0.89412021636962890625 0.89412021636962890625 0.89982950687408447266 0.89836966991424560547 0.90085107088088989258 0.89127516746520996094 0.90011298656463623047 0.8713538050651550293 0.84872728586196899414 0.84364324808120727539 0.84364324808120727539 0.83989751338958740234 0.73264020681381225586 0.53528153896331787109 0.54000669717788696289 0.53482508659362792969 0.59441375732421875 0.62542760372161865234 0.62542760372161865234 0.64394593238830566406 0.73302513360977172852 0.71570926904678344727 0.67985391616821289062 0.83517122268676757812 0.84318244457244873047 0.81359905004501342773
0.87365663051605224609 0.89422178268432617188 0.88744384050369262695 0.89092594385147094727 0.89172118902206420898 0.88822722434997558594 0.88822722434997558594 0.8884220123291015625 0.88782423734664916992 0.88692414760589599609 0.89261126518249511719 0.89442682266235351562 0.89630931615829467773 0.89473682641983032227 0.89473682641983032227 0.89727193117141723633 0.89793336391448974609 0.89991658926010131836 0.89105230569839477539 0.88541913032531738281 0.88003218173980712891 0.84415584802627563477 0.83938008546829223633 0.83938008546829223633 0.75489252805709838867 0.57352417707443237305 0.53225809335708618164 0.55356550216674804688 0.56619888544082641602 0.62114286422729492188 0.63667136430740356445 0.63667136430740356445 0.68649888038635253906 0.72756135463714599609 0.68421053886413574219 0.69178712368011474609 0.81272292137145996094 0.84200054407119750977 0.84418541193008422852
0.87968748807907104492 0.88428950309753417969 0.88291287422180175781 0.88232535123825073242 0.88349068164825439453 0.88479262590408325195 0.88479262590408325195 0.88571429252624511719 0.88838267326354980469 0.89028573036193847656 0.89180552959442138672 0.89509534835815429688 0.89706206321716308594 0.89641779661178588867 0.89641779661178588867 0.89721810817718505859 0.89818179607391357422 0.8968048095703125 0.89608138799667358398 0.90784013271331787109 0.89239829778671264648 0.82033306360244750977 0.82033306360244750977 0.74802559614181518555 0.60853618383407592773 0.5200265049934387207 0.53861385583877563477 0.58167082071304321289 0.61329835653305053711 0.62404310703277587891 0.6711711883544921875 0.6711711883544921875 0.69362676143646240234 0.68524402379989624023 0.68901902437210083008 0.756542205810546875 0.80242532491683959961 0.83257400989532470703 0.84834122657775878906
0.87968748807907104492 0.85849779844284057617 0.87235093116760253906 0.87770825624465942383 0.88171792030334472656 0.88171792030334472656 0.88520467281341552734 0.88883930444717407227 0.88948309421539306641 0.89189189672470092773 0.89876216650009155273 0.8979180455207824707 0.90196079015731811523 0.90094041824340820312 0.90094041824340820312 0.8977635502815246582 0.89492428302764892578 0.89666593074798583984 0.89445912837982177734 0.90828675031661987305 0.83729255199432373047 0.65577769279479980469 0.65577769279479980469 0.60029172897338867188 0.53819918632507324219 0.53275251388549804688 0.56722557544708251953 0.61890864372253417969 0.63400167226791381836 0.6457627415657043457 0.71107363700866699219 0.71107363700866699219 0.68975389003753662109 0.67492794990539550781 0.69639247655868530273 0.81282979249954223633 0.82534730434417724609 0.84189724922180175781 0.84722220897674560547
0.83876311779022216797 0.8297984004020690918 0.88255530595779418945 0.88543140888214111328 0.8877811431884765625 0.8877811431884765625 0.892040252685546875 0.89256936311721801758 0.8891856074333190918 0.89489686489105224609 0.90140247344970703125 0.9017391204833984375 0.89561307430267333984 0.89619219303131103516 0.89619219303131103516 0.8971297144889831543 0.89829730987548828125 0.90042042732238769531 0.90650141239166259766 0.89771264791488647461 0.77194899320602416992 0.44469526410102844238 0.44469526410102844238 0.5435625910758972168 0.54364168643951416016 0.56326031684875488281 0.58163893222808837891 0.62789350748062133789 0.63698631525039672852 0.66084218025207519531 0.66084218025207519531 0.706233978271484375 0.68680214881896972656 0.67669820785522460938 0.69408369064331054688 0.81312566995620727539 0.83671200275421142578 0.83954805135726928711 0.84585422277450561523
0.73739129304885864258 0.80434781312942504883 0.89530330896377563477 0.89145439863204956055 0.8882916569709777832 0.8882916569709777832 0.88957333564758300781 0.89319515228271484375 0.89256936311721801758 0.89415657520294189453 0.89791578054428100586 0.89627718925476074219 0.85728591680526733398 0.85728591680526733398 0.78117191791534423828 0.77633291482925415039 0.88054609298706054688 0.89499038457870483398 0.86340415477752685547 0.81015449762344360352 0.59868150949478149414 0.39123922586441040039 0.39123922586441040039 0.54163700342178344727 0.55148738622665405273 0.5753676295280456543 0.58836275339126586914 0.61772686243057250977 0.65709209442138671875 0.66037738323211669922 0.66037738323211669922 0.70292395353317260742 0.70210278034210205078 0.70136272907257080078 0.71621227264404296875 0.78571426868438720703 0.84619641304016113281 0.84071820974349975586 0.84071820974349975586
0.72862350940704345703 0.72930204868316650391 0.7916666865348815918 0.88284313678741455078 0.88643383979797363281 0.88643383979797363281 0.88653802871704101562 0.88911706209182739258 0.89422005414962768555 0.89763778448104858398 0.89935481548309326172 0.89875555038452148438 0.83684086799621582031 0.83684086799621582031 0.73476111888885498047 0.73660206794738769531 0.79889732599258422852 0.85964912176132202148 0.76837062835693359375 0.54686874151229858398 0.31329381465911865234 0.31329381465911865234 0.40357407927513122559 0.54111307859420776367 0.549518585205078125 0.56881928443908691406 0.58434116840362548828 0.61724895238876342773 0.66192829608917236328 0.66303032636642456055 0.66303032636642456055 0.68645083904266357422 0.70875519514083862305 0.72334802150726318359 0.73262029886245727539 0.77191942930221557617 0.82498526573181152344 0.83774942159652709961 0.83774942159652709961
0.84296447038650512695 0.85502046346664428711 0.76092821359634399414 0.78445321321487426758 0.78445321321487426758 0.864654541015625 0.8868096470832824707 0.89170509576797485352 0.89309173822402954102 0.89353615045547485352 0.89914494752883911133 0.89646959304809570312 0.87221598625183105469 0.87221598625183105469 0.84797537326812744141 0.77983653545379638672 0.74217087030410766602 0.73399364948272705078 0.75947523117065429688 0.49571427702903747559 0.28646892309188842773 0.28646892309188842773 0.44198474287986755371 0.58059912919998168945 0.57062542438507080078 0.57865363359451293945 0.59766966104507446289 0.59447628259658813477 0.63221389055252075195 0.65230959653854370117 0.65230959653854370117 0.65890532732009887695 0.67844313383102416992 0.70870870351791381836 0.73248016834259033203 0.74470698833465576172 0.78967255353927612305 0.84467351436614990234 0.84467351436614990234
