samples/ndvi/map_ndvi_2017-02-28.asc
ncols        322
nrows        306
xllcorner    -53.726171018035
yllcorner    -28.476684338117
cellsize     0.000269494585
NODATA_value  -9999
[rows 153 to 169 of 306, columns 39 to 77 of 322]
0.89154630899429321289 0.88807302713394165039 0.90456587076187133789 0.9128398895263671875 0.9128398895263671875 0.9135405421257019043 0.91430592536926269531 0.91451805830001831055 0.91659516096115112305 0.91721796989440917969 0.9138228297233581543 0.90972220897674560547 0.90972220897674560547 0.89027202129364013672 0.8943207859992980957 0.91159999370574951172 0.91817319393157958984 0.9216403961181640625 0.92133623361587524414 0.91979861259460449219 0.91832822561264038086 0.91797304153442382812 0.9151681065559387207 0.91198658943176269531 0.91380441188812255859 0.90645325183868408203 0.89322495460510253906 0.89962428808212280273 0.90817213058471679688 0.90817213058471679688 0.90818989276885986328 0.90611064434051513672 0.90459966659545898438 0.92135941982269287109 0.91640424728393554688 0.90412372350692749023 0.89100128412246704102 0.89100128412246704102 0.88364970684051513672
0.9158675074577331543 0.89672428369522094727 0.88256955146789550781 0.91152071952819824219 0.91152071952819824219 0.91027027368545532227 0.91098451614379882812 0.91255086660385131836 0.91516214609146118164 0.91742646694183349609 0.91372144222259521484 0.91236913204193115234 0.91236913204193115234 0.90945875644683837891 0.90104275941848754883 0.90618765354156494141 0.91799193620681762695 0.92052978277206420898 0.92118048667907714844 0.92095851898193359375 0.92095851898193359375 0.92187219858169555664 0.91932594776153564453 0.91833060979843139648 0.91901534795761108398 0.91630649566650390625 0.90629649162292480469 0.90230667591094970703 0.90642642974853515625 0.90642642974853515625 0.90273559093475341797 0.89855438470840454102 0.9027493596076965332 0.92000001668930053711 0.91952538490295410156 0.90778100490570068359 0.89894652366638183594 0.89894652366638183594 0.89062058925628662109
0.92344850301742553711 0.88128817081451416016 0.87701076269149780273 0.87701076269149780273 0.90474456548690795898 0.90977442264556884766 0.9089615941047668457 0.91154789924621582031 0.91629195213317871094 0.91812866926193237305 0.91703504323959350586 0.91343963146209716797 0.91343963146209716797 0.90859234333038330078 0.90652263164520263672 0.9095592498779296875 0.91741740703582763672 0.91770756244659423828 0.92080634832382202148 0.92213410139083862305 0.92213410139083862305 0.92289590835571289062 0.92041963338851928711 0.91733139753341674805 0.91773504018783569336 0.91766172647476196289 0.91507834196090698242 0.90574121475219726562 0.90574121475219726562 0.90118396282196044922 0.88998395204544067383 0.8179658055305480957 0.87142509222030639648 0.92127496004104614258 0.90701705217361450195 0.90608698129653930664 0.89173108339309692383 0.89173108339309692383 0.89429569244384765625
0.92614805698394775391 0.86544853448867797852 0.83492422103881835938 0.83492422103881835938 0.88245642185211181641 0.90660512447357177734 0.91027903556823730469 0.91333103179931640625 0.91706812381744384766 0.91925358772277832031 0.91843611001968383789 0.91843611001968383789 0.91346967220306396484 0.90668523311614990234 0.90833336114883422852 0.91608130931854248047 0.91302549839019775391 0.91126012802124023438 0.92091417312622070312 0.92128545045852661133 0.92128545045852661133 0.92289590835571289062 0.92202168703079223633 0.92114692926406860352 0.92122924327850341797 0.92192924022674560547 0.92357778549194335938 0.92179727554321289062 0.92179727554321289062 0.91616338491439819336 0.90623235702514648438 0.86860704421997070312 0.88386523723602294922 0.92402762174606323242 0.89306026697158813477 0.90471988916397094727 0.89401572942733764648 0.89401572942733764648 0.89364784955978393555
0.9184284210205078125 0.84003168344497680664 0.80218619108200073242 0.80218619108200073242 0.86850368976593017578 0.90776354074478149414 0.91063827276229858398 0.91360843181610107422 0.91866850852966308594 0.91901469230651855469 0.92017590999603271484 0.92017590999603271484 0.91581457853317260742 0.90773510932922363281 0.91008508205413818359 0.914775848388671875 0.91828715801239013672 0.91524749994277954102 0.92138940095901489258 0.92355298995971679688 0.92355298995971679688 0.92395853996276855469 0.92332613468170166016 0.9231319427490234375 0.92245042324066162109 0.92436391115188598633 0.92332816123962402344 0.92457300424575805664 0.92457300424575805664 0.9240677952766418457 0.92184299230575561523 0.8877455592155456543 0.82741791009902954102 0.86238116025924682617 0.86831498146057128906 0.90398919582366943359 0.90398919582366943359 0.90193843841552734375 0.89674144983291625977
0.90539264678955078125 0.84817063808441162109 0.8553606867790222168 0.8553606867790222168 0.88776773214340209961 0.90488153696060180664 0.91094422340393066406 0.91399365663528442383 0.91839557886123657227 0.91835343837738037109 0.9166094660758972168 0.9166094660758972168 0.91077935695648193359 0.9065564274787902832 0.90728127956390380859 0.91102659702301025391 0.91699236631393432617 0.91799885034561157227 0.91944086551666259766 0.91944086551666259766 0.92153984308242797852 0.92239350080490112305 0.92246663570404052734 0.9231045842170715332 0.92295402288436889648 0.92319774627685546875 0.92435234785079956055 0.92514097690582275391 0.92514097690582275391 0.9262377619743347168 0.92658102512359619141 0.91877818107604980469 0.86302578449249267578 0.83072102069854736328 0.85220497846603393555 0.89218747615814208984 0.89218747615814208984 0.90360546112060546875 0.89673048257827758789
0.89157831668853759766 0.87720704078674316406 0.87720704078674316406 0.89950484037399291992 0.90633904933929443359 0.9077364802360534668 0.91288763284683227539 0.91441762447357177734 0.9164765477180480957 0.91604769229888916016 0.91295337677001953125 0.91295337677001953125 0.90802997350692749023 0.90684133768081665039 0.89886826276779174805 0.90769231319427490234 0.9166978001594543457 0.91904497146606445312 0.92106235027313232422 0.92106235027313232422 0.92159008979797363281 0.92069524526596069336 0.9229106903076171875 0.92503589391708374023 0.92384982109069824219 0.92337298393249511719 0.92135024070739746094 0.92246729135513305664 0.92246729135513305664 0.92409354448318481445 0.92833554744720458984 0.9267495274543762207 0.89961391687393188477 0.84619104862213134766 0.83154958486557006836 0.89315837621688842773 0.89315837621688842773 0.90152490139007568359 0.89687925577163696289
0.86672186851501464844 0.87081241607666015625 0.87081241607666015625 0.90744102001190185547 0.90536165237426757812 0.91012042760848999023 0.91047996282577514648 0.91310620307922363281 0.9146969914436340332 0.91558670997619628906 0.91481226682662963867 0.91481226682662963867 0.90971982479095458984 0.90458965301513671875 0.89489567279815673828 0.90654206275939941406 0.91304349899291992188 0.91677552461624145508 0.91924780607223510742 0.91924780607223510742 0.92125409841537475586 0.92246663570404052734 0.92184978723526000977 0.92199468612670898438 0.92344331741333007812 0.92346674203872680664 0.92102974653244018555 0.92102974653244018555 0.92249399423599243164 0.92456018924713134766 0.92777872085571289062 0.92500823736190795898 0.91758829355239868164 0.8694388270378112793 0.84782129526138305664 0.8982785344123840332 0.8982785344123840332 0.89513534307479858398 0.89183795452117919922
0.83832722902297973633 0.87925881147384643555 0.87925881147384643555 0.91039824485778808594 0.90320235490798950195 0.91202026605606079102 0.91307497024536132812 0.91422861814498901367 0.9148247838020324707 0.91638618707656860352 0.91638618707656860352 0.91641789674758911133 0.90715801715850830078 0.90116679668426513672 0.89590144157409667969 0.89037817716598510742 0.90935844182968139648 0.91571879386901855469 0.91951489448547363281 0.91951489448547363281 0.92285192012786865234 0.92423701286315917969 0.92387419939041137695 0.92408657073974609375 0.92466115951538085938 0.9224078059196472168 0.92139887809753417969 0.92139887809753417969 0.92281305789947509766 0.92402917146682739258 0.92371588945388793945 0.92262005805969238281 0.92050522565841674805 0.90775310993194580078 0.85777968168258666992 0.85777968168258666992 0.86655652523040771484 0.91245537996292114258 0.9044030308723449707
0.83578217029571533203 0.88805967569351196289 0.88805967569351196289 0.90905714035034179688 0.89760965108871459961 0.91058123111724853516 0.91508054733276367188 0.91434848308563232422 0.9143841862678527832 0.91173267364501953125 0.91173267364501953125 0.91111910343170166016 0.90408658981323242188 0.89527106285095214844 0.89567428827285766602 0.88931906223297119141 0.91138488054275512695 0.9153817296028137207 0.9153817296028137207 0.92020499706268310547 0.92234778404235839844 0.9231879115104675293 0.92387419939041137695 0.92409533262252807617 0.92318433523178100586 0.92227977514266967773 0.92204672098159790039 0.92204672098159790039 0.92324823141098022461 0.92404633760452270508 0.92025899887084960938 0.91847538948059082031 0.91638654470443725586 0.89814811944961547852 0.85379570722579956055 0.85379570722579956055 0.81983709335327148438 0.89990031719207763672 0.93029391765594482422
0.85989415645599365234 0.89201879501342773438 0.89201879501342773438 0.90494298934936523438 0.90356314182281494141 0.90551179647445678711 0.91005784273147583008 0.91243302822113037109 0.91249769926071166992 0.91106212139129638672 0.91106212139129638672 0.90820026397705078125 0.90448457002639770508 0.90359210968017578125 0.89473682641983032227 0.90198618173599243164 0.9139912724494934082 0.91697973012924194336 0.91697973012924194336 0.92055648565292358398 0.92198324203491210938 0.92251992225646972656 0.92350310087203979492 0.92267137765884399414 0.92174673080444335938 0.92216700315475463867 0.92369002103805541992 0.92369002103805541992 0.92365115880966186523 0.92478919029235839844 0.91594904661178588867 0.91961652040481567383 0.9032891392707824707 0.88229423761367797852 0.84292632341384887695 0.84292632341384887695 0.84281396865844726562 0.90812569856643676758 0.92773765325546264648
0.88163435459136962891 0.88163435459136962891 0.8927720189094543457 0.89774435758590698242 0.8991820216178894043 0.90610510110855102539 0.90818667411804199219 0.91145038604736328125 0.91462719440460205078 0.91381216049194335938 0.91381216049194335938 0.9101002812385559082 0.89981025457382202148 0.88676279783248901367 0.89425396919250488281 0.9102274775505065918 0.91455698013305664062 0.9183597564697265625 0.9183597564697265625 0.91988348960876464844 0.92227697372436523438 0.92139106988906860352 0.92298090457916259766 0.92153412103652954102 0.92285072803497314453 0.92271023988723754883 0.92271023988723754883 0.92585104703903198242 0.92372596263885498047 0.92607593536376953125 0.91807562112808227539 0.92116433382034301758 0.8862559199333190918 0.83022278547286987305 0.81466513872146606445 0.81466513872146606445 0.87202584743499755859 0.92568093538284301758 0.92858445644378662109
0.87294024229049682617 0.87294024229049682617 0.90465158224105834961 0.89280843734741210938 0.89547038078308105469 0.89759385585784912109 0.89961540699005126953 0.90969246625900268555 0.91332447528839111328 0.91332447528839111328 0.91367173194885253906 0.9081872105598449707 0.86111682653427124023 0.82512682676315307617 0.8974959254264831543 0.91378289461135864258 0.90855515003204345703 0.91582489013671875 0.91582489013671875 0.91843390464782714844 0.92139738798141479492 0.92079925537109375 0.92165243625640869141 0.92338782548904418945 0.92257171869277954102 0.92331290245056152344 0.92331290245056152344 0.92539846897125244141 0.92462396621704101562 0.92173910140991210938 0.91713327169418334961 0.90868014097213745117 0.85292446613311767578 0.77206701040267944336 0.82518440485000610352 0.82518440485000610352 0.90432894229888916016 0.93658101558685302734 0.92983102798461914062
0.86385244131088256836 0.86385244131088256836 0.91326975822448730469 0.90777897834777832031 0.90811479091644287109 0.90231072902679443359 0.90232187509536743164 0.90431016683578491211 0.894603729248046875 0.894603729248046875 0.90178573131561279297 0.89316236972808837891 0.82407861948013305664 0.84932637214660644531 0.89504617452621459961 0.91062563657760620117 0.91104847192764282227 0.91567850112915039062 0.91567850112915039062 0.91795808076858520508 0.92030429840087890625 0.9214337468147277832 0.92182761430740356445 0.92165815830230712891 0.92291736602783203125 0.92240041494369506836 0.92240041494369506836 0.92277330160140991211 0.92159557342529296875 0.91701245307922363281 0.91258448362350463867 0.88445806503295898438 0.82473284006118774414 0.76267528533935546875 0.76267528533935546875 0.84105640649795532227 0.91514265537261962891 0.93352395296096801758 0.92940753698348999023
0.8741232752799987793 0.8741232752799987793 0.91319626569747924805 0.91164243221282958984 0.91025424003601074219 0.90466141700744628906 0.89564126729965209961 0.90093898773193359375 0.88702559471130371094 0.88702559471130371094 0.87318307161331176758 0.88273614645004272461 0.87728399038314819336 0.89406973123550415039 0.90953028202056884766 0.91605699062347412109 0.91542190313339233398 0.91542190313339233398 0.91646373271942138672 0.91779321432113647461 0.92116791009902954102 0.92159712314605712891 0.92077434062957763672 0.92158931493759155273 0.92234683036804199219 0.92144483327865600586 0.92144483327865600586 0.92285275459289550781 0.91781777143478393555 0.90666925907135009766 0.90809935331344604492 0.84918212890625 0.79200541973114013672 0.74173551797866821289 0.74173551797866821289 0.8936983942985534668 0.93102228641510009766 0.93189191818237304688 0.93050605058670043945
0.85133343935012817383 0.90269887447357177734 0.91148579120635986328 0.91238832473754882812 0.91238880157470703125 0.90663647651672363281 0.89338088035583496094 0.88959658145904541016 0.89438605308532714844 0.89438605308532714844 0.89574760198593139648 0.89576411247253417969 0.88169866800308227539 0.90103179216384887695 0.91451370716094970703 0.91733330488204956055 0.91437309980392456055 0.91437309980392456055 0.91895377635955810547 0.91868734359741210938 0.92080289125442504883 0.91989850997924804688 0.9200286865234375 0.92158931493759155273 0.92094725370407104492 0.92094725370407104492 0.92222219705581665039 0.92189389467239379883 0.91325038671493530273 0.91143774986267089844 0.91383326053619384766 0.82691735029220581055 0.76610976457595825195 0.77439570426940917969 0.77439570426940917969 0.92566567659378051758 0.93205946683883666992 0.93196058273315429688 0.93019944429397583008
0.87634712457656860352 0.91415554285049438477 0.9110876917839050293 0.91084855794906616211 0.91159069538116455078 0.90785908699035644531 0.90308171510696411133 0.90309447050094604492 0.89986217021942138672 0.89986217021942138672 0.90471869707107543945 0.89054024219512939453 0.88189548254013061523 0.88124036788940429688 0.91197180747985839844 0.91257053613662719727 0.91160869598388671875 0.91160869598388671875 0.91872924566268920898 0.91861313581466674805 0.91910028457641601562 0.91896271705627441406 0.92008602619171142578 0.92125707864761352539 0.92302381992340087891 0.92302381992340087891 0.92274677753448486328 0.91060250997543334961 0.89095795154571533203 0.89701128005981445312 0.90679979324340820312 0.83753335475921630859 0.82646155357360839844 0.87804311513900756836 0.87804311513900756836 0.92986303567886352539 0.9308986663818359375 0.93092340230941772461 0.92986220121383666992
