samples/et/map_et_2017-02-28.asc
ncols        322
nrows        306
xllcorner    -53.726171018035
yllcorner    -28.476684338117
cellsize     0.000269494585
NODATA_value  -1
[rows 108 to 125 of 306, columns 280 to 319 of 322]
1.7208765745162963867 2.0858664512634277344 2.6717460155487060547 3.075244903564453125 3.1443169116973876953 3.511150360107421875 3.9753546714782714844 4.2976851463317871094 4.1776137351989746094 4.4698510169982910156 4.5783891677856445312 4.5951991081237792969 4.4779348373413085938 4.3813099861145019531 4.3582372665405273438 4.3470959663391113281 4.3198366165161132812 4.2868623733520507812 4.2679905891418457031 4.2696733474731445312 4.2687869071960449219 4.26853179931640625 4.2675914764404296875 4.2688717842102050781 4.2688422203063964844 4.2715806961059570312 4.2320909500122070312 4.2687830924987792969 4.1437768936157226562 4.0626020431518554688 4.0446591377258300781 3.9642465114593505859 4.0314631462097167969 4.0037031173706054688 3.8532812595367431641 3.8530008792877197266 3.8514094352722167969 3.8087825775146484375 3.7049927711486816406 3.7791028022766113281
1.8188340663909912109 2.0616617202758789062 2.4137198925018310547 2.8199541568756103516 3.1253249645233154297 3.29257965087890625 3.7898416519165039062 3.9948368072509765625 4.1883292198181152344 4.4777321815490722656 4.5391750335693359375 4.4995427131652832031 4.5146489143371582031 4.5076107978820800781 4.5124940872192382812 4.4801430702209472656 4.4002771377563476562 4.316287994384765625 4.27374267578125 4.2005796432495117188 4.2659869194030761719 4.2700090408325195312 4.2710614204406738281 4.2704167366027832031 4.2699108123779296875 4.269252777099609375 4.2713670730590820312 4.233592987060546875 4.221435546875 4.2559223175048828125 4.0694651603698730469 3.8928616046905517578 3.9156870841979980469 4.0122981071472167969 3.9030942916870117188 3.8403170108795166016 3.8303520679473876953 3.7786448001861572266 3.6144807338714599609 3.6350409984588623047
2.0087170600891113281 2.2441134452819824219 2.4402005672454833984 2.7845053672790527344 3.2158064842224121094 3.3475706577301025391 3.7351665496826171875 4.1390705108642578125 4.314868927001953125 4.5110192298889160156 4.7408738136291503906 4.5241947174072265625 4.466793060302734375 4.4989471435546875 4.5522336959838867188 4.5485110282897949219 4.4802112579345703125 4.3893218040466308594 4.3284883499145507812 4.2831301689147949219 4.2266478538513183594 4.2742471694946289062 4.2801923751831054688 4.281070709228515625 4.2799878120422363281 4.2788343429565429688 4.2759075164794921875 4.2734775543212890625 4.2675452232360839844 4.2630186080932617188 4.2579336166381835938 4.0681123733520507812 3.9674799442291259766 3.9592633247375488281 4.0335416793823242188 3.8335947990417480469 3.7983539104461669922 3.7376534938812255859 3.6305837631225585938 3.5797786712646484375
2.3872869014739990234 2.4489941596984863281 2.6346268653869628906 3.0073733329772949219 3.266086578369140625 3.5398223400115966797 3.8259875774383544922 4.206096649169921875 4.5073990821838378906 4.5518255233764648438 4.8165645599365234375 4.8311734199523925781 4.6308293342590332031 4.4885792732238769531 4.4208827018737792969 4.4180850982666015625 4.4386096000671386719 4.4335718154907226562 4.4047489166259765625 4.3588881492614746094 4.3087697029113769531 4.3083181381225585938 4.297515869140625 4.2403416633605957031 4.1500935554504394531 4.2023806571960449219 4.2809095382690429688 4.2704348564147949219 4.264575958251953125 4.2550902366638183594 4.2612504959106445312 4.1519370079040527344 4.0872597694396972656 4.0427861213684082031 4.02953338623046875 4.0274305343627929688 3.8877642154693603516 3.7609434127807617188 3.6148476600646972656 3.5700483322143554688
2.5082883834838867188 2.6180841922760009766 2.94164276123046875 3.2035734653472900391 3.4544186592102050781 3.7024009227752685547 3.9758744239807128906 4.0816502571105957031 4.3986558914184570312 4.4985823631286621094 4.7071566581726074219 4.7604055404663085938 4.8922410011291503906 4.6632056236267089844 4.4583272933959960938 4.3725485801696777344 4.383945465087890625 4.4029388427734375 4.4020752906799316406 4.3887310028076171875 4.3686404228210449219 4.3220434188842773438 4.3371057510375976562 4.3096151351928710938 4.23844146728515625 4.0068674087524414062 4.0853929519653320312 4.1351933479309082031 4.2149796485900878906 4.1410474777221679688 4.0497908592224121094 4.1264629364013671875 4.0447745323181152344 4.0158452987670898438 4.0939502716064453125 4.0229969024658203125 3.9037489891052246094 3.9350259304046630859 3.7463679313659667969 3.5414700508117675781
2.6629831790924072266 2.7123324871063232422 3.033954620361328125 3.4730670452117919922 3.7000749111175537109 3.8913288116455078125 3.9806261062622070312 4.1983470916748046875 4.2658486366271972656 4.39092254638671875 4.4821648597717285156 4.6118369102478027344 4.77935791015625 4.7727007865905761719 4.5290255546569824219 4.36295318603515625 4.3677706718444824219 4.3888859748840332031 4.3748774528503417969 4.3573579788208007812 4.3595018386840820312 4.25904083251953125 4.3202791213989257812 4.3710494041442871094 4.3618221282958984375 4.1278882026672363281 4.0563006401062011719 3.9595913887023925781 4.0247030258178710938 4.1404585838317871094 4.0036454200744628906 3.937686920166015625 4.037860870361328125 4.0336828231811523438 3.9986090660095214844 4.1352448463439941406 3.9075512886047363281 3.8288745880126953125 3.7708103656768798828 3.6543035507202148438
3.0116150379180908203 3.1866052150726318359 3.4332780838012695312 3.7237637042999267578 3.8456997871398925781 4.0719580650329589844 4.2042069435119628906 4.320720672607421875 4.3664731979370117188 4.3940768241882324219 4.3633093833923339844 4.52095794677734375 4.70446014404296875 4.7316937446594238281 4.5643587112426757812 4.3315768241882324219 4.3120503425598144531 4.3905472755432128906 4.3815007209777832031 4.3608193397521972656 4.3552060127258300781 4.3474063873291015625 4.1929526329040527344 4.2651844024658203125 4.3850317001342773438 4.1533541679382324219 4.1221752166748046875 4.0205478668212890625 3.9519312381744384766 4.0057730674743652344 3.9431211948394775391 3.8450567722320556641 3.8881046772003173828 4.0154066085815429688 4.0094647407531738281 3.9949467182159423828 3.9642765522003173828 3.8061118125915527344 3.7230112552642822266 3.6735785007476806641
3.4538083076477050781 3.7106561660766601562 3.8620944023132324219 3.9655716419219970703 4.1220111846923828125 4.2946476936340332031 4.3274741172790527344 4.2939362525939941406 4.2199606895446777344 4.3246769905090332031 4.3065781593322753906 4.2836098670959472656 4.5905280113220214844 4.7272081375122070312 4.2880239486694335938 4.2028856277465820312 4.23563385009765625 4.3582015037536621094 4.3692402839660644531 4.3612065315246582031 4.3552269935607910156 4.3514451980590820312 4.3509707450866699219 4.3536667823791503906 4.3138699531555175781 4.2433004379272460938 4.0945558547973632812 4.0330586433410644531 4.0390257835388183594 4.1428842544555664062 4.047267913818359375 3.8511750698089599609 3.7729237079620361328 3.8141102790832519531 3.8114154338836669922 3.9588117599487304688 3.8648173809051513672 3.8091907501220703125 3.8000426292419433594 3.7232134342193603516
3.6401045322418212891 3.8131716251373291016 3.8642971515655517578 4.0691838264465332031 4.2133054733276367188 4.4302763938903808594 4.2523913383483886719 3.9834759235382080078 4.0791287422180175781 4.2751116752624511719 4.3240971565246582031 4.2403941154479980469 4.2781529426574707031 4.4151406288146972656 4.1043977737426757812 4.0128927230834960938 4.1443514823913574219 4.2109975814819335938 4.3300518989562988281 4.327960968017578125 4.3260402679443359375 4.1404895782470703125 4.1886796951293945312 4.4187288284301757812 4.265407562255859375 4.1253838539123535156 3.9881772994995117188 4.0244884490966796875 3.9176363945007324219 4.01842498779296875 4.0858035087585449219 3.9441959857940673828 3.9102001190185546875 3.8611965179443359375 3.7491292953491210938 3.7612779140472412109 3.8067314624786376953 3.7673120498657226562 3.7371320724487304688 3.7838768959045410156
3.7746005058288574219 3.93841552734375 3.8139712810516357422 4.0011267662048339844 4.2141366004943847656 4.2323069572448730469 4.1729207038879394531 3.9897577762603759766 3.9501934051513671875 4.2677683830261230469 4.4082341194152832031 4.3155612945556640625 4.1549444198608398438 4.1411304473876953125 4.0185809135437011719 3.9763171672821044922 4.0530576705932617188 4.2743048667907714844 4.2663064002990722656 4.1522397994995117188 3.9672176837921142578 3.7883439064025878906 3.9238665103912353516 4.0572309494018554688 4.181064605712890625 4.0723738670349121094 3.9812099933624267578 3.8894486427307128906 3.8168041706085205078 3.8269782066345214844 3.9704515933990478516 3.9646403789520263672 3.9672954082489013672 3.9341058731079101562 3.8980777263641357422 3.8108618259429931641 3.718929290771484375 3.6194941997528076172 3.6428530216217041016 3.6409401893615722656
3.9399049282073974609 4.0652112960815429688 3.9766037464141845703 4.0472440719604492188 4.2025370597839355469 4.1593570709228515625 4.1139330863952636719 4.0080280303955078125 4.0106744766235351562 4.0389156341552734375 4.1644549369812011719 4.1676540374755859375 4.1075606346130371094 3.9724431037902832031 3.9646370410919189453 4.0017557144165039062 4.1169948577880859375 4.2861313819885253906 4.251728057861328125 4.014995574951171875 3.90838623046875 3.5933520793914794922 3.6438250541687011719 3.7382538318634033203 3.8195712566375732422 3.8441989421844482422 3.9752302169799804688 3.9197766780853271484 3.8388473987579345703 3.8308241367340087891 3.8269367218017578125 3.9352247714996337891 3.9935114383697509766 4.0478234291076660156 3.9641706943511962891 3.9444620609283447266 3.7487590312957763672 3.6151666641235351562 3.5078046321868896484 3.5070211887359619141
4.0365705490112304688 4.1606402397155761719 4.1409807205200195312 4.2059421539306640625 4.1863608360290527344 4.0762481689453125 3.999683380126953125 4.0148229598999023438 4.0671672821044921875 4.1045780181884765625 3.9827315807342529297 3.9759640693664550781 3.9892802238464355469 3.9558663368225097656 4.0574369430541992188 4.0575604438781738281 4.2453365325927734375 4.2893524169921875 4.2456998825073242188 4.1071276664733886719 4.0128741264343261719 3.7173964977264404297 3.5729622840881347656 3.5233805179595947266 3.6454439163208007812 3.5449175834655761719 3.6565566062927246094 3.7413408756256103516 3.8214120864868164062 3.8726181983947753906 3.8224306106567382812 3.8661358356475830078 3.8935115337371826172 4.033573150634765625 4.0360579490661621094 3.9719555377960205078 3.8920445442199707031 3.80657196044921875 3.6340122222900390625 3.4880156517028808594
3.9692165851593017578 4.1287665367126464844 4.2457470893859863281 4.3532919883728027344 4.3316593170166015625 4.1050291061401367188 3.9340331554412841797 4.0237054824829101562 4.2609815597534179688 4.1130394935607910156 3.9637250900268554688 3.9494681358337402344 3.892284393310546875 3.9078192710876464844 4.0466461181640625 4.103450775146484375 4.2705521583557128906 4.2915892601013183594 4.1358003616333007812 3.9983453750610351562 3.9303052425384521484 3.9048161506652832031 3.7290430068969726562 3.5343084335327148438 3.4296221733093261719 3.3407034873962402344 3.3680315017700195312 3.4970598220825195312 3.7001562118530273438 3.8148674964904785156 3.8098864555358886719 3.9358789920806884766 4.0084948539733886719 3.9308118820190429688 3.8840653896331787109 3.8593971729278564453 3.7568123340606689453 3.8121809959411621094 3.8356726169586181641 3.7421338558197021484
3.9101259708404541016 4.0711903572082519531 4.1664242744445800781 4.3538799285888671875 4.3857645988464355469 4.0426688194274902344 3.9273738861083984375 3.9895141124725341797 4.1490268707275390625 4.2541422843933105469 4.072147369384765625 3.9425303936004638672 3.8976526260375976562 3.8038973808288574219 3.8679869174957275391 3.9470925331115722656 4.1657309532165527344 4.2983031272888183594 4.1593403816223144531 3.9523584842681884766 3.7914338111877441406 3.8960251808166503906 3.7903115749359130859 3.5715115070343017578 3.3910632133483886719 3.2739725112915039062 3.3087089061737060547 3.3586850166320800781 3.5023851394653320312 3.7519047260284423828 3.7607235908508300781 3.9177851676940917969 4.1237621307373046875 4.0077652931213378906 3.7343618869781494141 3.7855603694915771484 3.7772135734558105469 3.6903977394104003906 3.7165334224700927734 3.8329002857208251953
3.7869060039520263672 4.0039563179016113281 4.1414303779602050781 4.3183412551879882812 4.2662148475646972656 4.1283445358276367188 3.8917663097381591797 3.9255847930908203125 4.1419420242309570312 4.2398142814636230469 3.9942166805267333984 3.7455654144287109375 3.8322277069091796875 3.8263375759124755859 3.8378853797912597656 3.8578517436981201172 4.0649867057800292969 4.1977839469909667969 4.1057801246643066406 4.0064358711242675781 3.9369335174560546875 3.9636068344116210938 3.8766863346099853516 3.6051259040832519531 3.4132249355316162109 3.2727062702178955078 3.2608709335327148438 3.4006848335266113281 3.494457244873046875 3.6303896903991699219 3.8538277149200439453 4.0058875083923339844 4.1359572410583496094 4.080638885498046875 3.9311997890472412109 3.7525594234466552734 3.7898592948913574219 3.6693832874298095703 3.6450128555297851562 3.7814824581146240234
3.7840373516082763672 3.8835074901580810547 4.076068878173828125 4.1591811180114746094 4.2185459136962890625 4.2458219528198242188 4.1918978691101074219 4.0840315818786621094 4.0997061729431152344 4.0829973220825195312 4.0048246383666992188 3.8643803596496582031 3.8231108188629150391 3.8246335983276367188 3.8200838565826416016 3.8214085102081298828 3.9502086639404296875 4.0858283042907714844 4.0016112327575683594 3.8653903007507324219 4.0099024772644042969 4.1394476890563964844 3.9007160663604736328 3.7671651840209960938 3.5259594917297363281 3.3618984222412109375 3.2866485118865966797 3.3531236648559570312 3.4571182727813720703 3.6179244518280029297 3.8990066051483154297 4.1531929969787597656 4.2390885353088378906 4.0982317924499511719 3.9143691062927246094 3.8478233814239501953 3.6804816722869873047 3.4894402027130126953 3.3727235794067382812 3.4629449844360351562
3.6906585693359375 3.8509142398834228516 4.061801910400390625 4.0771918296813964844 3.9950089454650878906 4.1234178543090820312 4.2853784561157226562 4.2046322822570800781 4.156467437744140625 4.2542247772216796875 4.2393288612365722656 4.042224884033203125 3.8105814456939697266 3.7511518001556396484 3.7977275848388671875 3.7901592254638671875 3.8243083953857421875 3.9960911273956298828 3.9937164783477783203 3.8760333061218261719 3.8900442123413085938 4.10570526123046875 4.0432567596435546875 3.9300568103790283203 3.7005605697631835938 3.5653100013732910156 3.3984968662261962891 3.4091594219207763672 3.4053955078125 3.5018048286437988281 3.7972033023834228516 4.0399065017700195312 4.1277141571044921875 4.1144461631774902344 3.9314787387847900391 3.773029327392578125 3.5725450515747070312 3.4176836013793945312 3.3451941013336181641 3.3469355106353759766
3.7340731620788574219 3.8568274974822998047 4.0581941604614257812 4.1030120849609375 3.9764444828033447266 3.9967298507690429688 4.108158111572265625 4.1375012397766113281 4.1569051742553710938 4.1958913803100585938 4.2448506355285644531 4.1742048263549804688 4.0387377738952636719 3.8733870983123779297 3.8014819622039794922 3.7948994636535644531 3.6698632240295410156 3.6635248661041259766 3.8967425823211669922 4.0133767127990722656 4.0666041374206542969 3.9596798419952392578 4.1608109474182128906 4.100193023681640625 3.8628551959991455078 3.5760884284973144531 3.3639020919799804688 3.299713134765625 3.4170217514038085938 3.5692563056945800781 3.7821977138519287109 4.0258269309997558594 3.9996221065521240234 4.0306491851806640625 4.0129604339599609375 3.8577868938446044922 3.7039418220520019531 3.5148906707763671875 3.3977162837982177734 3.3421480655670166016
