samples/et/map_et_2017-04-01.asc
ncols        322
nrows        306
xllcorner    -53.726171018035
yllcorner    -28.476684338117
cellsize     0.000269494585
NODATA_value  -1
[rows 144 to 161 of 306, columns 40 to 79 of 322]
0.81803929805755615234 1.3579317331314086914 2.3527610301971435547 2.1559264659881591797 1.4436557292938232422 1.4995275735855102539 2.0942852497100830078 2.3675589561462402344 2.4310274124145507812 2.5948596000671386719 3.0443854331970214844 3.8201220035552978516 4.4121685028076171875 4.5674457550048828125 4.7416300773620605469 4.5261173248291015625 4.3143701553344726562 4.0188441276550292969 3.5830810070037841797 3.4469046592712402344 3.0442681312561035156 2.3715682029724121094 2.3302814960479736328 1.9044181108474731445 1.8456335067749023438 1.7349199056625366211 1.7103724479675292969 1.722039341926574707 1.8416199684143066406 2.7759649753570556641 4.0859885215759277344 4.0115809440612792969 3.1097118854522705078 1.9518145322799682617 1.3759812116622924805 1.4005500078201293945 1.9004102945327758789 2.1555037498474121094 2.2486977577209472656 1.9455876350402832031
1.1368907690048217773 1.7690699100494384766 2.3696064949035644531 2.8092305660247802734 2.4363114833831787109 1.9903045892715454102 1.9071204662322998047 2.55918121337890625 2.9288763999938964844 2.9620180130004882812 3.3547823429107666016 4.0269079208374023438 4.5988097190856933594 4.4677882194519042969 4.9122185707092285156 5.0817923545837402344 4.7242984771728515625 4.3266186714172363281 3.9956312179565429688 3.9357385635375976562 3.6935884952545166016 3.4479098320007324219 3.0294899940490722656 2.7847614288330078125 2.29828643798828125 1.9255796670913696289 1.7969355583190917969 1.8007544279098510742 1.8827022314071655273 2.4466652870178222656 3.6741557121276855469 4.2685537338256835938 3.7083468437194824219 2.8648087978363037109 2.0791065692901611328 1.6987156867980957031 1.8103636503219604492 1.9696565866470336914 2.1763551235198974609 2.0294878482818603516
1.2660173177719116211 1.9818588495254516602 2.6790866851806640625 2.9909746646881103516 2.8691935539245605469 2.6128034591674804688 2.2941362857818603516 2.6568791866302490234 3.1843924522399902344 3.1657564640045166016 3.5169770717620849609 4.3051390647888183594 5.1755051612854003906 4.7655501365661621094 4.8939075469970703125 5.149410247802734375 5.1355447769165039062 4.6273322105407714844 4.2394208908081054688 4.2943248748779296875 4.1394510269165039062 4.1384806632995605469 3.7164599895477294922 3.4908719062805175781 3.2828295230865478516 2.9316811561584472656 2.4733779430389404297 1.9823775291442871094 1.9596360921859741211 2.0796589851379394531 2.7846524715423583984 3.8716630935668945312 4.0954003334045410156 3.6375343799591064453 2.7727248668670654297 2.2380270957946777344 2.0659177303314208984 2.2383236885070800781 2.3369345664978027344 2.1152014732360839844
1.6017329692840576172 2.0414917469024658203 2.6710126399993896484 2.9687678813934326172 2.8962032794952392578 2.9147894382476806641 2.9066448211669921875 3.0323004722595214844 3.1722986698150634766 2.98076629638671875 3.1028070449829101562 4.2064332962036132812 5.1432700157165527344 5.3149976730346679688 5.2402276992797851562 5.4080471992492675781 5.3492188453674316406 5.204219818115234375 4.8858647346496582031 4.6145639419555664062 4.5244083404541015625 4.4316549301147460938 4.316440582275390625 4.02764892578125 3.9338774681091308594 3.8464291095733642578 3.5370507240295410156 3.0652806758880615234 2.6485166549682617188 2.6670403480529785156 2.7774503231048583984 3.4539303779602050781 3.8750007152557373047 3.9135000705718994141 3.1430301666259765625 2.7222583293914794922 2.3153090476989746094 2.2828109264373779297 2.560443878173828125 2.3979086875915527344
1.7712098360061645508 2.0916609764099121094 2.4930596351623535156 3.0248053073883056641 2.8707723617553710938 3.0655386447906494141 3.112155914306640625 3.2265145778656005859 3.2454781532287597656 3.3203396797180175781 2.8178899288177490234 3.5738871097564697266 4.2322449684143066406 4.8076343536376953125 5.1101617813110351562 5.4367680549621582031 5.3943333625793457031 5.2370038032531738281 5.1651830673217773438 4.7064189910888671875 4.7864403724670410156 4.4961295127868652344 4.4055681228637695312 4.2359056472778320312 4.1278204917907714844 4.1580767631530761719 4.0802702903747558594 3.8718142509460449219 3.6271243095397949219 3.5312027931213378906 3.2264165878295898438 3.4506475925445556641 3.7526991367340087891 3.8390853404998779297 3.4062678813934326172 2.5732648372650146484 2.3947606086730957031 2.4974455833435058594 2.5037171840667724609 2.5747637748718261719
1.5795452594757080078 1.8046396970748901367 2.048847198486328125 2.7525734901428222656 2.7828581333160400391 3.0930552482604980469 3.1189057826995849609 2.9771378040313720703 3.2683382034301757812 3.3135690689086914062 2.8342700004577636719 2.7859454154968261719 3.328243255615234375 3.8697898387908935547 4.1407957077026367188 4.6962466239929199219 5.1369876861572265625 5.0148229598999023438 5.2158799171447753906 4.6901497840881347656 4.6852512359619140625 4.4428997039794921875 4.3394465446472167969 4.1645212173461914062 4.1138553619384765625 4.1353325843811035156 4.1964354515075683594 3.9864187240600585938 3.8956668376922607422 3.8974285125732421875 3.8772106170654296875 3.7622208595275878906 4.0299663543701171875 3.9292733669281005859 3.8914918899536132812 3.2172527313232421875 2.7294964790344238281 2.5965530872344970703 2.4583621025085449219 2.4950380325317382812
1.538632512092590332 1.4265689849853515625 1.4651925563812255859 1.4093085527420043945 2.0740115642547607422 2.6371626853942871094 2.5822718143463134766 2.0628757476806640625 2.3139226436614990234 2.6912376880645751953 2.7137770652770996094 2.4979557991027832031 2.6843941211700439453 3.1131470203399658203 3.2185728549957275391 3.2521317005157470703 3.9430179595947265625 4.532379150390625 4.9271330833435058594 5.1387763023376464844 4.8407063484191894531 4.65473175048828125 4.4305896759033203125 4.3555912971496582031 4.3838062286376953125 4.3675603866577148438 4.264972686767578125 4.1512622833251953125 4.0201578140258789062 4.2224345207214355469 4.1910872459411621094 4.1949520111083984375 4.4613995552062988281 4.6889100074768066406 4.4216337203979492188 4.2338552474975585938 3.7285470962524414062 3.1986303329467773438 2.5905630588531494141 2.3622004985809326172
1.5607682466506958008 1.2200465202331542969 1.1584086418151855469 1.0442811250686645508 1.0691107511520385742 1.385120391845703125 1.3197426795959472656 1.0270712375640869141 1.0646221637725830078 1.8147872686386108398 2.1061084270477294922 2.1441638469696044922 2.2406966686248779297 2.7789678573608398438 3.0828607082366943359 2.9858591556549072266 2.9711706638336181641 3.6773333549499511719 4.3266654014587402344 5.0339798927307128906 4.7795085906982421875 4.9530162811279296875 4.642253875732421875 4.4966120719909667969 4.4065809249877929688 4.5436305999755859375 4.3805508613586425781 4.1853575706481933594 4.002685546875 4.2243266105651855469 4.3307013511657714844 4.2500782012939453125 4.6664624214172363281 4.9045209884643554688 4.6548786163330078125 4.4074025154113769531 4.3139443397521972656 3.9422197341918945312 3.1030952930450439453 2.4394338130950927734
1.4211302995681762695 1.2362058162689208984 1.0224471092224121094 0.85784620046615600586 0.76316666603088378906 0.57072615623474121094 0.21840758621692657471 0.035332150757312774658 0.26832076907157897949 0.84667056798934936523 1.6105027198791503906 1.8247298002243041992 1.8556114435195922852 2.5171182155609130859 2.9295513629913330078 2.9945108890533447266 2.9290127754211425781 2.8964281082153320312 3.6037750244140625 4.2458691596984863281 3.9516112804412841797 4.5623202323913574219 4.3760929107666015625 4.29840087890625 4.2459707260131835938 4.2446370124816894531 4.1564564704895019531 3.9709405899047851562 3.7880113124847412109 3.8981566429138183594 3.9304056167602539062 3.9240152835845947266 4.1859269142150878906 4.6765103340148925781 4.6418170928955078125 4.6569414138793945312 4.6349935531616210938 4.25167083740234375 3.4614498615264892578 2.8220620155334472656
1.2514255046844482422 1.1510328054428100586 1.0348961353302001953 0.78713899850845336914 0.44703412055969238281 0.36848112940788269043 0.13221731781959533691 -0.20627869665622711182 -0.13867011666297912598 0.24527114629745483398 1.1742660999298095703 1.3815218210220336914 1.5399819612503051758 1.9998735189437866211 2.4193818569183349609 2.6630923748016357422 2.6072344779968261719 2.3243865966796875 2.6541306972503662109 3.2879362106323242188 2.8307542800903320312 3.2099230289459228516 3.3503437042236328125 3.5321249961853027344 3.7406492233276367188 4.0306529998779296875 4.2101235389709472656 3.9586887359619140625 3.5637369155883789062 3.5162074565887451172 3.5684168338775634766 3.4391446113586425781 3.5612695217132568359 4.2090249061584472656 4.18903350830078125 4.3998894691467285156 4.7343306541442871094 4.4041113853454589844 3.5731577873229980469 2.9236466884613037109
1.7795416116714477539 1.4123064279556274414 1.0206426382064819336 0.93963700532913208008 0.40293097496032714844 0.099851377308368682861 0.036311157047748565674 -0.29323917627334594727 -0.43233507871627807617 -0.16372637450695037842 0.64156335592269897461 0.81535732746124267578 1.439055323600769043 1.5547097921371459961 2.1181666851043701172 2.3458223342895507812 2.3642098903656005859 2.1534962654113769531 1.9265238046646118164 2.2650494575500488281 2.0395245552062988281 2.4996612071990966797 2.4760584831237792969 2.3755590915679931641 2.7294220924377441406 3.4216077327728271484 3.7682218551635742188 3.8924224376678466797 3.4775333404541015625 3.1884396076202392578 3.2187469005584716797 3.1224002838134765625 3.3386833667755126953 3.8556551933288574219 3.7901396751403808594 3.7376708984375 4.278839111328125 4.5698642730712890625 3.6888673305511474609 2.8333671092987060547
1.4119501113891601562 1.3797475099563598633 1.2658218145370483398 0.99746555089950561523 0.51530563831329345703 0.13721138238906860352 -0.14962510764598846436 -0.34481313824653625488 -0.64391988515853881836 -0.3469626009464263916 0.32073643803596496582 0.40902486443519592285 1.1434803009033203125 1.3206008672714233398 1.9798140525817871094 2.2879941463470458984 2.0629551410675048828 2.0835886001586914062 1.8167364597320556641 1.6929242610931396484 1.5766441822052001953 2.0549056529998779297 2.2550475597381591797 2.0048286914825439453 1.9437170028686523438 2.2890524864196777344 2.6842868328094482422 2.7958128452301025391 3.1193375587463378906 2.9641919136047363281 2.6975967884063720703 2.7329208850860595703 3.0168020725250244141 3.6306240558624267578 3.4488053321838378906 3.4498448371887207031 3.6752235889434814453 4.234889984130859375 3.7027869224548339844 2.6154639720916748047
1.1415227651596069336 1.1960195302963256836 1.2836475372314453125 0.83746069669723510742 0.51071906089782714844 0.079128935933113098145 -0.2601470649242401123 -0.27743193507194519043 -0.50332587957382202148 -0.48669120669364929199 -0.23310132324695587158 0.20806296169757843018 1.0170714855194091797 0.86514496803283691406 1.5245174169540405273 2.3120934963226318359 2.2988424301147460938 1.9548479318618774414 1.6393430233001708984 1.4827451705932617188 1.4806722402572631836 1.6829977035522460938 1.9213366508483886719 1.9122929573059082031 1.7322859764099121094 1.699292302131652832 1.6502048969268798828 1.6459684371948242188 1.9847743511199951172 2.1481471061706542969 2.1726067066192626953 2.2643504142761230469 2.4609267711639404297 3.0117905139923095703 2.8369038105010986328 3.0114140510559082031 3.2969520092010498047 3.8114316463470458984 4.0108652114868164062 2.913726806640625
1.0137534141540527344 1.0779201984405517578 1.1722087860107421875 0.87522906064987182617 0.52338540554046630859 0.0936566963791847229 -0.11406377702951431274 -0.27524635195732116699 -0.28832215070724487305 -0.31168451905250549316 -0.23751232028007507324 0.24178361892700195312 0.98487418889999389648 1.249697566032409668 1.1108014583587646484 2.0187895298004150391 2.3970332145690917969 2.1534807682037353516 1.7265392541885375977 1.4820903539657592773 1.4090774059295654297 1.459471583366394043 1.7695879936218261719 1.7805691957473754883 1.561230778694152832 1.4627553224563598633 1.3778374195098876953 0.99569922685623168945 1.1314799785614013672 1.3535687923431396484 1.5928002595901489258 2.0044791698455810547 2.1531233787536621094 2.3841645717620849609 2.3909220695495605469 2.5677297115325927734 3.0037531852722167969 3.7324557304382324219 4.1711788177490234375 3.4701457023620605469
1.0891398191452026367 1.3021467924118041992 1.2647950649261474609 0.97381639480590820312 0.69307893514633178711 0.48541283607482910156 0.31278079748153686523 0.16017684340476989746 -0.12092453241348266602 -0.25738742947578430176 -0.18273791670799255371 0.20850916206836700439 0.67618501186370849609 1.4341081380844116211 1.190630793571472168 1.8692786693572998047 2.4168612957000732422 2.4552152156829833984 2.0836629867553710938 1.7750409841537475586 1.693871617317199707 1.5753182172775268555 1.5049470663070678711 1.5316845178604125977 1.2220304012298583984 1.0185607671737670898 1.0240204334259033203 0.79765057563781738281 0.67869931459426879883 0.87052750587463378906 1.1869856119155883789 1.7291052341461181641 2.112941741943359375 2.2142560482025146484 2.1878921985626220703 2.1968777179718017578 2.7695052623748779297 3.52513885498046875 4.179599761962890625 4.1129212379455566406
1.4446908235549926758 1.4424730539321899414 1.4097694158554077148 1.2314460277557373047 0.81245642900466918945 0.76061910390853881836 0.63321763277053833008 0.6881192326545715332 0.3769461214542388916 0.083350799977779388428 -0.040780525654554367065 0.28787374496459960938 0.78145337104797363281 1.4383510351181030273 1.77459716796875 2.059444427490234375 2.1669785976409912109 2.3457331657409667969 2.3349149227142333984 1.8249899148941040039 1.8002321720123291016 1.7037130594253540039 1.6875044107437133789 1.2942833900451660156 0.76697510480880737305 0.46456408500671386719 0.29599496722221374512 0.39049813151359558105 0.45649838447570800781 0.56622356176376342773 0.95723712444305419922 1.4613245725631713867 2.0843935012817382812 2.2604351043701171875 2.3047525882720947266 2.2646412849426269531 2.4327619075775146484 3.0801260471343994141 3.5470001697540283203 3.8613255023956298828
1.3852814435958862305 1.452219843864440918 1.4383286237716674805 1.4425729513168334961 1.2056052684783935547 0.96930897235870361328 0.80328840017318725586 0.79108023643493652344 0.52827286720275878906 0.36770546436309814453 0.17415224015712738037 0.3172009885311126709 0.98728364706039428711 1.4874035120010375977 1.9273085594177246094 2.2340426445007324219 2.2461223602294921875 1.8322931528091430664 1.7943499088287353516 1.6793413162231445312 1.5806877613067626953 1.6158598661422729492 1.6256711483001708984 1.4462189674377441406 0.98122400045394897461 0.45930394530296325684 0.26480147242546081543 0.1584431380033493042 0.26226261258125305176 0.5906003117561340332 0.80586057901382446289 1.2648456096649169922 2.0839123725891113281 2.5899074077606201172 2.5370187759399414062 2.4246273040771484375 2.4611115455627441406 2.8881239891052246094 3.0340504646301269531 3.1114931106567382812
1.1831018924713134766 1.2881538867950439453 1.2907569408416748047 1.4548399448394775391 1.3876212835311889648 1.1408770084381103516 0.97489136457443237305 0.79556852579116821289 0.74338006973266601562 0.51538199186325073242 0.39119434356689453125 0.41695868968963623047 1.1302199363708496094 1.703657984733581543 2.1522309780120849609 2.0832343101501464844 2.0572867393493652344 1.9184526205062866211 1.5152832269668579102 1.2960280179977416992 1.2355290651321411133 1.2988824844360351562 1.3244926929473876953 1.0569838285446166992 0.98983430862426757812 0.68279361724853515625 0.49271780252456665039 0.2739391624927520752 0.30008405447006225586 0.6253483891487121582 0.82185667753219604492 1.459099888801574707 1.9032350778579711914 2.3796162605285644531 2.5161783695220947266 2.4780004024505615234 2.615383148193359375 2.9399878978729248047 3.1205546855926513672 2.6636147499084472656
