samples/et/map_et_2017-06-20.asc
ncols        322
nrows        306
xllcorner    -53.726171018035
yllcorner    -28.476684338117
cellsize     0.000269494585
NODATA_value  -1
[rows 85 to 101 of 306, columns 120 to 159 of 322]
0.66044837236404418945 0.54749959707260131836 0.58125388622283935547 0.30390009284019470215 0.043416716158390045166 -0.062680788338184356689 -0.31111344695091247559 -0.30858787894248962402 -0.2415784299373626709 -0.094830274581909179688 0.17201119661331176758 0.21874885261058807373 0.46646282076835632324 0.47781321406364440918 0.45206716656684875488 0.61988544464111328125 0.66877603530883789062 0.40626159310340881348 0.23428036272525787354 0.12138474732637405396 0.17743502557277679443 0.25069317221641540527 0.18804652988910675049 0.14541360735893249512 0.041408874094486236572 0.4400412142276763916 0.56549417972564697266 0.62435185909271240234 0.78491789102554321289 1.0430549383163452148 1.3683831691741943359 1.3086364269256591797 1.2704461812973022461 1.3077492713928222656 1.3474389314651489258 1.4081723690032958984 1.6744383573532104492 1.9616047143936157227 1.9629737138748168945 1.9305628538131713867
0.80655646324157714844 0.48432448506355285645 0.52675890922546386719 0.36183333396911621094 0.14095191657543182373 0.21506130695343017578 -0.1293649524450302124 -0.18898318707942962646 -0.089302018284797668457 -0.034483142197132110596 0.076904639601707458496 0.10735081136226654053 0.27490592002868652344 0.43250811100006103516 0.3468341827392578125 0.54139214754104614258 0.62348723411560058594 0.43801322579383850098 0.21254515647888183594 -0.045700434595346450806 -0.22276635468006134033 -0.08944778144359588623 0.11590938270092010498 0.12099272012710571289 0.18577075004577636719 0.39455491304397583008 0.55861198902130126953 0.59167635440826416016 0.54491257667541503906 0.95279657840728759766 0.94253069162368774414 1.1676800251007080078 1.2651323080062866211 1.2935293912887573242 1.2909227609634399414 1.2954869270324707031 1.4693197011947631836 1.6846988201141357422 1.8265533447265625 1.8359322547912597656
0.99957644939422607422 0.59926724433898925781 0.33839920163154602051 0.54230368137359619141 0.34087082743644714355 0.43887493014335632324 0.3067811131477355957 0.19146271049976348877 -0.15426921844482421875 -0.10431762784719467163 0.046586908400058746338 0.12231124937534332275 0.16277615725994110107 0.34210500121116638184 0.29660645127296447754 0.19097805023193359375 0.24244019389152526855 0.29782417416572570801 0.19662971794605255127 -0.032425653189420700073 -0.37098646163940429688 -0.52462971210479736328 -0.41614195704460144043 -0.39601039886474609375 -0.048830203711986541748 0.023403292521834373474 0.23630435764789581299 0.46148478984832763672 0.50335812568664550781 0.57430416345596313477 0.74848002195358276367 0.86355239152908325195 1.0853344202041625977 1.1855316162109375 1.1555759906768798828 1.2322660684585571289 1.4698221683502197266 1.576022028923034668 1.685787200927734375 1.7780663967132568359
1.3475319147109985352 1.113589167594909668 0.69481205940246582031 0.61594587564468383789 0.72551673650741577148 0.81936061382293701172 0.61149400472640991211 0.49881866574287414551 0.18382668495178222656 -0.010459460318088531494 -0.25259611010551452637 0.081537462770938873291 0.1964451521635055542 0.2307386547327041626 0.23721672594547271729 0.089354775846004486084 0.046562004834413528442 0.082541421055793762207 -0.061645638197660446167 -0.060491196811199188232 -0.21960754692554473877 -0.34127357602119445801 -0.59304863214492797852 -0.90653383731842041016 -0.88412499427795410156 -0.53303676843643188477 -0.13441930711269378662 0.15381973981857299805 0.37346732616424560547 0.24886399507522583008 0.46901503205299377441 0.70100539922714233398 0.91624617576599121094 0.98506981134414672852 1.0795521736145019531 1.0606300830841064453 1.3219761848449707031 1.340899348258972168 1.272545933723449707 1.4428508281707763672
1.2373185157775878906 1.2422530651092529297 1.0520007610321044922 0.65661829710006713867 0.65324074029922485352 0.72248631715774536133 0.9275385737419128418 0.90735000371932983398 0.59482502937316894531 0.1813252568244934082 -0.065763585269451141357 -0.066878236830234527588 0.24973610043525695801 0.3149134516716003418 0.27101764082908630371 0.41137793660163879395 0.36828285455703735352 0.28598654270172119141 0.20328252017498016357 0.10408055782318115234 0.028023691847920417786 -0.012904427014291286469 -0.21789301931858062744 -0.53689694404602050781 -0.78549957275390625 -0.76096206903457641602 -0.58444076776504516602 -0.10269879549741744995 0.29088044166564941406 0.23641078174114227295 0.18814758956432342529 0.28635862469673156738 0.49442714452743530273 0.71708273887634277344 0.73286002874374389648 0.8056405186653137207 0.98348391056060791016 1.0712683200836181641 1.0901433229446411133 1.0672316551208496094
0.82072085142135620117 1.0712202787399291992 0.96561461687088012695 0.82039248943328857422 0.66161245107650756836 0.44786682724952697754 0.64425432682037353516 0.65029799938201904297 0.718120574951171875 0.48925298452377319336 0.16288971900939941406 0.15323548018932342529 0.37361106276512145996 0.58678102493286132812 0.62706005573272705078 0.82559037208557128906 0.93685179948806762695 0.93096691370010375977 0.71613603830337524414 0.41458949446678161621 0.11985057592391967773 0.12439575046300888062 -0.090314775705337524414 -0.23528657853603363037 -0.2409636080265045166 -0.62206763029098510742 -0.56827032566070556641 -0.72470188140869140625 -0.59303230047225952148 -0.6285788416862487793 -0.55672979354858398438 -0.42548590898513793945 -0.18037746846675872803 0.24490843713283538818 0.40593501925468444824 0.45381438732147216797 0.43610811233520507812 0.80343580245971679688 0.88949310779571533203 1.019205927848815918
0.96274524927139282227 0.9525902867317199707 1.0842088460922241211 1.0150101184844970703 0.81094515323638916016 0.56590682268142700195 0.56090277433395385742 0.4678745567798614502 0.56782191991806030273 0.65595847368240356445 0.7068691253662109375 0.60437446832656860352 0.720462799072265625 1.0422683954238891602 1.1775003671646118164 1.0654721260070800781 1.1396203041076660156 1.125209808349609375 1.0039789676666259766 0.65842902660369873047 0.27582082152366638184 0.13295722007751464844 0.0059485798701643943787 -0.17310494184494018555 -0.34669971466064453125 -0.39809525012969970703 -0.68652665615081787109 -0.86395150423049926758 -1.0876622200012207031 -0.92715018987655639648 -0.88569456338882446289 -0.71514999866485595703 -0.56551176309585571289 -0.13891386985778808594 0.41130200028419494629 0.31053113937377929688 0.29444998502731323242 0.51302999258041381836 0.70236223936080932617 0.90147995948791503906
1.0349653959274291992 1.033756256103515625 1.1859598159790039062 1.2809267044067382812 1.2661970853805541992 0.98881614208221435547 0.87317734956741333008 0.86868500709533691406 0.89448344707489013672 0.76813471317291259766 0.9858925938606262207 1.0210746526718139648 0.88352644443511962891 1.1516531705856323242 1.3038130998611450195 1.2962634563446044922 1.2228865623474121094 1.2256441116333007812 1.266170501708984375 1.1735172271728515625 0.84126889705657958984 0.46524858474731445312 0.35823997855186462402 0.24692618846893310547 -0.25198855996131896973 -0.39120641350746154785 -0.74283832311630249023 -0.65603739023208618164 -0.81816685199737548828 -0.72107183933258056641 -0.63699752092361450195 -0.60569107532501220703 -0.80420339107513427734 -0.42823126912117004395 0.10724852979183197021 0.53414905071258544922 0.45502251386642456055 0.49030187726020812988 0.638843536376953125 0.70454460382461547852
1.304944157600402832 1.1805959939956665039 1.2895437479019165039 1.3251349925994873047 1.5962102413177490234 1.5460737943649291992 1.3972302675247192383 1.3905088901519775391 1.3104058504104614258 1.2496737241744995117 1.1999375820159912109 1.2727057933807373047 1.3748478889465332031 1.4450428485870361328 1.3798388242721557617 1.3377767801284790039 1.3128404617309570312 1.3195334672927856445 1.4293977022171020508 1.5101420879364013672 1.2724455595016479492 1.0453059673309326172 0.91641896963119506836 0.63614666461944580078 0.35108405351638793945 0.14213387668132781982 0.063551418483257293701 -0.014869600534439086914 -0.094698831439018249512 -0.08806750178337097168 -0.21768361330032348633 -0.38750880956649780273 -0.62529200315475463867 -0.68613231182098388672 -0.29439693689346313477 0.25227266550064086914 0.49837613105773925781 0.41943964362144470215 0.58325558900833129883 0.29333138465881347656
1.5504950284957885742 1.4320887327194213867 1.5546216964721679688 1.803012847900390625 1.61712646484375 1.6330387592315673828 1.6185259819030761719 1.6796641349792480469 1.7176865339279174805 1.423579096794128418 1.1874511241912841797 1.2611740827560424805 1.4092628955841064453 1.574248194694519043 1.4745657444000244141 1.5760900974273681641 1.3302021026611328125 1.2166761159896850586 1.3146308660507202148 1.4209347963333129883 1.5255029201507568359 1.3709931373596191406 1.1088540554046630859 1.1060172319412231445 0.86945486068725585938 0.71546626091003417969 0.8324826359748840332 0.87001383304595947266 0.64804947376251220703 0.33586007356643676758 0.25203946232795715332 -0.032711341977119445801 -0.22211238741874694824 -0.49912524223327636719 -0.33310088515281677246 -0.18324254453182220459 0.029271455481648445129 0.24713930487632751465 0.50885254144668579102 0.38511264324188232422
1.3575476408004760742 1.5698572397232055664 1.5727074146270751953 1.9006253480911254883 1.943529963493347168 1.6473517417907714844 1.3876883983612060547 1.4778904914855957031 1.3102384805679321289 1.2638123035430908203 0.99542856216430664062 1.0572259426116943359 1.0748459100723266602 1.3377652168273925781 1.2612926959991455078 1.2294508218765258789 1.2943259477615356445 1.0751584768295288086 1.1754168272018432617 1.3821066617965698242 1.4439421892166137695 1.4808192253112792969 1.5562361478805541992 1.3137543201446533203 1.3857936859130859375 1.3464574813842773438 1.1793348789215087891 1.2166258096694946289 0.97328507900238037109 0.79639029502868652344 0.58117878437042236328 0.46939051151275634766 0.26493880152702331543 0.11055435985326766968 -0.14491090178489685059 -0.25927409529685974121 -0.27183783054351806641 -0.19423045217990875244 0.18699681758880615234 0.44395965337753295898
0.60980546474456787109 0.989826202392578125 1.0523451566696166992 1.2218395471572875977 1.6972057819366455078 1.6440720558166503906 1.5398453474044799805 1.6454545259475708008 1.4528377056121826172 1.3992929458618164062 1.1344130039215087891 0.92697638273239135742 0.94172769784927368164 1.1997861862182617188 1.4476783275604248047 1.2037862539291381836 1.1355748176574707031 0.85710948705673217773 0.84739279747009277344 1.2341011762619018555 1.3920639753341674805 1.5508975982666015625 1.6880332231521606445 1.7422196865081787109 1.5764639377593994141 1.5990918874740600586 1.5688606500625610352 1.3075400590896606445 1.3970899581909179688 1.3345944881439208984 1.2680556774139404297 1.0342454910278320312 0.83213454484939575195 0.56215947866439819336 0.41594937443733215332 0.060980636626482009888 0.099317677319049835205 -0.24742501974105834961 -0.011499564163386821747 0.48972138762474060059
-0.15286421775817871094 -0.12835049629211425781 0.17522515356540679932 0.2077242732048034668 0.75661438703536987305 1.221909642219543457 1.4419609308242797852 1.5907562971115112305 1.611577153205871582 1.6441453695297241211 1.5121645927429199219 1.1184614896774291992 0.8132476806640625 0.77096903324127197266 1.0808049440383911133 0.92959654331207275391 1.0126981735229492188 0.94797736406326293945 0.87596917152404785156 1.0562791824340820312 1.2966022491455078125 1.4600664377212524414 1.681052088737487793 1.7941375970840454102 1.6753675937652587891 1.7174774408340454102 1.9947115182876586914 1.8453056812286376953 1.7852746248245239258 1.7461527585983276367 1.6350830793380737305 1.5146811008453369141 1.2318325042724609375 0.86421543359756469727 0.76201158761978149414 0.66778326034545898438 0.47002306580543518066 0.28535440564155578613 0.25543195009231567383 0.48066461086273193359
-0.39122676849365234375 -0.29033553600311279297 -0.38827097415924072266 -0.21901188790798187256 0.19882491230964660645 0.84499859809875488281 1.3800184726715087891 1.4183479547500610352 1.3351790904998779297 1.2609862089157104492 1.3494344949722290039 1.284909367561340332 0.88843202590942382812 0.53263258934020996094 0.77220755815505981445 0.73031920194625854492 0.74087280035018920898 0.79532349109649658203 0.84934920072555541992 0.87404090166091918945 1.2339463233947753906 1.2329956293106079102 1.5301057100296020508 1.6717146635055541992 1.7282847166061401367 1.8150272369384765625 1.9452320337295532227 2.1364221572875976562 2.0386452674865722656 2.0226275920867919922 1.7674132585525512695 1.7592719793319702148 1.4552147388458251953 1.2880482673645019531 1.2498605251312255859 1.1659290790557861328 1.0011659860610961914 0.75096052885055541992 0.57629674673080444336 0.71243804693222045898
-0.38443270325660705566 -0.43575647473335266113 -0.22603456676006317139 -0.34634196758270263672 -0.095798172056674957275 0.58604598045349121094 1.0421047210693359375 1.0530856847763061523 1.0119652748107910156 0.93741881847381591797 1.0237903594970703125 1.0446457862854003906 0.84688091278076171875 0.46692535281181335449 0.54589390754699707031 0.74063068628311157227 0.73521178960800170898 0.6871922612190246582 0.58813768625259399414 0.71325093507766723633 1.0608085393905639648 1.1555802822113037109 1.1774672269821166992 1.3624330759048461914 1.4603066444396972656 1.523179173469543457 1.725172877311706543 1.670473933219909668 1.9536651372909545898 2.1574110984802246094 2.1316609382629394531 1.9093824625015258789 1.8889335393905639648 1.7429823875427246094 1.5231794118881225586 1.3758571147918701172 1.2619721889495849609 1.0522187948226928711 1.0067076683044433594 1.0676208734512329102
-0.080523878335952758789 -0.36678037047386169434 -0.32372248172760009766 -0.097541160881519317627 -0.12899202108383178711 0.31314054131507873535 0.4917754828929901123 0.42017754912376403809 0.48878365755081176758 0.35039681196212768555 0.52092051506042480469 0.60327512025833129883 0.71340954303741455078 0.43849477171897888184 0.31707239151000976562 0.49276265501976013184 0.46217817068099975586 0.71254205703735351562 0.54492813348770141602 0.52192795276641845703 0.71467041969299316406 0.77073782682418823242 0.62901145219802856445 0.77869546413421630859 0.92842441797256469727 1.0573302507400512695 1.1667600870132446289 1.3147710561752319336 1.4613156318664550781 1.743836522102355957 2.0263571739196777344 2.042926788330078125 1.9644513130187988281 1.8946321010589599609 1.6109499931335449219 1.2445733547210693359 1.0696061849594116211 0.97723370790481567383 1.0615277290344238281 1.2480491399765014648
-0.050350427627563476562 0.18884833157062530518 -0.024685794487595558167 -0.040796231478452682495 -0.10507754236459732056 0.034314595162868499756 0.27439862489700317383 0.25275748968124389648 0.040679734200239181519 -0.0109631391242146492 -0.058742009103298187256 0.030276635661721229553 0.38085117936134338379 0.45807513594627380371 0.18252895772457122803 0.023411395028233528137 0.19631335139274597168 0.46363431215286254883 0.53454649448394775391 0.44752165675163269043 0.58115839958190917969 0.60120004415512084961 0.42353004217147827148 0.43956252932548522949 0.62291789054870605469 0.7913182377815246582 0.72271567583084106445 0.95823121070861816406 1.0671067237854003906 1.2482522726058959961 1.5723254680633544922 1.8186026811599731445 1.8852401971817016602 1.8281333446502685547 1.7089052200317382812 1.533611297607421875 1.2049862146377563477 0.9981238245964050293 0.85777622461318969727 0.95528644323348999023
