samples/et/map_et_2017-11-11.asc
ncols        322
nrows        306
xllcorner    -53.726171018035
yllcorner    -28.476684338117
cellsize     0.000269494585
NODATA_value  -1
[rows 252 to 269 of 306, columns 40 to 79 of 322]
6.4126858711242675781 6.4225902557373046875 6.4606409072875976562 6.4002790451049804688 6.8181581497192382812 7.32466888427734375 7.3982605934143066406 7.4076242446899414062 7.3628320693969726562 7.2986936569213867188 7.2634749412536621094 7.2780780792236328125 7.2764348983764648438 7.2160143852233886719 7.3329110145568847656 7.2314105033874511719 6.8458647727966308594 6.2391233444213867188 5.587890625 4.47023773193359375 3.71996307373046875 2.7469358444213867188 2.8860194683074951172 2.4605474472045898438 2.18890380859375 2.0344479084014892578 2.0326192378997802734 1.7168861627578735352 1.5711284875869750977 1.2552567720413208008 1.3038924932479858398 0.62076538801193237305 0.2745132744312286377 0.17198322713375091553 0.11685802042484283447 -0.18509185314178466797 0.13354799151420593262 0.17560963332653045654 -0.31491842865943908691 -0.48674923181533813477
6.2855896949768066406 6.2004241943359375 6.3974366188049316406 6.3315691947937011719 6.5149636268615722656 7.2331781387329101562 7.3768396377563476562 7.3245759010314941406 7.4104709625244140625 7.3352384567260742188 7.3058485984802246094 7.303874969482421875 7.3235678672790527344 7.2933301925659179688 7.2863926887512207031 7.3632979393005371094 6.8711829185485839844 6.2411236763000488281 5.60865020751953125 4.9143705368041992188 4.0953507423400878906 3.31801605224609375 3.2727468013763427734 2.5141832828521728516 2.2060186862945556641 2.2843973636627197266 2.2038884162902832031 2.1057555675506591797 1.9036526679992675781 0.89822363853454589844 0.90861707925796508789 0.23684403300285339355 0.29955717921257019043 -0.15014407038688659668 -0.26922059059143066406 -0.12985682487487792969 -0.15244174003601074219 -0.12344299256801605225 -0.42082712054252624512 -0.43801343441009521484
6.2565283775329589844 5.9001889228820800781 5.8932552337646484375 6.1296515464782714844 6.4077434539794921875 6.9560194015502929688 7.4284996986389160156 7.3787837028503417969 7.3610816001892089844 7.446353912353515625 7.3954935073852539062 7.3472261428833007812 7.3155684471130371094 7.2679944038391113281 7.2272553443908691406 7.2579774856567382812 7.0483903884887695312 6.5598077774047851562 5.9144310951232910156 5.1806159019470214844 4.4460415840148925781 3.7358400821685791016 3.5897879600524902344 2.7886025905609130859 2.3639981746673583984 2.4326488971710205078 2.5475509166717529297 2.5194597244262695312 2.2941548824310302734 0.78049474954605102539 0.65220922231674194336 0.097718454897403717041 -0.054089087992906570435 -0.29377454519271850586 -0.2063579261302947998 -0.19434486329555511475 -0.40124437212944030762 -0.40324509143829345703 -0.52857106924057006836 -0.72460550069808959961
6.3995122909545898438 6.0517339706420898438 5.8460478782653808594 6.0133953094482421875 6.3482842445373535156 6.75206756591796875 7.2568745613098144531 7.3916144371032714844 7.4201579093933105469 7.4515566825866699219 7.4164714813232421875 7.3808379173278808594 7.3318471908569335938 7.2784967422485351562 7.2485780715942382812 7.2461566925048828125 7.1182680130004882812 6.7516717910766601562 6.2766923904418945312 5.6598410606384277344 5.0699353218078613281 4.9918255805969238281 4.043651580810546875 3.2085473537445068359 2.7675292491912841797 2.8491408824920654297 2.7518148422241210938 2.3576943874359130859 1.8633275032043457031 1.0853638648986816406 0.88458204269409179688 0.41730833053588867188 0.038824487477540969849 -0.13959322869777679443 -0.1260477900505065918 -0.21750792860984802246 -0.40021681785583496094 -0.40629220008850097656 -0.65978646278381347656 -0.76018387079238891602
6.5676431655883789062 6.4446668624877929688 6.0702481269836425781 6.0690813064575195312 6.3587446212768554688 6.6166558265686035156 6.9461636543273925781 7.4463028907775878906 7.4925971031188964844 7.4621253013610839844 7.3985457420349121094 7.4064321517944335938 7.3242974281311035156 7.2751522064208984375 7.2253108024597167969 7.1938638687133789062 7.0255150794982910156 6.9002261161804199219 6.532466888427734375 6.0385065078735351562 5.4469227790832519531 5.3503432273864746094 4.3694143295288085938 3.7200922966003417969 3.2752399444580078125 2.7305686473846435547 2.2719335556030273438 2.0162982940673828125 1.8273459672927856445 1.8411417007446289062 0.91036063432693481445 0.27110332250595092773 0.04534061625599861145 -0.092218093574047088623 -0.23919121921062469482 -0.24943274259567260742 -0.38921317458152770996 -0.4951604306697845459 -0.61287474632263183594 -0.83299040794372558594
6.6351118087768554688 6.4803752899169921875 6.2409920692443847656 6.2200527191162109375 6.3426227569580078125 6.5561919212341308594 6.9962925910949707031 7.5434165000915527344 7.5220956802368164062 7.460540771484375 7.4292764663696289062 7.3892393112182617188 7.3410406112670898438 7.31348419189453125 7.3140535354614257812 7.1094255447387695312 6.9542646408081054688 6.6794786453247070312 6.3653216361999511719 6.0427446365356445312 5.4606776237487792969 5.2673087120056152344 4.3943953514099121094 3.7682368755340576172 3.3900530338287353516 2.7694149017333984375 2.4271352291107177734 1.9411431550979614258 1.7201380729675292969 1.6161519289016723633 0.61192452907562255859 0.27110365033149719238 0.094301685690879821777 -0.046355668455362319946 -0.39649525284767150879 -0.46198168396949768066 -0.41123947501182556152 -0.54942786693572998047 -0.66401147842407226562 -0.7629750370979309082
6.7572760581970214844 6.5723280906677246094 6.2574663162231445312 6.0694479942321777344 6.2028069496154785156 6.4829578399658203125 7.1493597030639648438 7.5528402328491210938 7.5004405975341796875 7.4159321784973144531 7.3948798179626464844 7.3092370033264160156 7.3658018112182617188 7.3505258560180664062 7.3290152549743652344 7.17459869384765625 6.8470444679260253906 6.5497374534606933594 6.3733973503112792969 6.1586508750915527344 5.6604323387145996094 5.4369206428527832031 4.7423658370971679688 3.8832728862762451172 3.4902529716491699219 3.0309233665466308594 2.4817757606506347656 1.9486206769943237305 1.7428822517395019531 1.8752741813659667969 0.6122544407844543457 0.21388036012649536133 0.058007955551147460938 0.12152508646249771118 -0.33985176682472229004 -0.66572678089141845703 -0.49996334314346313477 -0.25349947810173034668 -0.48682421445846557617 -0.82341790199279785156
6.4936985969543457031 6.5882411003112792969 6.3083467483520507812 6.128849029541015625 6.1052308082580566406 6.2626919746398925781 6.9124555587768554688 7.4805388450622558594 7.4671540260314941406 7.4120059013366699219 7.3635840415954589844 7.2269101142883300781 7.2070140838623046875 7.3235173225402832031 7.3304896354675292969 7.2601413726806640625 6.8362073898315429688 6.4924688339233398438 6.4841442108154296875 6.2584757804870605469 6.2349333763122558594 5.7108049392700195312 5.0045104026794433594 4.3464651107788085938 3.6990315914154052734 2.9424409866333007812 2.3131592273712158203 2.0299372673034667969 1.8932212591171264648 2.2261016368865966797 1.0442969799041748047 0.28257262706756591797 -0.11743133515119552612 -0.16889072954654693604 -0.2486352771520614624 -0.48158276081085205078 -0.66040313243865966797 -0.47764980792999267578 -0.34867519140243530273 -0.63535279035568237305
6.275173187255859375 6.3008427619934082031 6.4459667205810546875 6.2052378654479980469 6.1431894302368164062 6.3267369270324707031 6.7247257232666015625 7.4737405776977539062 7.4527506828308105469 7.4032845497131347656 7.3330106735229492188 7.2329363822937011719 7.1794943809509277344 7.215023040771484375 7.3112926483154296875 7.2213926315307617188 6.9519047737121582031 6.6697421073913574219 6.4472765922546386719 6.263336181640625 6.2325468063354492188 5.8884272575378417969 5.329257965087890625 4.7261261940002441406 4.0024623870849609375 3.1585955619812011719 2.4483151435852050781 2.0617878437042236328 1.9269372224807739258 2.364871978759765625 1.2959638833999633789 0.42192023992538452148 -0.1700855642557144165 -0.25629293918609619141 -0.19879141449928283691 -0.45548927783966064453 -0.77733832597732543945 -0.47865885496139526367 -0.33438533544540405273 -0.44173765182495117188
6.4333772659301757812 6.2245273590087890625 6.4472994804382324219 6.4512686729431152344 6.2500796318054199219 6.4200835227966308594 6.8377351760864257812 7.4441843032836914062 7.4340691566467285156 7.3505330085754394531 7.2842717170715332031 7.3269205093383789062 7.36181640625 7.2806677818298339844 7.01961517333984375 6.9140677452087402344 6.8343529701232910156 6.6304559707641601562 6.521636962890625 6.18603515625 6.1056852340698242188 5.7102465629577636719 5.3002777099609375 4.8274431228637695312 4.331417083740234375 3.5165007114410400391 2.870494842529296875 2.5328011512756347656 2.6395463943481445312 2.2049627304077148438 0.92670267820358276367 0.44077733159065246582 0.032802682369947433472 -0.45961818099021911621 -0.4504102170467376709 -0.5460001826286315918 -0.72766852378845214844 -0.70508843660354614258 -0.51610016822814941406 -0.5499585270881652832
6.70973968505859375 6.4342818260192871094 6.46862030029296875 6.5444579124450683594 6.4272723197937011719 6.5959277153015136719 7.1231927871704101562 7.4340090751647949219 7.3979253768920898438 7.33142852783203125 7.2612500190734863281 7.2300462722778320312 7.2501897811889648438 7.2928900718688964844 7.1965427398681640625 6.9214181900024414062 6.7971730232238769531 6.552562713623046875 6.46750640869140625 6.0876612663269042969 5.9900388717651367188 5.5558385848999023438 5.1959033012390136719 4.7708759307861328125 4.4480123519897460938 3.6468975543975830078 3.1672961711883544922 2.8791317939758300781 2.7564799785614013672 2.1632916927337646484 1.1326115131378173828 0.36887967586517333984 0.1262063831090927124 -0.21584528684616088867 -0.33204412460327148438 -0.35071271657943725586 -0.48027741909027099609 -0.47864526510238647461 -0.77302008867263793945 -0.79810339212417602539
6.8876819610595703125 6.7347950935363769531 6.6906485557556152344 6.6248731613159179688 6.5918531417846679688 6.709049224853515625 7.1262784004211425781 7.3920197486877441406 7.3712706565856933594 7.3851470947265625 7.3906369209289550781 7.2801861763000488281 7.2213759422302246094 7.1998171806335449219 7.242656707763671875 7.0716028213500976562 6.8067569732666015625 6.6388673782348632812 6.5102968215942382812 6.1924037933349609375 6.0993180274963378906 5.5459184646606445312 5.0912375450134277344 4.8143672943115234375 4.3297085762023925781 3.4323577880859375 3.1257045269012451172 2.9597713947296142578 3.0404000282287597656 2.4921431541442871094 1.4017858505249023438 0.44916099309921264648 0.12875777482986450195 -0.014672352932393550873 -0.21348206698894500732 -0.071652367711067199707 -0.1752405315637588501 -0.54792112112045288086 -0.54843628406524658203 -0.61731612682342529297
6.7118663787841796875 6.6117234230041503906 6.8758525848388671875 6.8163475990295410156 6.5866193771362304688 6.7402658462524414062 7.2274770736694335938 7.3787202835083007812 7.3663926124572753906 7.3631739616394042969 7.3775720596313476562 7.2300076484680175781 7.0560579299926757812 7.1112117767333984375 7.1068129539489746094 7.0233645439147949219 6.7527050971984863281 6.7076444625854492188 6.5004172325134277344 6.36594390869140625 5.9903187751770019531 5.521892547607421875 5.0594158172607421875 4.9202523231506347656 4.4597697257995605469 3.6313922405242919922 3.1555392742156982422 2.8999629020690917969 2.8764240741729736328 2.5176112651824951172 1.8133307695388793945 0.60226279497146606445 0.093791037797927856445 -0.14628455042839050293 -0.1967525482177734375 -0.14535361528396606445 -0.15671569108963012695 -0.32368546724319458008 -0.32817900180816650391 -0.46968576312065124512
6.68231964111328125 6.577541351318359375 6.5568547248840332031 6.7459931373596191406 6.8809876441955566406 7.05541229248046875 7.3714551925659179688 7.4183182716369628906 7.4211454391479492188 7.3268871307373046875 7.3118357658386230469 7.1633210182189941406 7.0051412582397460938 7.0268774032592773438 7.1180367469787597656 7.1476588249206542969 6.7268910408020019531 6.5451397895812988281 6.5301179885864257812 6.3275356292724609375 5.9454169273376464844 5.4457683563232421875 5.0484943389892578125 4.853023529052734375 4.6447415351867675781 3.8843293190002441406 3.2274885177612304688 3.2215402126312255859 2.7947561740875244141 2.5068705081939697266 2.1875576972961425781 0.88688600063323974609 0.17791327834129333496 -0.029518278315663337708 -0.080372855067253112793 0.063550651073455810547 -0.032411172986030578613 -0.11629746109247207642 -0.268756866455078125 -0.49975574016571044922
6.7864985466003417969 6.6902728080749511719 6.630306243896484375 6.7160334587097167969 7.0821361541748046875 7.2652587890625 7.3474822044372558594 7.3776845932006835938 7.3849358558654785156 7.3240618705749511719 7.2846994400024414062 7.0632309913635253906 6.9169521331787109375 6.9269580841064453125 7.1070351600646972656 7.1408381462097167969 6.9377636909484863281 6.6192755699157714844 6.398303985595703125 6.35894012451171875 5.8862094879150390625 5.2070565223693847656 4.7027611732482910156 4.4499864578247070312 4.6814022064208984375 4.0719394683837890625 3.3920452594757080078 3.1659524440765380859 2.6711525917053222656 2.5017468929290771484 2.2787463665008544922 1.566290736198425293 0.64094853401184082031 0.38201385736465454102 -0.014509272761642932892 0.063217222690582275391 0.04800335317850112915 -0.26587516069412231445 -0.34803038835525512695 -0.49003064632415771484
6.772190093994140625 6.8359365463256835938 6.7476758956909179688 6.8316802978515625 7.0715537071228027344 7.2203774452209472656 7.3091616630554199219 7.3335890769958496094 7.3166522979736328125 7.3330931663513183594 7.2666344642639160156 7.0724673271179199219 6.9482493400573730469 6.8607821464538574219 6.876140594482421875 6.8911962509155273438 6.9338459968566894531 6.823978424072265625 6.4218282699584960938 6.4150800704956054688 5.9560842514038085938 5.1141347885131835938 4.4465031623840332031 4.1307764053344726562 4.2583794593811035156 4.0407381057739257812 3.58542633056640625 3.3265082836151123047 2.8634257316589355469 2.5049748420715332031 2.5434620380401611328 2.1593389511108398438 0.97438406944274902344 0.66126680374145507812 0.19561110436916351318 0.1434711068868637085 0.099659420549869537354 -0.21231417357921600342 -0.56771129369735717773 -0.59143215417861938477
6.8335161209106445312 6.867115020751953125 6.8357324600219726562 7.0369510650634765625 7.2687320709228515625 7.2598361968994140625 7.348285675048828125 7.3707852363586425781 7.3640604019165039062 7.3504548072814941406 7.3452157974243164062 7.1529903411865234375 6.8852319717407226562 6.7478699684143066406 6.7067737579345703125 6.6811609268188476562 6.6806282997131347656 6.5864458084106445312 6.5570063591003417969 6.168582916259765625 5.7263059616088867188 5.0479044914245605469 4.3669109344482421875 4.0637979507446289062 4.2883858680725097656 3.8740379810333251953 3.3353054523468017578 3.467044830322265625 3.2593550682067871094 2.8366825580596923828 2.6758453845977783203 2.6365337371826171875 1.8386231660842895508 0.86442351341247558594 0.49908834695816040039 0.39343938231468200684 0.1153502538800239563 -0.074629671871662139893 -0.63777059316635131836 -0.68269693851470947266
7.1027212142944335938 7.0221071243286132812 6.9760198593139648438 7.2020030021667480469 7.3151774406433105469 7.2870359420776367188 7.37906646728515625 7.3352899551391601562 7.3391323089599609375 7.3276891708374023438 7.3094849586486816406 7.2765932083129882812 7.0235958099365234375 6.6561026573181152344 6.6047291755676269531 6.5638422966003417969 6.5174894332885742188 6.4353318214416503906 6.3833022117614746094 5.894359588623046875 5.3904109001159667969 4.6826353073120117188 4.1732287406921386719 3.9017717838287353516 3.9239208698272705078 3.9076478481292724609 3.4053642749786376953 3.2569591999053955078 3.4262218475341796875 3.1059713363647460938 2.8936100006103515625 2.9317152500152587891 2.7667498588562011719 2.0244567394256591797 0.89172059297561645508 0.70046508312225341797 0.23441034555435180664 0.030144197866320610046 -0.42531245946884155273 -0.68818962574005126953
