samples/et/map_et_2017-08-23.asc
ncols        322
nrows        306
xllcorner    -53.726171018035
yllcorner    -28.476684338117
cellsize     0.000269494585
NODATA_value  -1
[rows 18 to 35 of 306, columns 0 to 39 of 322]
nan 1.8372590541839599609 1.8856657743453979492 2.2015612125396728516 2.1298549175262451172 1.9856563806533813477 1.7581185102462768555 1.6010956764221191406 1.5905025005340576172 1.5684077739715576172 1.5056676864624023438 2.0155675411224365234 2.33866119384765625 2.832935333251953125 3.1578242778778076172 3.2271678447723388672 3.1483716964721679688 3.1701536178588867188 3.0641336441040039062 3.0675899982452392578 3.2838015556335449219 3.3920302391052246094 3.3061885833740234375 2.9201161861419677734 2.9474186897277832031 3.2457473278045654297 3.3127119541168212891 3.3686470985412597656 3.6321477890014648438 3.6254293918609619141 3.5422990322113037109 3.418609619140625 3.2475838661193847656 3.2129979133605957031 3.0585162639617919922 3.3233098983764648438 3.4317049980163574219 3.5673732757568359375 3.6445660591125488281 3.6170649528503417969
nan 2.1484038829803466797 2.0308935642242431641 1.9921151399612426758 2.0250513553619384766 2.0454699993133544922 2.029083251953125 1.7787400484085083008 1.6712268590927124023 1.7112935781478881836 1.5561820268630981445 1.6554675102233886719 2.0707223415374755859 2.5907130241394042969 2.8889398574829101562 2.86252593994140625 2.8841497898101806641 2.9622581005096435547 2.9842603206634521484 2.7645847797393798828 3.0504426956176757812 3.3719282150268554688 3.4463016986846923828 2.9963326454162597656 2.8657293319702148438 3.2199230194091796875 3.3180739879608154297 3.3777778148651123047 3.5718326568603515625 3.5934970378875732422 3.5968892574310302734 3.51349639892578125 3.2174842357635498047 3.015880584716796875 2.8626599311828613281 3.0613398551940917969 3.4491183757781982422 3.4937412738800048828 3.5063607692718505859 3.6295659542083740234
nan 1.6395285129547119141 1.7407557964324951172 1.8434329032897949219 1.8759993314743041992 1.947960972785949707 1.889479517936706543 1.6193038225173950195 1.4582618474960327148 1.4586358070373535156 1.5539257526397705078 1.6086623668670654297 1.8033379316329956055 2.1525671482086181641 2.4460933208465576172 2.7511744499206542969 2.8157413005828857422 3.0580086708068847656 3.1940147876739501953 2.8392086029052734375 2.8968317508697509766 3.4143152236938476562 3.5873019695281982422 3.1171095371246337891 2.8302466869354248047 3.3409669399261474609 3.3975930213928222656 3.4701807498931884766 3.4389388561248779297 3.5084829330444335938 3.495849609375 3.5439007282257080078 3.5024056434631347656 3.2121756076812744141 3.0846719741821289062 3.0508844852447509766 3.2360615730285644531 3.5022754669189453125 3.5176770687103271484 3.5255362987518310547
nan 1.5032930374145507812 1.2233139276504516602 1.17284393310546875 1.3840957880020141602 1.4980556964874267578 1.4253330230712890625 1.3569904565811157227 1.4243923425674438477 1.5725687742233276367 1.6416808366775512695 1.7363781929016113281 1.7071726322174072266 2.1483342647552490234 2.2911863327026367188 2.8091397285461425781 3.0727107524871826172 3.3603363037109375 3.5837926864624023438 3.2405757904052734375 3.05109405517578125 3.3505988121032714844 3.3278603553771972656 2.9762005805969238281 2.8279135227203369141 2.9989931583404541016 3.0642335414886474609 3.3180317878723144531 3.3060348033905029297 3.4424047470092773438 3.3085155487060546875 3.3419110774993896484 3.5237913131713867188 3.602813720703125 3.2985391616821289062 3.2123475074768066406 3.2610104084014892578 3.634735107421875 3.6572158336639404297 3.5688695907592773438
nan 1.4396902322769165039 1.179925084114074707 0.93085271120071411133 0.98013299703598022461 0.96882599592208862305 1.2299741506576538086 1.4518988132476806641 1.5346142053604125977 1.534376978874206543 1.664883732795715332 1.7878530025482177734 1.7939497232437133789 2.1030533313751220703 2.4774994850158691406 2.5832750797271728516 2.9612610340118408203 3.2096524238586425781 3.6638309955596923828 3.7452239990234375 3.4798896312713623047 3.5558137893676757812 3.1141972541809082031 2.6534638404846191406 2.7639052867889404297 2.8285315036773681641 2.8949599266052246094 2.9580128192901611328 3.0232980251312255859 3.1048300266265869141 3.3017611503601074219 3.2527022361755371094 3.3052496910095214844 3.6076076030731201172 3.6629967689514160156 3.409648895263671875 3.5462911128997802734 3.693256378173828125 3.68941497802734375 3.6477274894714355469
nan 1.4944413900375366211 1.4476094245910644531 1.4654852151870727539 1.3393659591674804688 1.3545441627502441406 1.4483942985534667969 1.6810395717620849609 1.63805389404296875 1.6641147136688232422 1.5616637468338012695 1.5812327861785888672 1.7702933549880981445 2.1022799015045166016 2.5129444599151611328 2.7111637592315673828 2.9058487415313720703 2.9982316493988037109 3.1497099399566650391 3.5399630069732666016 3.7229940891265869141 3.9489231109619140625 3.3972563743591308594 2.5552301406860351562 2.6137497425079345703 2.9005463123321533203 2.9014525413513183594 2.8827190399169921875 2.6815464496612548828 2.9144666194915771484 2.9817795753479003906 3.0878949165344238281 3.0822186470031738281 3.4143033027648925781 3.6507670879364013672 3.6610181331634521484 3.4163029193878173828 3.6627500057220458984 3.7029194831848144531 3.6700527667999267578
nan 1.6048920154571533203 1.782605290412902832 1.8405818939208984375 1.6565654277801513672 1.8207919597625732422 1.7495467662811279297 1.6153901815414428711 1.5774805545806884766 1.7176901102066040039 1.4952471256256103516 1.5550928115844726562 1.7178045511245727539 2.0875318050384521484 2.2060348987579345703 2.7158238887786865234 3.1859483718872070312 3.3470697402954101562 3.3097600936889648438 3.6219241619110107422 3.9149692058563232422 3.9975414276123046875 3.5753319263458251953 2.5692856311798095703 2.5206408500671386719 2.7570993900299072266 2.8213706016540527344 2.8823657035827636719 2.4792885780334472656 2.4163849353790283203 2.4136807918548583984 2.3189351558685302734 2.3310008049011230469 2.5228643417358398438 3.1088211536407470703 3.4578347206115722656 3.5947666168212890625 3.2811107635498046875 3.4316263198852539062 3.5453107357025146484
nan 1.6313457489013671875 1.6117585897445678711 1.5265991687774658203 1.6737381219863891602 1.7738310098648071289 1.8049931526184082031 1.6863968372344970703 1.8510473966598510742 1.8328522443771362305 1.7548564672470092773 1.7108564376831054688 1.8245670795440673828 2.0098111629486083984 2.1458725929260253906 2.4311242103576660156 3.0034198760986328125 3.4095489978790283203 3.5781710147857666016 3.8940794467926025391 4.0093555450439453125 4.0868191719055175781 3.8367145061492919922 3.0327615737915039062 2.6331024169921875 2.7542629241943359375 2.7596600055694580078 2.7886333465576171875 2.5635578632354736328 2.2303285598754882812 2.1678798198699951172 2.1268820762634277344 2.0286967754364013672 2.2008249759674072266 2.6726632118225097656 3.1660211086273193359 3.7048871517181396484 3.7098836898803710938 3.3971662521362304688 3.40773773193359375
nan 1.7479523420333862305 1.6352210044860839844 1.6179815530776977539 1.6756976842880249023 1.7604731321334838867 1.8577431440353393555 1.8997344970703125 1.8405231237411499023 1.6071296930313110352 1.6761401891708374023 1.6116688251495361328 1.7806842327117919922 1.9794410467147827148 2.2141447067260742188 2.3325178623199462891 2.9718482494354248047 3.2302782535552978516 3.4386603832244873047 3.8496050834655761719 4.0078196525573730469 4.0630207061767578125 4.0229763984680175781 3.3523294925689697266 2.9787449836730957031 3.0057806968688964844 2.9889519214630126953 3.0910520553588867188 2.8602414131164550781 2.7511947154998779297 2.4831407070159912109 2.5307843685150146484 2.3558163642883300781 2.6625294685363769531 2.8322980403900146484 3.3315813541412353516 3.7073838710784912109 3.7167623043060302734 3.7203493118286132812 3.4354543685913085938
nan 2.0192191600799560547 1.8705865144729614258 1.9365949630737304688 2.0302371978759765625 2.0789442062377929688 2.0002601146697998047 1.9691197872161865234 1.8412430286407470703 1.7286672592163085938 1.3758939504623413086 1.1365945339202880859 1.3777921199798583984 1.9185997247695922852 2.1502599716186523438 2.465175628662109375 2.9164438247680664062 3.2326295375823974609 3.4510025978088378906 3.6330525875091552734 3.9618747234344482422 4.0638942718505859375 4.069675445556640625 3.6993458271026611328 3.3406460285186767578 3.2226581573486328125 3.2187459468841552734 3.0974707603454589844 3.1132054328918457031 2.9701516628265380859 2.7906627655029296875 2.6154019832611083984 2.4916291236877441406 2.4535765647888183594 2.6624898910522460938 3.1573071479797363281 3.5095348358154296875 3.7142510414123535156 3.7195825576782226562 3.7240526676177978516
nan 2.1091017723083496094 2.1818096637725830078 2.1295995712280273438 2.25197601318359375 2.3648216724395751953 2.3226163387298583984 2.2433774471282958984 2.3240134716033935547 2.3370130062103271484 2.0662431716918945312 1.3719877004623413086 1.2613775730133056641 1.7350790500640869141 2.1080663204193115234 2.2145674228668212891 2.7201445102691650391 3.1866347789764404297 3.5916779041290283203 3.5628478527069091797 3.9696044921875 4.0873980522155761719 4.1377491950988769531 4.0374016761779785156 3.812961578369140625 3.6389617919921875 3.5988936424255371094 3.3504428863525390625 3.2114169597625732422 2.9944560527801513672 2.6542580127716064453 2.629955291748046875 3.0255739688873291016 2.8401753902435302734 2.7101106643676757812 3.0416328907012939453 3.47829437255859375 3.6699471473693847656 3.7242372035980224609 3.7222967147827148438
nan 2.2908658981323242188 2.2952287197113037109 2.2180905342102050781 2.1978738307952880859 2.3632054328918457031 2.5460858345031738281 2.5372140407562255859 2.5498950481414794922 2.481563568115234375 2.2835810184478759766 2.0447354316711425781 1.7882213592529296875 1.7383604049682617188 1.8538705110549926758 2.0512285232543945312 2.4156973361968994141 2.9055218696594238281 3.3371751308441162109 3.5770998001098632812 3.5835204124450683594 4.0621705055236816406 4.1522169113159179688 4.0634417533874511719 3.7833104133605957031 3.7123928070068359375 3.6864507198333740234 3.7224621772766113281 3.5308606624603271484 3.5446646213531494141 3.2168314456939697266 2.8594770431518554688 3.2780251502990722656 3.4228346347808837891 3.2773749828338623047 3.2449276447296142578 3.5315828323364257812 3.5883491039276123047 3.6388187408447265625 3.4429531097412109375
nan 2.7214448451995849609 2.5255126953125 2.3901493549346923828 2.3436729907989501953 2.3782021999359130859 2.4596171379089355469 2.5725967884063720703 2.5257799625396728516 2.2927668094635009766 2.2932169437408447266 2.048656463623046875 1.9527416229248046875 1.9163858890533447266 1.8335700035095214844 1.975704193115234375 2.2867906093597412109 2.8410549163818359375 3.2829003334045410156 3.6005773544311523438 3.6164605617523193359 3.7993004322052001953 4.1263661384582519531 4.1571302413940429688 3.8390803337097167969 3.5293588638305664062 3.4336395263671875 3.7577197551727294922 3.7121970653533935547 3.7483282089233398438 3.8197293281555175781 3.2806761264801025391 3.1519882678985595703 3.2029895782470703125 3.2240202426910400391 3.4954640865325927734 3.7072861194610595703 3.7093667984008789062 3.6085238456726074219 3.6399362087249755859
nan 2.7451374530792236328 2.6828966140747070312 2.7292144298553466797 2.6866128444671630859 2.5846843719482421875 2.4720144271850585938 2.4777388572692871094 2.515102386474609375 2.5794956684112548828 2.4565169811248779297 2.4038305282592773438 2.3085660934448242188 2.0414724349975585938 2.1101026535034179688 2.0798678398132324219 2.4157259464263916016 2.8531363010406494141 3.3524954319000244141 3.5105450153350830078 3.6957421302795410156 3.7909998893737792969 4.0115399360656738281 4.1997175216674804688 3.8110194206237792969 3.6075336933135986328 3.5509431362152099609 3.3500089645385742188 3.5861468315124511719 3.518901824951171875 3.6321659088134765625 3.4446084499359130859 3.1935052871704101562 3.0537118911743164062 3.1161022186279296875 3.3501446247100830078 3.6896107196807861328 3.6691994667053222656 3.6377253532409667969 3.6361715793609619141
nan 2.6605732440948486328 2.6920251846313476562 2.8291738033294677734 2.8347036838531494141 2.7493741512298583984 2.5791089534759521484 2.4533460140228271484 2.3924396038055419922 2.4799592494964599609 2.4613552093505859375 2.4054422378540039062 2.2906858921051025391 1.9896540641784667969 2.0876448154449462891 2.17586517333984375 2.3827292919158935547 2.9207239151000976562 3.0782308578491210938 3.1240732669830322266 3.3601915836334228516 3.697063446044921875 3.9940428733825683594 4.1024017333984375 3.9175174236297607422 3.6841864585876464844 3.6156344413757324219 3.4704401493072509766 3.2821247577667236328 3.2170836925506591797 3.3095614910125732422 3.3699965476989746094 3.1627218723297119141 3.0617451667785644531 3.1960682868957519531 3.3396379947662353516 3.6730785369873046875 3.6617128849029541016 3.6309909820556640625 3.6112768650054931641
nan 3.0478982925415039062 2.8323619365692138672 2.8415732383728027344 2.9986371994018554688 2.8477318286895751953 2.7636549472808837891 2.4092664718627929688 2.3386313915252685547 1.865271449089050293 1.916909337043762207 2.0568413734436035156 2.0450813770294189453 1.7957395315170288086 1.7620204687118530273 2.2262434959411621094 2.6485428810119628906 2.9281785488128662109 3.0875797271728515625 3.0347273349761962891 3.1082177162170410156 3.3913087844848632812 3.7632095813751220703 4.0459179878234863281 4.0807738304138183594 3.6588406562805175781 3.5777378082275390625 3.5274913311004638672 3.2775399684906005859 2.9005613327026367188 2.7915968894958496094 2.8867244720458984375 2.8819444179534912109 2.97943115234375 3.3337333202362060547 3.3759105205535888672 3.6615550518035888672 3.6563880443572998047 3.6234824657440185547 3.5956516265869140625
nan 3.3397638797760009766 3.2217514514923095703 2.9853575229644775391 2.9651696681976318359 3.1187551021575927734 2.9333832263946533203 2.6347942352294921875 2.0916032791137695312 2.0600097179412841797 1.6190841197967529297 1.6392357349395751953 1.6392482519149780273 1.7394036054611206055 1.6329094171524047852 1.9493114948272705078 2.7418200969696044922 3.4246268272399902344 3.4871282577514648438 3.3873717784881591797 3.1251513957977294922 3.1844468116760253906 3.4043951034545898438 3.6217396259307861328 3.6174633502960205078 3.5545060634613037109 3.4431514739990234375 3.2481434345245361328 3.2593672275543212891 2.8854758739471435547 2.6015594005584716797 2.6360201835632324219 2.7995741367340087891 2.9831473827362060547 3.3031570911407470703 3.5337171554565429688 3.638317108154296875 3.6417102813720703125 3.6025781631469726562 3.5844304561614990234
nan 3.0211193561553955078 3.0410931110382080078 2.8900928497314453125 2.8410694599151611328 2.7707302570343017578 2.9440169334411621094 2.8336877822875976562 2.3516542911529541016 2.3355162143707275391 2.1449856758117675781 2.0067629814147949219 1.7635638713836669922 1.6933720111846923828 1.554658055305480957 1.9525506496429443359 2.4291424751281738281 3.292522430419921875 3.7992739677429199219 3.6344940662384033203 3.5751249790191650391 3.4045436382293701172 3.1128370761871337891 3.1522123813629150391 3.1076753139495849609 3.0495915412902832031 2.9341027736663818359 2.8567507266998291016 3.0507714748382568359 2.9241170883178710938 2.6291761398315429688 2.5727403163909912109 2.8989381790161132812 3.0540552139282226562 3.2611019611358642578 3.5126109123229980469 3.7355017662048339844 3.6803743839263916016 3.6158738136291503906 3.6191194057464599609
