samples/et/map_et_2017-08-07.asc
ncols        322
nrows        306
xllcorner    -53.726171018035
yllcorner    -28.476684338117
cellsize     0.000269494585
NODATA_value  -1
[rows 180 to 197 of 306, columns 0 to 39 of 322]
nan 2.1744534969329833984 1.8548051118850708008 1.6185034513473510742 2.0895421504974365234 2.4132506847381591797 2.3046061992645263672 2.2405874729156494141 2.2945303916931152344 2.2241365909576416016 2.0312671661376953125 1.713499903678894043 1.6188834905624389648 1.7482804059982299805 1.4927324056625366211 0.67138624191284179688 0.19248056411743164062 0.68195754289627075195 1.0467025041580200195 1.0528292655944824219 1.1528735160827636719 1.4230567216873168945 1.6308119297027587891 1.3245447874069213867 1.287053227424621582 1.8918539285659790039 2.0933191776275634766 2.6752631664276123047 2.9307181835174560547 2.9613516330718994141 2.9001500606536865234 2.7932174205780029297 2.5628387928009033203 2.5518918037414550781 2.4186143875122070312 1.9981740713119506836 1.6669054031372070312 1.4983129501342773438 1.3634190559387207031 1.3110446929931640625
nan 1.9222509860992431641 1.5106081962585449219 1.3007262945175170898 1.2523752450942993164 1.6446832418441772461 1.7625920772552490234 1.7921237945556640625 1.7061580419540405273 1.7105423212051391602 1.4219354391098022461 1.290719151496887207 1.2037546634674072266 1.4431594610214233398 1.7759531736373901367 1.3902202844619750977 0.69327783584594726562 0.59655618667602539062 1.0497691631317138672 1.1007363796234130859 1.3222373723983764648 1.5558811426162719727 2.0209889411926269531 1.5517641305923461914 1.446079254150390625 1.8134447336196899414 1.9939489364624023438 2.8795270919799804688 3.2777619361877441406 2.7936251163482666016 2.7100932598114013672 2.84467315673828125 2.5634410381317138672 2.1792531013488769531 2.3598477840423583984 2.1982896327972412109 1.8327574729919433594 1.4274469614028930664 1.406037449836730957 1.5171117782592773438
nan 1.4882795810699462891 1.3511371612548828125 1.0536074638366699219 0.53752923011779785156 0.81317782402038574219 1.1911633014678955078 1.4227010011672973633 1.7239081859588623047 1.7550073862075805664 1.5627439022064208984 0.96175521612167358398 0.85106694698333740234 1.086939692497253418 1.3425427675247192383 1.6182715892791748047 1.2942881584167480469 1.1456493139266967773 0.87597393989562988281 1.1998175382614135742 1.3420529365539550781 1.8404252529144287109 2.2444400787353515625 2.2448813915252685547 1.789699554443359375 1.8538005352020263672 1.9891893863677978516 2.1235473155975341797 3.1585910320281982422 2.9354796409606933594 2.5379765033721923828 2.5236022472381591797 2.4600210189819335938 2.1590437889099121094 2.0958614349365234375 2.0663971900939941406 2.0348837375640869141 1.8097881078720092773 1.5716276168823242188 1.7006735801696777344
nan 1.4160906076431274414 1.1600252389907836914 0.94112282991409301758 0.48208117485046386719 0.16995105147361755371 0.39738816022872924805 0.93539369106292724609 1.6810849905014038086 2.0006299018859863281 1.5890966653823852539 1.257756352424621582 0.60290688276290893555 0.7099831700325012207 0.70789420604705810547 0.89897525310516357422 0.85419601202011108398 0.75025540590286254883 0.89711600542068481445 1.1232253313064575195 1.6207963228225708008 2.0190653800964355469 2.3552365303039550781 2.3827195167541503906 2.3300151824951171875 2.0802195072174072266 2.2377424240112304688 2.0781412124633789062 2.7627158164978027344 2.8099617958068847656 2.4804706573486328125 2.5218999385833740234 2.4626827239990234375 2.3583016395568847656 2.2229664325714111328 2.0802083015441894531 2.0444965362548828125 1.8590461015701293945 1.6358946561813354492 1.6033010482788085938
nan 1.6092419624328613281 1.4575556516647338867 1.0089815855026245117 0.72066056728363037109 0.40458133816719055176 0.089927099645137786865 0.41143003106117248535 1.0960999727249145508 1.7291531562805175781 1.5054876804351806641 1.0557706356048583984 0.46213227510452270508 0.039129070937633514404 0.26805555820465087891 0.21374569833278656006 0.51721346378326416016 0.5982608795166015625 0.88178658485412597656 1.0113115310668945312 1.7419399023056030273 2.41268157958984375 2.7686800956726074219 2.6003167629241943359 2.5353922843933105469 2.3972148895263671875 2.5734834671020507812 2.6812839508056640625 2.8273148536682128906 2.7803165912628173828 2.3845534324645996094 2.4321477413177490234 2.5766851902008056641 2.4489722251892089844 2.3830599784851074219 2.0486967563629150391 1.9580790996551513672 1.7544690370559692383 1.7910791635513305664 1.5517431497573852539
nan 1.6564093828201293945 1.7060264348983764648 1.305726170539855957 0.91580963134765625 0.72318398952484130859 0.22460719943046569824 0.12310232967138290405 0.91543740034103393555 1.220034480094909668 1.1895375251770019531 0.81449878215789794922 0.61387544870376586914 0.2140859067440032959 0.23333242535591125488 0.040558863431215286255 0.0039380611851811408997 0.61760419607162475586 0.97676700353622436523 0.83809411525726318359 1.5178546905517578125 2.260143280029296875 2.6325817108154296875 2.6775279045104980469 2.6144316196441650391 2.6744365692138671875 2.8186240196228027344 3.1010670661926269531 3.3007590770721435547 3.1092097759246826172 2.6496145725250244141 2.3656163215637207031 2.5626850128173828125 2.5787038803100585938 2.7543807029724121094 2.4699130058288574219 2.2339324951171875 1.86188507080078125 1.8177493810653686523 1.635869145393371582
nan 1.4439895153045654297 1.646773219108581543 1.1545610427856445312 0.90230214595794677734 0.67779654264450073242 0.4550692141056060791 0.23838044703006744385 0.51156413555145263672 1.1482279300689697266 0.94116497039794921875 0.6746584773063659668 0.62072855234146118164 0.45750468969345092773 0.42804950475692749023 0.39329740405082702637 0.14653436839580535889 0.18776059150695800781 0.79844325780868530273 1.0129619836807250977 1.1347407102584838867 1.7515692710876464844 2.16136932373046875 2.1484675407409667969 1.7968567609786987305 2.4347455501556396484 2.6622157096862792969 2.9328341484069824219 3.2706878185272216797 3.2279872894287109375 3.2041103839874267578 3.1421544551849365234 2.9576983451843261719 2.9668498039245605469 2.9336068630218505859 3.1830070018768310547 2.7103788852691650391 2.3229169845581054688 1.9228610992431640625 1.5717792510986328125
nan 1.4704786539077758789 1.6098339557647705078 1.3433655500411987305 0.74069041013717651367 0.68393105268478393555 0.33941110968589782715 0.28554451465606689453 0.30429419875144958496 0.89028960466384887695 1.1344008445739746094 0.73440581560134887695 0.65548610687255859375 0.4827251136302947998 0.3944943547248840332 0.49294382333755493164 0.15422409772872924805 0.088011428713798522949 -0.028715400025248527527 0.40091457962989807129 0.38148528337478637695 0.62628251314163208008 1.0460606813430786133 1.1262171268463134766 0.3820432126522064209 1.1502149105072021484 1.5757669210433959961 2.2824881076812744141 2.8359656333923339844 3.1936120986938476562 3.2394609451293945312 3.2433412075042724609 3.2414047718048095703 3.2288680076599121094 3.2407627105712890625 3.2713620662689208984 3.2747437953948974609 2.7405407428741455078 2.0416972637176513672 1.5948287248611450195
nan 2.2695713043212890625 2.25234222412109375 2.2775807380676269531 1.5139110088348388672 1.18032073974609375 1.0962910652160644531 0.43321621417999267578 0.37916210293769836426 0.72461783885955810547 1.0927549600601196289 0.86607241630554199219 0.85558921098709106445 0.70041573047637939453 0.29760333895683288574 0.26625683903694152832 0.032917749136686325073 -0.31059396266937255859 -0.75586801767349243164 -0.76847732067108154297 -0.65092378854751586914 -0.68636757135391235352 -0.20347610116004943848 0.028133682906627655029 -0.54640692472457885742 -0.39462170004844665527 -0.40936368703842163086 0.89551186561584472656 1.9327244758605957031 2.476222991943359375 2.9393835067749023438 3.3077497482299804688 3.3739407062530517578 3.3566508293151855469 3.3201916217803955078 3.3354933261871337891 3.3644683361053466797 3.2524652481079101562 2.6878669261932373047 1.8955519199371337891
nan 2.7735896110534667969 2.7834150791168212891 2.7458980083465576172 2.3755753040313720703 1.6156308650970458984 1.4696211814880371094 1.182345271110534668 0.73542702198028564453 0.9349486231803894043 1.2001651525497436523 1.0419440269470214844 0.87337481975555419922 0.71721947193145751953 0.33780983090400695801 0.018186021596193313599 -0.21998572349548339844 -0.55929434299468994141 -0.79237383604049682617 -1.2997756004333496094 -1.2496408224105834961 -1.1749055385589599609 -1.1250067949295043945 -0.71328073740005493164 -0.59560596942901611328 -0.52702599763870239258 -0.53534680604934692383 -0.28736826777458190918 0.80539888143539428711 1.4078772068023681641 1.853181004524230957 2.30791473388671875 2.80075836181640625 3.1447191238403320312 3.3854196071624755859 3.3626430034637451172 3.3552396297454833984 3.2282488346099853516 3.0680019855499267578 2.4186487197875976562
nan 2.9732277393341064453 2.8160431385040283203 2.7724938392639160156 2.7728798389434814453 2.3241074085235595703 1.8254728317260742188 1.7778209447860717773 1.331612706184387207 1.3295673131942749023 1.1911270618438720703 1.1274796724319458008 1.050909876823425293 0.85843378305435180664 0.41602432727813720703 0.012094344012439250946 -0.30553647875785827637 -0.71677982807159423828 -0.70972484350204467773 -1.0618510246276855469 -1.3508180379867553711 -1.3554195165634155273 -1.5437549352645874023 -1.2828934192657470703 -0.79069781303405761719 -0.52814477682113647461 -0.52941721677780151367 -0.44272160530090332031 -0.065161518752574920654 0.61770015954971313477 1.0960898399353027344 1.5139701366424560547 2.1686761379241943359 2.3532612323760986328 2.4605920314788818359 2.7577667236328125 2.9909524917602539062 2.70977783203125 2.6304044723510742188 2.3059954643249511719
nan 3.1376390457153320312 2.8363454341888427734 2.7428383827209472656 2.9088046550750732422 2.6672153472900390625 2.5521843433380126953 2.3532440662384033203 1.8722698688507080078 1.5812752246856689453 1.2804332971572875977 1.115712285041809082 1.0333130359649658203 0.8699544072151184082 0.63310378789901733398 0.11342343688011169434 -0.30174601078033447266 -0.50118541717529296875 -0.69698369503021240234 -0.81601011753082275391 -0.91937589645385742188 -1.2005883455276489258 -1.3741263151168823242 -1.3616187572479248047 -0.89174652099609375 -0.80867964029312133789 -0.80992132425308227539 -0.59539932012557983398 -0.37285846471786499023 0.18173272907733917236 0.69809669256210327148 1.2768825292587280273 1.7832208871841430664 2.0921921730041503906 1.9642703533172607422 2.0331063270568847656 2.1995971202850341797 2.1159467697143554688 2.2358961105346679688 2.0595066547393798828
nan 2.9715964794158935547 2.7466166019439697266 2.4663112163543701172 2.6152536869049072266 2.6507306098937988281 2.4667708873748779297 2.2506291866302490234 2.2371530532836914062 2.0168650150299072266 1.5242382287979125977 1.1308002471923828125 1.0419571399688720703 1.0651617050170898438 1.0208556652069091797 0.49208179116249084473 0.019897896796464920044 -0.3681634068489074707 -0.59441918134689331055 -0.74442052841186523438 -0.78942418098449707031 -0.70259481668472290039 -1.0326493978500366211 -1.0827436447143554688 -0.8931369781494140625 -0.82085782289505004883 -0.82080668210983276367 -0.81146925687789916992 -0.64370703697204589844 -0.21269483864307403564 0.4885692894458770752 1.2827746868133544922 1.6297589540481567383 1.7629833221435546875 1.8785096406936645508 2.0073368549346923828 2.2426435947418212891 2.260898590087890625 2.2027139663696289062 2.1113102436065673828
nan 2.5622637271881103516 2.394649505615234375 2.1311881542205810547 1.9866145849227905273 2.1668946743011474609 1.8617321252822875977 1.6371406316757202148 1.8401060104370117188 1.983318328857421875 1.6287358999252319336 1.2168602943420410156 0.98022311925888061523 0.91091877222061157227 1.0380686521530151367 0.74534219503402709961 0.4583638608455657959 0.091680884361267089844 -0.46878930926322937012 -0.64683794975280761719 -0.78081381320953369141 -0.77739626169204711914 -0.93026691675186157227 -1.0017906427383422852 -0.9154262542724609375 -0.80366528034210205078 -0.72347569465637207031 -0.66555833816528320312 -0.52387857437133789062 -0.24774701893329620361 0.55142217874526977539 1.1834188699722290039 1.7332375049591064453 1.9255653619766235352 1.7837018966674804688 1.9064688682556152344 2.1762888431549072266 2.0529682636260986328 2.1729719638824462891 2.2604534626007080078
nan 1.5386784076690673828 1.2981714010238647461 1.3898103237152099609 1.3935217857360839844 1.4442989826202392578 1.4492334127426147461 1.2777752876281738281 1.1434788703918457031 1.271962285041809082 1.2660633325576782227 1.0786415338516235352 0.79145413637161254883 0.62730169296264648438 0.62691068649291992188 0.59881573915481567383 0.54874879121780395508 0.56283754110336303711 0.17194148898124694824 -0.34125798940658569336 -0.32547235488891601562 -0.39887973666191101074 -0.51064372062683105469 -0.57056611776351928711 -0.64043778181076049805 -0.58295881748199462891 -0.48410949110984802246 -0.42478466033935546875 -0.27137738466262817383 -0.088228404521942138672 0.30470442771911621094 1.0538208484649658203 1.7677510976791381836 1.9836629629135131836 1.935816645622253418 1.8102488517761230469 1.737298130989074707 1.7399679422378540039 1.7974820137023925781 2.0990607738494873047
nan 1.1327587366104125977 0.50461179018020629883 0.26980769634246826172 0.33483064174652099609 0.61209219694137573242 0.66698384284973144531 0.75432282686233520508 0.75796723365783691406 0.62789005041122436523 0.67059147357940673828 0.72693812847137451172 0.60957098007202148438 0.51122575998306274414 0.51968884468078613281 0.60025870800018310547 0.57222598791122436523 0.48915055394172668457 0.54567492008209228516 0.22916622459888458252 -0.11013155430555343628 -0.047856561839580535889 -0.019751552492380142212 -0.16934393346309661865 -0.22411885857582092285 -0.19502498209476470947 -0.099656566977500915527 -0.085686109960079193115 -0.10528969764709472656 0.19378378987312316895 0.050958625972270965576 0.88826966285705566406 1.5884008407592773438 1.7976443767547607422 1.9157973527908325195 1.7918939590454101562 1.5792332887649536133 1.4840942621231079102 1.80873870849609375 1.917096257209777832
nan 1.1496948003768920898 0.57670772075653076172 0.046794630587100982666 -0.32058373093605041504 -0.25128760933876037598 -0.082425184547901153564 0.01669846661388874054 0.19505609571933746338 0.13257306814193725586 0.099479742348194122314 0.30005890130996704102 0.41065514087677001953 0.39825591444969177246 0.30160659551620483398 0.53212147951126098633 0.65494555234909057617 0.65334165096282958984 0.58313208818435668945 0.54819619655609130859 0.30032262206077575684 -0.15459471940994262695 -0.17178004980087280273 -0.00075454759644344449043 0.26240891218185424805 0.32115545868873596191 0.62319582700729370117 0.62897801399230957031 0.61253708600997924805 0.30177327990531921387 0.22773939371109008789 0.66490077972412109375 1.1637008190155029297 1.7714097499847412109 1.8330748081207275391 1.6623852252960205078 1.2691376209259033203 0.72075992822647094727 0.82088422775268554688 1.3816906213760375977
nan 1.2142102718353271484 0.61362349987030029297 0.16254998743534088135 -0.20272690057754516602 -0.50146925449371337891 -0.70297646522521972656 -0.4903360903263092041 -0.2508157193660736084 -0.11340285837650299072 -0.26064372062683105469 -0.33228123188018798828 0.12153468281030654907 0.26793897151947021484 0.37137144804000854492 0.22601111233234405518 0.36462762951850891113 0.54675251245498657227 0.52990448474884033203 0.54586052894592285156 0.43367117643356323242 0.21155878901481628418 -0.18752874433994293213 -0.010577868670225143433 0.42930459976196289062 0.48150718212127685547 0.77540147304534912109 0.80150043964385986328 0.98561072349548339844 0.83860993385314941406 0.64277172088623046875 0.23647698760032653809 0.67355209589004516602 1.370365142822265625 1.5457375049591064453 1.2389746904373168945 0.9780852198600769043 0.40202450752258300781 -0.23348531126976013184 -0.13097389042377471924
