samples/et/map_et_2017-09-24.asc
ncols        322
nrows        306
xllcorner    -53.726171018035
yllcorner    -28.476684338117
cellsize     0.000269494585
NODATA_value  -1
[rows 0 to 17 of 306, columns 0 to 39 of 322]
nan 2.6656980514526367188 2.6748287677764892578 2.3897502422332763672 2.4159228801727294922 2.6232428550720214844 2.1103978157043457031 1.8155192136764526367 2.2759332656860351562 3.0052666664123535156 3.1052689552307128906 2.6236062049865722656 2.6385982036590576172 2.9975249767303466797 3.9786584377288818359 4.7958054542541503906 5.0477395057678222656 4.8087110519409179688 4.5988607406616210938 4.6772961616516113281 4.5347576141357421875 4.29412078857421875 3.8789145946502685547 3.6196849346160888672 3.507022857666015625 3.4190669059753417969 3.2178139686584472656 2.9377260208129882812 2.6197192668914794922 2.216705322265625 1.910426020622253418 1.6231845617294311523 1.2272177934646606445 1.4175766706466674805 1.7245577573776245117 2.2661137580871582031 2.2693982124328613281 2.9796502590179443359 3.6028945446014404297 3.8806467056274414062
nan 2.2846212387084960938 2.5794801712036132812 2.3190891742706298828 2.2758548259735107422 2.4513797760009765625 2.5613846778869628906 2.2966234683990478516 2.2233555316925048828 3.1412947177886962891 3.3634138107299804688 3.5431003570556640625 3.443805694580078125 3.3806672096252441406 3.8706309795379638672 4.5353703498840332031 5.0132136344909667969 4.8706898689270019531 4.4809246063232421875 4.1895246505737304688 4.1104350090026855469 3.9522118568420410156 3.6931290626525878906 3.5068175792694091797 3.3337986469268798828 3.2506651878356933594 2.9862477779388427734 2.6989283561706542969 2.0750494003295898438 1.9515154361724853516 1.8124741315841674805 1.7595976591110229492 1.7250666618347167969 1.5619570016860961914 1.7488245964050292969 2.43164825439453125 2.5707523822784423828 3.3086214065551757812 4.1558141708374023438 4.44049072265625
nan 2.14458465576171875 2.2377154827117919922 2.2462375164031982422 2.2366852760314941406 2.1802513599395751953 2.6410632133483886719 2.6205730438232421875 2.3933696746826171875 2.8685693740844726562 3.3181424140930175781 3.6389150619506835938 3.8315398693084716797 4.1067328453063964844 4.1448278427124023438 4.5275869369506835938 4.6446843147277832031 4.7762708663940429688 4.4310679435729980469 4.0469236373901367188 3.5245442390441894531 3.5024027824401855469 3.4763517379760742188 3.3128578662872314453 3.2584931850433349609 3.2007215023040771484 3.011127471923828125 2.7398207187652587891 2.0224893093109130859 1.930989384651184082 2.0558900833129882812 2.0486376285552978516 1.9511901140213012695 2.1679501533508300781 2.2712585926055908203 2.4426434040069580078 2.8266465663909912109 3.3157787322998046875 4.0545902252197265625 4.4543142318725585938
nan 2.5837256908416748047 2.5813989639282226562 2.1123073101043701172 2.1514260768890380859 2.2078430652618408203 2.3975930213928222656 2.5369162559509277344 2.4221961498260498047 2.4409680366516113281 3.0970754623413085938 3.5787954330444335938 3.9512944221496582031 4.184024810791015625 4.3202424049377441406 4.5002484321594238281 4.3915205001831054688 4.4677801132202148438 4.6140179634094238281 4.08524322509765625 3.4240016937255859375 2.8195452690124511719 2.7223174571990966797 2.9889614582061767578 2.7769103050231933594 2.7325923442840576172 2.6332921981811523438 2.8801825046539306641 2.2112786769866943359 2.25150299072265625 2.6045367717742919922 2.6134705543518066406 2.4671044349670410156 2.510837554931640625 2.6266942024230957031 2.4407825469970703125 2.7885897159576416016 3.4150252342224121094 3.9693868160247802734 4.4202070236206054688
nan 2.8028812408447265625 2.8070778846740722656 2.4186427593231201172 2.0223798751831054688 2.1503710746765136719 2.5399298667907714844 2.6545987129211425781 2.405902862548828125 2.3330729007720947266 2.4564065933227539062 3.1514828205108642578 3.5424704551696777344 3.8189873695373535156 4.1859259605407714844 4.4346728324890136719 4.3367528915405273438 4.050998687744140625 4.4781093597412109375 4.5027856826782226562 3.8543376922607421875 2.875026702880859375 2.3285984992980957031 2.2009139060974121094 2.6251955032348632812 2.5087604522705078125 2.5062875747680664062 2.3264970779418945312 2.4272472858428955078 2.4670672416687011719 2.9222629070281982422 2.8658285140991210938 2.9217679500579833984 2.8834061622619628906 2.7438211441040039062 2.6383657455444335938 2.7604398727416992188 3.2216930389404296875 3.700634002685546875 4.1902441978454589844
nan 2.7461214065551757812 2.747486114501953125 2.5891022682189941406 2.2242753505706787109 2.0458128452301025391 2.4742517471313476562 2.6408002376556396484 2.6825621128082275391 2.4609224796295166016 2.5007543563842773438 2.8953013420104980469 3.2348294258117675781 3.6665551662445068359 3.8839650154113769531 4.0884566307067871094 4.0723681449890136719 3.7975986003875732422 4.1403627395629882812 4.4979829788208007812 4.3594994544982910156 3.4184966087341308594 3.09751129150390625 2.8011853694915771484 2.7858204841613769531 2.9323525428771972656 2.9133005142211914062 2.3887064456939697266 2.3036482334136962891 2.4908497333526611328 2.7752854824066162109 2.8873679637908935547 2.94000244140625 3.0149483680725097656 2.8748962879180908203 2.6020166873931884766 2.6934134960174560547 2.6718628406524658203 3.0947723388671875 3.4960477352142333984
nan 2.662883758544921875 2.6719462871551513672 2.606380462646484375 2.2576043605804443359 2.0670816898345947266 2.477405548095703125 2.7073523998260498047 2.8524339199066162109 2.631488800048828125 2.6707065105438232422 3.0502879619598388672 3.3935983180999755859 3.6454262733459472656 3.808559417724609375 3.9922559261322021484 4.0585865974426269531 3.7770090103149414062 4.0338268280029296875 4.3479161262512207031 4.4005093574523925781 3.5270328521728515625 3.3105616569519042969 3.0503206253051757812 3.2040965557098388672 3.298137664794921875 3.2513229846954345703 2.5352349281311035156 2.4759805202484130859 2.776058197021484375 3.0762145519256591797 3.1706342697143554688 3.1245181560516357422 3.0948336124420166016 2.8090319633483886719 2.6775457859039306641 2.6941745281219482422 2.7492907047271728516 2.9716143608093261719 3.2924301624298095703
nan 2.1512377262115478516 2.2796165943145751953 2.3081278800964355469 2.2997941970825195312 2.1081337928771972656 2.2633059024810791016 2.5713288784027099609 2.8525903224945068359 2.7775435447692871094 3.1032543182373046875 3.2934839725494384766 3.5058395862579345703 3.5982687473297119141 3.7758107185363769531 3.8126819133758544922 3.6764163970947265625 3.7846577167510986328 3.9607920646667480469 4.153110504150390625 4.3818202018737792969 4.1907138824462890625 3.8264782428741455078 3.7035608291625976562 3.8624699115753173828 4.3807525634765625 4.3572058677673339844 3.6765244007110595703 3.109668731689453125 3.1089568138122558594 3.2049124240875244141 3.2868213653564453125 3.2140913009643554688 3.0041253566741943359 2.8967149257659912109 2.6665854454040527344 2.6006286144256591797 2.7312607765197753906 2.5727372169494628906 2.6529695987701416016
nan 1.5570734739303588867 1.6487948894500732422 1.7674360275268554688 1.8451123237609863281 2.0259592533111572266 2.1715571880340576172 2.6854827404022216797 2.9578375816345214844 3.0731956958770751953 3.2894730567932128906 3.3985602855682373047 3.5679178237915039062 3.6713874340057373047 3.6797339916229248047 3.7613928318023681641 3.3863072395324707031 3.3290965557098388672 3.4461703300476074219 3.8174178600311279297 3.9248220920562744141 3.8154752254486083984 3.8139307498931884766 3.7910845279693603516 3.9993841648101806641 4.4392228126525878906 4.4275732040405273438 4.4608616828918457031 4.0852823257446289062 3.7261888980865478516 3.5602953433990478516 3.3823795318603515625 3.3531985282897949219 3.27449798583984375 2.7510488033294677734 2.6221728324890136719 2.5690333843231201172 2.6969888210296630859 2.6522424221038818359 2.4316115379333496094
nan 1.3923828601837158203 1.4259623289108276367 1.7672388553619384766 1.9379814863204956055 2.0044384002685546875 2.3376691341400146484 2.7045781612396240234 2.9752185344696044922 3.0942137241363525391 3.3685116767883300781 3.2976944446563720703 3.3972644805908203125 3.5829477310180664062 3.9567420482635498047 3.9307224750518798828 3.6143367290496826172 3.4087431430816650391 3.5791652202606201172 3.5236084461212158203 3.8113374710083007812 3.8173780441284179688 3.6738774776458740234 3.6865835189819335938 3.7711796760559082031 3.9424073696136474609 3.9931719303131103516 4.1280446052551269531 4.215389251708984375 4.2937526702880859375 3.8284358978271484375 3.5258700847625732422 3.3966145515441894531 3.5261061191558837891 3.2397348880767822266 2.9158904552459716797 2.5842082500457763672 2.7674257755279541016 2.7275950908660888672 2.5199792385101318359
nan 1.7844847440719604492 1.6261274814605712891 1.990816950798034668 2.1658611297607421875 2.2715590000152587891 2.5032110214233398438 2.7701051235198974609 2.8795104026794433594 3.1884448528289794922 3.4574215412139892578 3.4568104743957519531 3.3247933387756347656 3.4122877120971679688 3.7588984966278076172 3.9562129974365234375 3.9274096488952636719 3.7238974571228027344 3.7995800971984863281 3.9479348659515380859 3.7141730785369873047 3.675708770751953125 3.9253940582275390625 3.9259550571441650391 4.0313081741333007812 3.9826209545135498047 4.0780925750732421875 4.2090129852294921875 4.2360324859619140625 4.3078527450561523438 4.0872673988342285156 3.8888075351715087891 3.6610431671142578125 3.7830188274383544922 3.747039794921875 3.3276264667510986328 3.0852196216583251953 2.9190111160278320312 2.94403839111328125 2.6124010086059570312
nan 1.8901115655899047852 2.0122010707855224609 2.0213136672973632812 2.4740064144134521484 2.4618313312530517578 2.5495095252990722656 2.7774770259857177734 2.7266306877136230469 3.2060601711273193359 3.5472509860992431641 3.7790970802307128906 3.5809991359710693359 3.3900446891784667969 3.63161468505859375 3.7593333721160888672 3.7325007915496826172 4.2157006263732910156 4.1556539535522460938 3.9199020862579345703 3.9023642539978027344 3.8568212985992431641 3.916942596435546875 4.0699987411499023438 4.2648324966430664062 4.3503022193908691406 4.4364533424377441406 4.36818695068359375 4.5104465484619140625 4.5961399078369140625 4.18987274169921875 4.0626645088195800781 3.8890910148620605469 3.8773479461669921875 3.9218907356262207031 3.725433349609375 3.4347631931304931641 3.2607035636901855469 3.1901407241821289062 2.8644721508026123047
nan 2.2364320755004882812 2.2548205852508544922 2.2677850723266601562 2.4556391239166259766 2.7108850479125976562 2.6074721813201904297 2.8664834499359130859 2.6226212978363037109 2.6285037994384765625 3.1759858131408691406 3.6015310287475585938 3.7741968631744384766 3.6333022117614746094 3.6216142177581787109 3.8441562652587890625 3.8721678256988525391 3.9044144153594970703 4.3028841018676757812 4.2383570671081542969 3.8435606956481933594 4.0457916259765625 4.12799072265625 4.0997233390808105469 4.313190460205078125 4.4472570419311523438 4.5286641120910644531 4.2416768074035644531 4.3986024856567382812 4.6813535690307617188 4.345996856689453125 4.0560770034790039062 3.987659454345703125 3.8757297992706298828 3.8469934463500976562 3.8151385784149169922 3.6370272636413574219 3.5402190685272216797 3.3647921085357666016 3.2817335128784179688
nan 2.4068694114685058594 2.4337532520294189453 2.5330328941345214844 2.5256578922271728516 2.7816891670227050781 2.8761038780212402344 3.1268384456634521484 3.0350544452667236328 2.7644617557525634766 2.8362708091735839844 3.3329622745513916016 3.7097401618957519531 3.82865142822265625 3.9083302021026611328 3.7900438308715820312 3.9484701156616210938 4.1461338996887207031 4.1680593490600585938 4.3891854286193847656 4.2538805007934570312 4.1603074073791503906 4.2162461280822753906 4.2288193702697753906 4.23847198486328125 4.4821519851684570312 4.5570745468139648438 4.4927668571472167969 4.0923614501953125 4.3781733512878417969 4.5138812065124511719 4.0903286933898925781 4.0483956336975097656 4.0948534011840820312 4.2270712852478027344 4.0998759269714355469 3.8271887302398681641 3.8244407176971435547 3.4625093936920166016 3.4300909042358398438
nan 2.1402597427368164062 2.0776314735412597656 2.2646329402923583984 2.4317569732666015625 2.60028839111328125 2.7325680255889892578 3.0122556686401367188 3.2730283737182617188 3.1966357231140136719 2.8734657764434814453 3.0362999439239501953 3.6194074153900146484 3.8746013641357421875 4.0426039695739746094 4.4019746780395507812 4.251865386962890625 4.2757740020751953125 4.3825144767761230469 4.4779400825500488281 4.3118548393249511719 4.3247056007385253906 4.5656423568725585938 4.3386988639831542969 4.1777200698852539062 4.5000019073486328125 4.588451385498046875 4.5378623008728027344 4.434764862060546875 4.2436184883117675781 4.5200638771057128906 4.3256998062133789062 4.2563619613647460938 4.1666660308837890625 4.2687058448791503906 4.6226372718811035156 4.37262725830078125 4.0871114730834960938 3.7906072139739990234 3.42169952392578125
nan 2.4025018215179443359 2.3208482265472412109 2.1241085529327392578 2.1741054058074951172 2.2830309867858886719 2.4489865303039550781 2.4435985088348388672 2.8084623813629150391 3.0380322933197021484 2.9790673255920410156 2.8580632209777832031 3.6917726993560791016 4.0724153518676757812 4.0948510169982910156 4.5286011695861816406 4.7702960968017578125 4.4670615196228027344 4.5071439743041992188 4.581363677978515625 4.3445224761962890625 4.0861325263977050781 4.4375414848327636719 4.6203031539916992188 4.3547163009643554688 4.519100189208984375 4.6153631210327148438 4.5618205070495605469 4.5250530242919921875 4.5253643989562988281 4.4437031745910644531 4.3357920646667480469 4.3096995353698730469 4.2771382331848144531 4.10637664794921875 4.3911228179931640625 4.449893951416015625 4.3265838623046875 4.1149091720581054688 3.6766533851623535156
nan 2.5902178287506103516 2.7743248939514160156 2.5053076744079589844 2.2613139152526855469 1.9334598779678344727 2.0096271038055419922 2.0949146747589111328 2.2987134456634521484 2.6140820980072021484 2.9462914466857910156 2.8718714714050292969 3.5592701435089111328 4.2973484992980957031 4.3206653594970703125 4.2113928794860839844 4.4745049476623535156 4.2110128402709960938 4.1258344650268554688 4.342792510986328125 4.3494753837585449219 4.0275197029113769531 4.052143096923828125 4.5076584815979003906 4.4961175918579101562 4.4777679443359375 4.6332774162292480469 4.7068090438842773438 4.548309326171875 4.4721965789794921875 4.3543915748596191406 4.2062816619873046875 4.2256875038146972656 4.2659296989440917969 4.2973585128784179688 4.2829923629760742188 4.640666961669921875 4.5736398696899414062 4.469989776611328125 4.0832333564758300781
nan 2.5967564582824707031 2.8757193088531494141 3.1146042346954345703 2.6310884952545166016 2.3525972366333007812 1.9069329500198364258 2.0942690372467041016 2.1244764328002929688 2.1863741874694824219 2.4848577976226806641 2.7041714191436767578 3.47132110595703125 3.9875011444091796875 4.2208666801452636719 4.1040711402893066406 4.2796044349670410156 4.1311845779418945312 3.7704522609710693359 4.0192079544067382812 4.1545386314392089844 4.0635972023010253906 3.8389856815338134766 3.9681560993194580078 4.0616278648376464844 4.1975264549255371094 4.3538122177124023438 4.67018890380859375 4.647815704345703125 4.4701662063598632812 4.2842507362365722656 4.1467838287353515625 4.1353535652160644531 4.2853212356567382812 4.3203611373901367188 4.3450551033020019531 4.4659605026245117188 4.7311606407165527344 4.7936730384826660156 4.5950207710266113281
