samples/et/map_et_2017-02-28.asc
ncols        322
nrows        306
xllcorner    -53.726171018035
yllcorner    -28.476684338117
cellsize     0.000269494585
NODATA_value  -1
[rows 288 to 305 of 306, columns 280 to 319 of 322]
3.7484705448150634766 3.7218253612518310547 3.7255802154541015625 3.753215789794921875 3.6714797019958496094 3.8018686771392822266 3.8796830177307128906 3.8204550743103027344 3.7807419300079345703 3.8531029224395751953 4.0318665504455566406 4.1086134910583496094 4.0176744461059570312 3.9211714267730712891 3.7518212795257568359 3.7951784133911132812 3.9322528839111328125 4.2803730964660644531 4.3038039207458496094 4.1295075416564941406 3.9577424526214599609 3.9606080055236816406 3.9377214908599853516 4.0045390129089355469 3.9997937679290771484 3.8982937335968017578 3.9360585212707519531 3.8077998161315917969 3.7239251136779785156 3.5447034835815429688 3.4940292835235595703 3.5261571407318115234 3.5155301094055175781 3.4820909500122070312 3.5972602367401123047 3.8687756061553955078 3.842151641845703125 3.8161118030548095703 4.062511444091796875 4.0993804931640625
3.5431318283081054688 3.7625565528869628906 3.5924546718597412109 3.6689538955688476562 3.6904089450836181641 3.7202322483062744141 3.8226094245910644531 3.8227961063385009766 3.7451500892639160156 3.7483644485473632812 3.7952473163604736328 4.1257700920104980469 4.1949992179870605469 3.9736258983612060547 3.8327028751373291016 4.0235881805419921875 4.0911974906921386719 4.2045426368713378906 4.3260483741760253906 4.2472906112670898438 4.1316199302673339844 4.061859130859375 4.0363311767578125 3.9302055835723876953 3.81487274169921875 3.830036163330078125 3.9890501499176025391 3.8461000919342041016 3.6903045177459716797 3.7418026924133300781 3.5550944805145263672 3.41217803955078125 3.4652380943298339844 3.4287798404693603516 3.4271743297576904297 3.5817847251892089844 3.6060397624969482422 3.6833651065826416016 3.8117647171020507812 3.97435760498046875
3.4776177406311035156 3.6891262531280517578 3.6801590919494628906 3.6341493129730224609 3.7291085720062255859 3.7808775901794433594 3.8217763900756835938 3.7786912918090820312 3.7558038234710693359 3.7356512546539306641 3.6985704898834228516 3.8673045635223388672 4.1353058815002441406 4.1710619926452636719 4.0851302146911621094 4.1762032508850097656 4.1001214981079101562 4.09339141845703125 4.0566554069519042969 4.2619085311889648438 4.2136378288269042969 4.2030167579650878906 4.1074728965759277344 4.1015782356262207031 3.9089422225952148438 3.7416589260101318359 3.7726445198059082031 3.8031647205352783203 3.6156952381134033203 3.612377166748046875 3.7344117164611816406 3.6021592617034912109 3.4542794227600097656 3.4512326717376708984 3.4604413509368896484 3.4873616695404052734 3.4127101898193359375 3.5152764320373535156 3.5865921974182128906 3.6954350471496582031
3.6079103946685791016 3.5992805957794189453 3.5946366786956787109 3.7092273235321044922 3.7291278839111328125 3.7243072986602783203 3.7749233245849609375 3.8294730186462402344 3.7981693744659423828 3.8383245468139648438 4.0030241012573242188 4.1077947616577148438 4.1819348335266113281 4.2206368446350097656 4.2588706016540527344 4.2588839530944824219 4.1577520370483398438 4.1121616363525390625 4.1239991188049316406 4.2185559272766113281 4.191455841064453125 4.1590666770935058594 4.1731700897216796875 4.1429886817932128906 4.0011892318725585938 3.7962250709533691406 3.922634124755859375 3.9513466358184814453 3.8669652938842773438 3.6396048069000244141 3.6373307704925537109 3.6864554882049560547 3.6628851890563964844 3.5200502872467041016 3.5198242664337158203 3.6080844402313232422 3.5856275558471679688 3.7296547889709472656 3.6315333843231201172 3.4868488311767578125
3.5545656681060791016 3.5439298152923583984 3.5552847385406494141 3.6035518646240234375 3.7198708057403564453 3.6974077224731445312 3.6231849193572998047 3.6592447757720947266 3.8061740398406982422 4.0677685737609863281 4.2233977317810058594 4.3264474868774414062 4.361713409423828125 4.2582736015319824219 4.2846550941467285156 4.2084403038024902344 4.1771330833435058594 4.1000037193298339844 4.1377725601196289062 4.1743450164794921875 4.1878533363342285156 4.0411562919616699219 4.0906434059143066406 4.0216097831726074219 3.9585680961608886719 3.9157421588897705078 3.8308134078979492188 3.8463671207427978516 3.8631360530853271484 3.8800327777862548828 3.6688106060028076172 3.5619268417358398438 3.6324188709259033203 3.6352429389953613281 3.4463694095611572266 3.4278478622436523438 3.6855356693267822266 3.8567934036254882812 3.7672693729400634766 3.681884765625
3.5007538795471191406 3.4504382610321044922 3.4464819431304931641 3.4081366062164306641 3.6397194862365722656 3.6407096385955810547 3.5285274982452392578 3.4294188022613525391 3.5009455680847167969 4.0350232124328613281 4.4158720970153808594 4.3364267349243164062 4.2833094596862792969 4.1224727630615234375 4.11441802978515625 4.0663199424743652344 4.0709371566772460938 4.0558385848999023438 4.1708283424377441406 4.0969142913818359375 4.0471291542053222656 4.0420312881469726562 4.0368471145629882812 3.9194316864013671875 3.7994341850280761719 3.89611053466796875 3.8566255569458007812 3.7159869670867919922 3.6522240638732910156 3.8464493751525878906 3.7847242355346679688 3.6763401031494140625 3.5639863014221191406 3.6236989498138427734 3.4412972927093505859 3.2371342182159423828 3.3645596504211425781 3.8640673160552978516 3.9394676685333251953 3.8154692649841308594
3.5882961750030517578 3.5074610710144042969 3.3570470809936523438 3.2322020530700683594 3.3365299701690673828 3.4508569240570068359 3.4553301334381103516 3.2967283725738525391 3.3142631053924560547 3.7683408260345458984 4.1347942352294921875 4.2131400108337402344 4.1302900314331054688 4.0238585472106933594 4.0018815994262695312 3.9696528911590576172 4.0262594223022460938 3.9633572101593017578 4.1613073348999023438 4.1533422470092773438 4.0425782203674316406 4.0321207046508789062 4.0260419845581054688 3.8786363601684570312 3.7431724071502685547 3.9021906852722167969 3.8546323776245117188 3.7105889320373535156 3.6416261196136474609 3.7318232059478759766 3.7324361801147460938 3.6605246067047119141 3.6150617599487304688 3.5720412731170654297 3.4047329425811767578 3.1942920684814453125 3.2299160957336425781 3.6356308460235595703 3.8493416309356689453 3.7449188232421875
3.6734445095062255859 3.4648244380950927734 3.47872161865234375 3.3468914031982421875 3.2325747013092041016 3.3263654708862304688 3.3958837985992431641 3.3307554721832275391 3.3340101242065429688 3.5500936508178710938 3.8901326656341552734 4.0592737197875976562 4.0362172126770019531 4.0614900588989257812 4.0078969001770019531 4.0065908432006835938 4.0310616493225097656 4.0190782546997070312 4.0563664436340332031 4.0967955589294433594 4.1010708808898925781 4.170654296875 4.1432042121887207031 3.9905486106872558594 3.7468485832214355469 3.7405617237091064453 3.8135468959808349609 3.7155911922454833984 3.7250165939331054688 3.7567300796508789062 3.7281193733215332031 3.6701900959014892578 3.7190270423889160156 3.6800568103790283203 3.5715117454528808594 3.2382979393005371094 3.2480058670043945312 3.4573380947113037109 3.7950348854064941406 3.8803286552429199219
3.6775214672088623047 3.4516115188598632812 3.3804450035095214844 3.4248516559600830078 3.3432464599609375 3.4577906131744384766 3.4783322811126708984 3.4772684574127197266 3.3714351654052734375 3.4439909458160400391 3.6924753189086914062 3.8233916759490966797 3.7990124225616455078 3.9790124893188476562 4.1074824333190917969 4.0184531211853027344 4.1279091835021972656 4.1523919105529785156 4.0180306434631347656 3.8865525722503662109 3.9573588371276855469 4.1390705108642578125 4.1308264732360839844 4.0551991462707519531 3.9098649024963378906 3.7676756381988525391 3.6622006893157958984 3.6705780029296875 3.6854033470153808594 3.71601104736328125 3.6059124469757080078 3.5511555671691894531 3.5457441806793212891 3.6483778953552246094 3.6221139430999755859 3.3994548320770263672 3.2672834396362304688 3.498687744140625 3.7939167022705078125 3.9782750606536865234
3.7780232429504394531 3.6700100898742675781 3.5531494617462158203 3.5345773696899414062 3.3166449069976806641 3.4422612190246582031 3.6823203563690185547 3.650524139404296875 3.4122407436370849609 3.4277551174163818359 3.6375772953033447266 3.6335203647613525391 3.6672029495239257812 3.930339813232421875 4.062213897705078125 3.9815943241119384766 4.2122659683227539062 4.2670788764953613281 4.0941171646118164062 3.9375112056732177734 3.9745886325836181641 4.1272172927856445312 4.0502200126647949219 3.9977490901947021484 4.0508484840393066406 3.9944005012512207031 3.8487572669982910156 3.7248189449310302734 3.7907400131225585938 3.7362811565399169922 3.6685836315155029297 3.5368514060974121094 3.4781830310821533203 3.4414999485015869141 3.4510047435760498047 3.3714094161987304688 3.1772377490997314453 3.2686431407928466797 3.5303485393524169922 3.8566036224365234375
3.7545511722564697266 3.7753190994262695312 3.6633467674255371094 3.6303761005401611328 3.4313132762908935547 3.4157776832580566406 3.7322924137115478516 3.8084936141967773438 3.514316558837890625 3.5354762077331542969 3.5795943737030029297 3.6902713775634765625 3.7322511672973632812 3.9571831226348876953 4.2017226219177246094 4.0994238853454589844 4.1484313011169433594 4.2706289291381835938 4.249969482421875 4.1276850700378417969 4.0137915611267089844 4.0551114082336425781 4.013103485107421875 3.9511981010437011719 3.9790809154510498047 4.00385284423828125 3.9278378486633300781 3.8238506317138671875 3.7848558425903320312 3.9213004112243652344 3.9219410419464111328 3.6636173725128173828 3.5520780086517333984 3.4357917308807373047 3.4375302791595458984 3.3708395957946777344 3.2767486572265625 3.2867712974548339844 3.2787322998046875 3.5232949256896972656
3.7643034458160400391 3.7255027294158935547 3.7056562900543212891 3.7224338054656982422 3.6343023777008056641 3.5545046329498291016 3.7339901924133300781 3.8268494606018066406 3.6396119594573974609 3.5357005596160888672 3.6036188602447509766 3.6877143383026123047 3.7236409187316894531 3.8002660274505615234 4.0479168891906738281 4.098297119140625 4.1810851097106933594 4.3434777259826660156 4.4089488983154296875 4.3225817680358886719 4.1487069129943847656 4.1277208328247070312 4.0671253204345703125 3.9937195777893066406 3.9462599754333496094 3.8771035671234130859 3.8493285179138183594 3.7715001106262207031 3.7222173213958740234 3.7254047393798828125 3.8453395366668701172 3.7914998531341552734 3.6560113430023193359 3.5488898754119873047 3.3648085594177246094 3.3122251033782958984 3.3261253833770751953 3.4659712314605712891 3.5988125801086425781 3.3425226211547851562
3.7097654342651367188 3.7270045280456542969 3.7360575199127197266 3.7344434261322021484 3.7148883342742919922 3.6448776721954345703 3.7233877182006835938 3.6976294517517089844 3.6857924461364746094 3.7044594287872314453 3.6712415218353271484 3.6730477809906005859 3.5867516994476318359 3.6096150875091552734 3.7882316112518310547 3.8742656707763671875 4.0078077316284179688 4.2620329856872558594 4.4472169876098632812 4.4192514419555664062 4.208831787109375 4.1332559585571289062 4.1770691871643066406 4.0819802284240722656 4.0073137283325195312 3.8644881248474121094 3.804500579833984375 3.7622988224029541016 3.6268763542175292969 3.5681712627410888672 3.572811126708984375 3.7620437145233154297 3.7270374298095703125 3.5455806255340576172 3.3563597202301025391 3.3078076839447021484 3.3308086395263671875 3.3310596942901611328 3.5847272872924804688 3.5515666007995605469
3.6305835247039794922 3.6736023426055908203 3.68335723876953125 3.7151918411254882812 3.7300076484680175781 3.6519482135772705078 3.7150499820709228516 3.8189306259155273438 3.7833578586578369141 3.7494547367095947266 3.7337107658386230469 3.7568325996398925781 3.6268002986907958984 3.5888266563415527344 3.5407211780548095703 3.5726220607757568359 3.7760384082794189453 4.0232882499694824219 4.4065747261047363281 4.4258465766906738281 4.2082386016845703125 4.1390237808227539062 4.1895928382873535156 4.2050766944885253906 4.06946563720703125 3.9734387397766113281 3.9673459529876708984 3.9234545230865478516 3.7490053176879882812 3.6242828369140625 3.5923440456390380859 3.678752899169921875 3.7853586673736572266 3.7330887317657470703 3.5076768398284912109 3.3943765163421630859 3.3863718509674072266 3.2605190277099609375 3.4937424659729003906 3.5571436882019042969
3.6559457778930664062 3.6211111545562744141 3.6383852958679199219 3.6368854045867919922 3.6195530891418457031 3.6326904296875 3.6621067523956298828 3.8024516105651855469 3.8605055809020996094 3.714626312255859375 3.7426497936248779297 3.7792539596557617188 3.7230837345123291016 3.5956997871398925781 3.4603750705718994141 3.4727075099945068359 3.6987555027008056641 3.8941624164581298828 4.1292681694030761719 4.3985047340393066406 4.3420672416687011719 4.1401619911193847656 4.1688981056213378906 4.2269091606140136719 4.1525869369506835938 4.0035333633422851562 4.06179046630859375 4.1265559196472167969 3.9505078792572021484 3.8530392646789550781 3.7611811161041259766 3.6983225345611572266 3.7821433544158935547 3.8391664028167724609 3.6898348331451416016 3.5182211399078369141 3.423419952392578125 3.4009771347045898438 3.4954035282135009766 3.6316089630126953125
3.7557685375213623047 3.7540574073791503906 3.6620678901672363281 3.6672327518463134766 3.6069555282592773438 3.7088832855224609375 3.7208631038665771484 3.7152073383331298828 3.7923717498779296875 3.743740081787109375 3.7570133209228515625 3.7722094058990478516 3.7997751235961914062 3.6889605522155761719 3.5719759464263916016 3.567234039306640625 3.6165292263031005859 3.9899840354919433594 4.1052808761596679688 4.3003497123718261719 4.4272432327270507812 4.2455892562866210938 4.1076264381408691406 4.1741943359375 4.1791410446166992188 4.07649993896484375 4.0837030410766601562 4.0919284820556640625 4.0297451019287109375 3.9572384357452392578 3.9659600257873535156 3.8678922653198242188 3.8334040641784667969 3.9412796497344970703 3.8882939815521240234 3.7021613121032714844 3.5438485145568847656 3.5935730934143066406 3.6337351799011230469 3.5936093330383300781
3.7852807044982910156 3.7550559043884277344 3.7622060775756835938 3.7439279556274414062 3.6884217262268066406 3.7124803066253662109 3.7525470256805419922 3.7423284053802490234 3.7819209098815917969 3.7772574424743652344 3.79266357421875 3.7313544750213623047 3.7744333744049072266 3.6275026798248291016 3.6674668788909912109 3.6620459556579589844 3.7137153148651123047 3.91802215576171875 4.0782260894775390625 4.2965950965881347656 4.3872117996215820312 4.2296304702758789062 4.1110482215881347656 4.1133198738098144531 4.1300921440124511719 4.1144461631774902344 4.0337390899658203125 4.0567841529846191406 4.0494732856750488281 4.0196862220764160156 3.9559066295623779297 3.9006948471069335938 3.8239665031433105469 3.8784699440002441406 3.9479949474334716797 3.8441777229309082031 3.7285368442535400391 3.7805659770965576172 3.6444227695465087891 3.5208635330200195312
nan nan nan nan nan nan nan nan nan nan nan nan nan nan nan nan nan nan nan nan nan nan nan nan nan nan nan nan nan nan nan nan nan nan nan nan nan nan nan nan
