samples/et/map_et_2017-02-28.asc
ncols        322
nrows        306
xllcorner    -53.726171018035
yllcorner    -28.476684338117
cellsize     0.000269494585
NODATA_value  -1
[rows 90 to 107 of 306, columns 280 to 319 of 322]
2.3064439296722412109 2.4852344989776611328 2.8612959384918212891 2.896755218505859375 3.1708633899688720703 3.3840365409851074219 3.4797341823577880859 3.4986138343811035156 3.7407596111297607422 4.0516557693481445312 4.3239016532897949219 4.3232293128967285156 4.0351247787475585938 3.9805636405944824219 3.9479210376739501953 3.922252655029296875 3.7610785961151123047 3.471988677978515625 3.4099326133728027344 3.6466884613037109375 3.9400131702423095703 3.4877452850341796875 2.9610762596130371094 3.2879335880279541016 3.9037644863128662109 4.1611948013305664062 4.3787989616394042969 4.426677703857421875 4.0917491912841796875 3.8979556560516357422 4.0288195610046386719 4.0107836723327636719 3.7825064659118652344 3.6144611835479736328 3.6508388519287109375 3.6713020801544189453 3.5588531494140625 3.5299994945526123047 3.3459355831146240234 3.3037140369415283203
2.6927852630615234375 2.4245879650115966797 2.7430024147033691406 2.7899804115295410156 3.2400152683258056641 3.5951540470123291016 3.5037500858306884766 3.5275843143463134766 3.496906280517578125 3.8058919906616210938 4.1233119964599609375 4.1544466018676757812 4.3643450736999511719 4.3510661125183105469 4.1584382057189941406 4.044281005859375 3.8579680919647216797 3.5158779621124267578 3.4548780918121337891 3.6026585102081298828 3.6839201450347900391 3.3798613548278808594 3.1088743209838867188 3.2862524986267089844 3.7422220706939697266 3.9506366252899169922 4.3733325004577636719 4.6476664543151855469 4.3478708267211914062 4.0585322380065917969 3.9676113128662109375 4.031688690185546875 4.0827155113220214844 3.8756811618804931641 3.4665236473083496094 3.301387786865234375 3.4129204750061035156 3.4635348320007324219 3.2626714706420898438 3.3662517070770263672
2.5173635482788085938 2.4269711971282958984 2.5316362380981445312 2.650936126708984375 3.0881242752075195312 3.5333509445190429688 3.5755770206451416016 3.5495421886444091797 3.7028110027313232422 3.8024649620056152344 3.9609737396240234375 4.0145478248596191406 4.2549510002136230469 4.4494462013244628906 4.3081250190734863281 4.1259284019470214844 3.7674908638000488281 3.3717501163482666016 3.1368210315704345703 3.2291498184204101562 3.3552675247192382812 3.4073984622955322266 3.3277528285980224609 3.5896129608154296875 3.7890331745147705078 3.7901935577392578125 4.0613026618957519531 4.4212994575500488281 4.29940032958984375 4.1779327392578125 4.1831064224243164062 4.1659169197082519531 4.2146768569946289062 4.0298533439636230469 3.6449663639068603516 3.3742587566375732422 3.5463542938232421875 3.4282605648040771484 3.3726575374603271484 3.4445443153381347656
2.4412293434143066406 2.3224029541015625 2.4424347877502441406 2.4041566848754882812 2.9246447086334228516 3.3553853034973144531 3.4466557502746582031 3.8217141628265380859 3.8859539031982421875 3.9988145828247070312 4.1235609054565429688 4.1528472900390625 4.3048419952392578125 4.3501567840576171875 4.0231623649597167969 3.8652560710906982422 3.4507575035095214844 2.940807342529296875 2.8465249538421630859 2.8086323738098144531 2.9243612289428710938 3.3442749977111816406 3.6959536075592041016 4.0433068275451660156 4.0240488052368164062 4.1543803215026855469 4.2380275726318359375 4.149913787841796875 4.1096544265747070312 4.2705869674682617188 4.3439269065856933594 4.2446565628051757812 4.0921068191528320312 3.7786643505096435547 3.6025006771087646484 3.4355802536010742188 3.5914292335510253906 3.6308848857879638672 3.5106837749481201172 3.4963843822479248047
2.5501339435577392578 2.3470094203948974609 2.3209691047668457031 2.6580801010131835938 2.8409154415130615234 3.2870299816131591797 3.4696381092071533203 4.0503783226013183594 4.2867870330810546875 4.206348419189453125 4.1943869590759277344 4.1879148483276367188 4.247283935546875 4.1981034278869628906 3.9295368194580078125 3.6581542491912841797 3.2692162990570068359 2.8593633174896240234 2.6765415668487548828 2.7765443325042724609 2.7910921573638916016 2.9847130775451660156 3.5024917125701904297 4.007568359375 4.4018874168395996094 4.6661801338195800781 4.4767942428588867188 4.0827031135559082031 4.0417232513427734375 4.1958184242248535156 4.1919546127319335938 4.0097489356994628906 3.8849544525146484375 3.6411380767822265625 3.5212330818176269531 3.4312884807586669922 3.4679746627807617188 3.5591998100280761719 3.5787215232849121094 3.6670405864715576172
2.1874761581420898438 2.3240158557891845703 2.2084708213806152344 2.6092743873596191406 3.0608081817626953125 3.2247133255004882812 3.5366735458374023438 3.9705970287322998047 4.2028360366821289062 4.3301119804382324219 4.3927321434020996094 4.2395458221435546875 4.0957269668579101562 4.0106959342956542969 3.8362472057342529297 3.5751574039459228516 3.3035218715667724609 3.0904481410980224609 2.9482212066650390625 2.8745429515838623047 2.8721997737884521484 2.8996853828430175781 3.2552852630615234375 3.6139006614685058594 4.0529527664184570312 4.6354651451110839844 4.619762420654296875 4.0650830268859863281 3.8450891971588134766 3.8726453781127929688 3.9431903362274169922 3.9359495639801025391 3.7790069580078125 3.6365494728088378906 3.59088897705078125 3.6426038742065429688 3.5231535434722900391 3.5780916213989257812 3.6744313240051269531 3.7582256793975830078
1.9390319585800170898 2.1987049579620361328 2.1701509952545166016 2.4061648845672607422 2.9397909641265869141 3.3117909431457519531 3.7734889984130859375 4.0525307655334472656 4.2003483772277832031 4.2287220954895019531 4.3429250717163085938 4.2767152786254882812 3.8833837509155273438 3.7385244369506835938 3.5823507308959960938 3.4158396720886230469 3.4266068935394287109 3.2645084857940673828 3.1488747596740722656 2.9779992103576660156 2.9517686367034912109 3.0417621135711669922 3.1640925407409667969 3.5088241100311279297 3.9335100650787353516 4.440708160400390625 4.5705742835998535156 4.2316827774047851562 3.8392405509948730469 3.751453399658203125 3.8431961536407470703 3.8403928279876708984 3.7766118049621582031 3.6535928249359130859 3.5869729518890380859 3.6948080062866210938 3.7852027416229248047 3.6767671108245849609 3.5731825828552246094 3.6794145107269287109
1.9043406248092651367 2.1020295619964599609 2.2071893215179443359 2.4295735359191894531 2.800312042236328125 3.2329037189483642578 3.8138844966888427734 4.0585246086120605469 4.0695357322692871094 4.1487178802490234375 4.1700215339660644531 4.1077113151550292969 3.7980477809906005859 3.4841465950012207031 3.2458598613739013672 3.0420234203338623047 3.2307212352752685547 3.2689852714538574219 3.1100316047668457031 3.1218571662902832031 2.9356501102447509766 2.8338940143585205078 3.1326694488525390625 3.4100065231323242188 3.79029083251953125 4.01715087890625 4.3514919281005859375 4.3020954132080078125 4.0737829208374023438 3.8114440441131591797 3.7683784961700439453 3.7619183063507080078 3.87821197509765625 3.7606015205383300781 3.6618127822875976562 3.7061221599578857422 3.8184595108032226562 3.7680983543395996094 3.6245021820068359375 3.6130061149597167969
1.8189939260482788086 1.8031294345855712891 2.2663505077362060547 2.6095547676086425781 2.8673844337463378906 3.3942131996154785156 3.7949860095977783203 4.12236785888671875 4.2464194297790527344 4.1759552955627441406 4.0306987762451171875 3.7494273185729980469 3.7866070270538330078 3.4625148773193359375 3.1797537803649902344 3.0848324298858642578 3.0359480381011962891 3.0134103298187255859 2.9296367168426513672 2.9750914573669433594 2.9278001785278320312 2.9386641979217529297 2.9567344188690185547 3.041286468505859375 3.4598848819732666016 3.7502219676971435547 3.9623293876647949219 4.0768709182739257812 4.2888212203979492188 4.0670976638793945312 3.72608184814453125 3.7494554519653320312 3.8386847972869873047 3.8976078033447265625 3.7332787513732910156 3.6722207069396972656 3.7487432956695556641 3.7427299022674560547 3.7257950305938720703 3.6017167568206787109
1.8161361217498779297 1.6804848909378051758 2.0620887279510498047 2.7203269004821777344 3.0411593914031982422 3.3882470130920410156 3.8095948696136474609 4.1872472763061523438 4.2990331649780273438 4.2381520271301269531 4.0156202316284179688 3.7402319908142089844 3.6757616996765136719 3.6271533966064453125 3.3784313201904296875 3.1019861698150634766 2.9168391227722167969 2.7127394676208496094 2.7873752117156982422 3.0346231460571289062 3.064197540283203125 2.8256893157958984375 2.7867670059204101562 2.9977200031280517578 3.3294019699096679688 3.4967696666717529297 3.4569945335388183594 3.8840303421020507812 4.1052775382995605469 4.0543513298034667969 3.8477203845977783203 3.7371745109558105469 3.8339216709136962891 3.904071807861328125 3.7660911083221435547 3.7690765857696533203 3.7645850181579589844 3.6941509246826171875 3.6320469379425048828 3.6231973171234130859
1.9101874828338623047 1.7531177997589111328 2.1295533180236816406 2.7368204593658447266 3.2235407829284667969 3.471836090087890625 3.935779571533203125 4.2949366569519042969 4.2843756675720214844 4.0468764305114746094 3.9286477565765380859 3.933284759521484375 3.8974225521087646484 3.6954195499420166016 3.5204751491546630859 3.3213815689086914062 3.2568941116333007812 2.7972102165222167969 3.0302271842956542969 2.9976360797882080078 2.9508907794952392578 2.8955790996551513672 2.9109489917755126953 3.0770273208618164062 3.3152141571044921875 3.7108418941497802734 3.5680921077728271484 3.7384045124053955078 4.0286169052124023438 4.0836153030395507812 3.9687511920928955078 3.840457916259765625 3.8590934276580810547 3.9016938209533691406 3.7902789115905761719 3.827075958251953125 3.8999130725860595703 3.7863276004791259766 3.7070782184600830078 3.5804121494293212891
2.4086441993713378906 2.2183477878570556641 2.4196038246154785156 2.8530282974243164062 3.3939568996429443359 3.6908049583435058594 4.1047072410583496094 4.2922663688659667969 4.2763743400573730469 4.1259884834289550781 3.9096636772155761719 3.9584548473358154297 4.0222539901733398438 3.921600341796875 3.7778398990631103516 3.6751902103424072266 3.4704511165618896484 3.3981678485870361328 3.6384236812591552734 3.5125279426574707031 3.4097430706024169922 3.3097081184387207031 3.0849759578704833984 3.3166670799255371094 3.5786535739898681641 3.7692265510559082031 3.667667388916015625 3.8078134059906005859 4.0653333663940429688 4.1365656852722167969 4.0556893348693847656 3.9539165496826171875 3.9500422477722167969 3.8118357658386230469 3.8436706066131591797 3.8921031951904296875 3.9518790245056152344 3.8954157829284667969 3.8870818614959716797 3.7870399951934814453
2.4556269645690917969 2.4552090167999267578 2.5152032375335693359 3.0511028766632080078 3.5521821975708007812 3.7155039310455322266 3.9253308773040771484 4.2858638763427734375 4.2718400955200195312 4.2730188369750976562 4.097324371337890625 4.0668935775756835938 4.1614055633544921875 4.1436920166015625 4.0577421188354492188 4.0066709518432617188 3.8190410137176513672 3.9884388446807861328 4.094081878662109375 3.9125168323516845703 3.8995594978332519531 3.6737799644470214844 3.5804264545440673828 3.6776521205902099609 3.8643362522125244141 4.0724687576293945312 3.894138336181640625 4.0269274711608886719 4.0476369857788085938 4.1229658126831054688 4.0796833038330078125 3.909450531005859375 3.965122222900390625 3.8601696491241455078 3.7770199775695800781 3.9221029281616210938 3.960445404052734375 3.8605663776397705078 3.8734962940216064453 3.9149141311645507812
2.2376003265380859375 2.4980645179748535156 2.6286859512329101562 3.1723809242248535156 3.6039977073669433594 3.8246150016784667969 4.0731763839721679688 4.294353485107421875 4.2841997146606445312 4.2792887687683105469 4.2768306732177734375 4.1853804588317871094 4.2836217880249023438 4.2802419662475585938 4.2873530387878417969 4.2989163398742675781 4.1655454635620117188 4.1035528182983398438 4.1753339767456054688 4.0892615318298339844 4.1057829856872558594 3.9858374595642089844 3.8275620937347412109 3.8983221054077148438 3.9770476818084716797 4.0020189285278320312 4.0707268714904785156 4.1341204643249511719 4.22353363037109375 4.1111454963684082031 4.0649776458740234375 3.9547240734100341797 3.7929587364196777344 3.8955852985382080078 3.9570751190185546875 3.9132318496704101562 3.9389429092407226562 3.8238382339477539062 3.8115458488464355469 3.9360911846160888672
2.3204965591430664062 2.5736958980560302734 2.9304101467132568359 3.3685717582702636719 3.6611974239349365234 3.8299021720886230469 4.04132843017578125 4.2794346809387207031 4.2891445159912109375 4.2898807525634765625 4.2890901565551757812 4.2960648536682128906 4.2915334701538085938 4.2827687263488769531 4.1907753944396972656 4.2000870704650878906 4.2881894111633300781 4.2861590385437011719 4.2417268753051757812 4.1525092124938964844 4.133281707763671875 4.1505188941955566406 4.0109739303588867188 4.0061573982238769531 4.1043109893798828125 4.0078630447387695312 4.0637116432189941406 4.2362804412841796875 4.2409372329711914062 4.1725640296936035156 4.1165952682495117188 4.0117740631103515625 3.9010653495788574219 3.7970960140228271484 3.9004323482513427734 3.9876554012298583984 3.8964207172393798828 3.8011968135833740234 3.8104417324066162109 3.9493849277496337891
2.2281212806701660156 2.7079284191131591797 3.1450967788696289062 3.54744720458984375 3.8691549301147460938 4.0298981666564941406 4.1003336906433105469 4.1968560218811035156 4.2233567237854003906 4.3014807701110839844 4.3066263198852539062 4.3217377662658691406 4.3010320663452148438 4.2921533584594726562 4.2762751579284667969 4.2671227455139160156 4.2774810791015625 4.2826299667358398438 4.2736172676086425781 4.2720685005187988281 4.2511615753173828125 4.2743406295776367188 4.2383718490600585938 4.20337677001953125 4.1745090484619140625 4.1417365074157714844 4.1438531875610351562 4.1407036781311035156 4.1897974014282226562 4.2135181427001953125 4.280551910400390625 4.1600680351257324219 3.9881241321563720703 3.9261009693145751953 3.851474761962890625 3.9149248600006103516 3.9701344966888427734 3.8025560379028320312 3.7091031074523925781 3.885711669921875
2.1560966968536376953 2.8709630966186523438 3.2086155414581298828 3.4788727760314941406 3.7276985645294189453 3.9853036403656005859 4.1863026618957519531 4.3738765716552734375 4.2256293296813964844 4.3640604019165039062 4.3320612907409667969 4.3317923545837402344 4.3064417839050292969 4.3000888824462890625 4.2866883277893066406 4.2693958282470703125 4.2651095390319824219 4.2695021629333496094 4.2685976028442382812 4.2705144882202148438 4.2730946540832519531 4.2773103713989257812 4.2736353874206542969 4.2695856094360351562 4.2678432464599609375 4.2377452850341796875 4.2018918991088867188 4.1801428794860839844 4.1164565086364746094 4.1902179718017578125 4.1394963264465332031 4.2547740936279296875 4.1099195480346679688 3.9589295387268066406 3.8990507125854492188 3.8685984611511230469 3.9128153324127197266 3.8539521694183349609 3.7414875030517578125 3.8096923828125
1.9480501413345336914 2.6101865768432617188 3.115886688232421875 3.3628761768341064453 3.4932322502136230469 3.8920540809631347656 4.1843194961547851562 4.4777307510375976562 4.3447179794311523438 4.513294219970703125 4.4450583457946777344 4.4324412345886230469 4.3501353263854980469 4.3053655624389648438 4.2965641021728515625 4.2906198501586914062 4.2808194160461425781 4.2719507217407226562 4.2665324211120605469 4.26717376708984375 4.2666668891906738281 4.2730236053466796875 4.2712092399597167969 4.2711787223815917969 4.2716679573059082031 4.2407159805297851562 4.2024106979370117188 4.1766357421875 4.1100440025329589844 4.1385874748229980469 4.0821084976196289062 4.1859230995178222656 4.0493226051330566406 3.8824057579040527344 3.8331699371337890625 3.8296411037445068359 3.9222228527069091797 3.8713815212249755859 3.7571580410003662109 3.7764401435852050781
