samples/et/map_et_2017-12-13.asc
ncols        322
nrows        306
xllcorner    -53.726171018035
yllcorner    -28.476684338117
cellsize     0.000269494585
NODATA_value  -1
[rows 180 to 197 of 306, columns 160 to 199 of 322]
5.613193511962890625 5.5580534934997558594 5.5424876213073730469 5.6089491844177246094 5.7707700729370117188 6.0415511131286621094 6.0694065093994140625 5.7421121597290039062 5.2312059402465820312 5.08243560791015625 5.1992783546447753906 4.7233376502990722656 4.3929314613342285156 4.3304152488708496094 4.2947087287902832031 4.1561021804809570312 4.0125880241394042969 3.6861860752105712891 3.3289315700531005859 3.3786940574645996094 3.2790508270263671875 2.9195296764373779297 2.8316121101379394531 3.1471951007843017578 3.5034437179565429688 3.4830942153930664062 3.5680491924285888672 3.5253992080688476562 3.2074043750762939453 3.1191241741180419922 3.2734618186950683594 3.1085932254791259766 3.0547320842742919922 2.9539802074432373047 2.9427287578582763672 2.7175579071044921875 2.6957690715789794922 2.7481036186218261719 2.7109160423278808594 2.5244801044464111328
4.6977162361145019531 4.8895430564880371094 4.831241607666015625 4.96977996826171875 5.4324202537536621094 5.9103488922119140625 6.1558470726013183594 5.9548354148864746094 5.3793778419494628906 5.2952518463134765625 5.5794973373413085938 5.7066483497619628906 5.63707733154296875 5.2439260482788085938 5.0374073982238769531 4.7516264915466308594 4.2273912429809570312 3.9173367023468017578 3.7133023738861083984 3.8263170719146728516 3.4627268314361572266 3.0633885860443115234 3.2295718193054199219 3.6653807163238525391 3.7387492656707763672 3.6282367706298828125 3.2496707439422607422 3.2522556781768798828 3.3150172233581542969 3.3138754367828369141 3.0754721164703369141 3.0190737247467041016 2.9544942378997802734 2.744617462158203125 2.7300686836242675781 2.7252547740936279297 2.7040843963623046875 2.6586885452270507812 2.69631195068359375 2.6757149696350097656
3.7806863784790039062 4.0745897293090820312 4.0580754280090332031 4.6091861724853515625 5.1811814308166503906 5.7971897125244140625 6.0564670562744140625 5.8905501365661621094 5.5967011451721191406 5.6597924232482910156 5.9174962043762207031 6.0919528007507324219 5.968921661376953125 5.8836112022399902344 5.4995369911193847656 5.147979736328125 4.4700331687927246094 4.3222241401672363281 4.3635492324829101562 3.9581911563873291016 3.6528410911560058594 3.3086428642272949219 3.2846581935882568359 3.6380679607391357422 3.6948306560516357422 3.3843057155609130859 3.2645909786224365234 3.0343694686889648438 3.0183396339416503906 3.3596119880676269531 3.2200634479522705078 3.0988888740539550781 2.9312372207641601562 2.713134765625 2.6611428260803222656 2.5992705821990966797 2.6744818687438964844 2.7946138381958007812 2.7719593048095703125 2.6423966884613037109
2.805660247802734375 2.7080698013305664062 3.1162023544311523438 4.0628652572631835938 5.0170693397521972656 5.7390179634094238281 6.07263946533203125 6.1453409194946289062 5.9663414955139160156 6.1508092880249023438 6.2908577919006347656 6.1397686004638671875 6.0477962493896484375 5.9094052314758300781 5.6913695335388183594 5.3969111442565917969 4.9148573875427246094 4.5532598495483398438 4.30721282958984375 4.0450048446655273438 3.7964549064636230469 3.5396871566772460938 3.3617696762084960938 3.3230664730072021484 3.3252112865447998047 3.3221452236175537109 3.2373502254486083984 2.9939742088317871094 2.9584102630615234375 2.9645137786865234375 2.9383919239044189453 2.9441864490509033203 2.8623230457305908203 2.7778656482696533203 2.7273468971252441406 2.5780999660491943359 2.5441260337829589844 2.6322536468505859375 2.8432400226593017578 2.8002140522003173828
2.1488287448883056641 1.9788888692855834961 2.4814307689666748047 3.3902797698974609375 4.6169390678405761719 5.5987024307250976562 6.0712461471557617188 6.3188829421997070312 6.5505671501159667969 6.5497927665710449219 6.4387216567993164062 6.25308990478515625 6.0060167312622070312 5.7750964164733886719 5.6231412887573242188 5.4235358238220214844 5.148273468017578125 4.4661841392517089844 4.2026991844177246094 3.9489455223083496094 3.78571319580078125 3.6348857879638671875 3.5227847099304199219 3.3111958503723144531 3.4130871295928955078 3.4634585380554199219 3.2900004386901855469 2.9329345226287841797 2.7568120956420898438 2.7395737171173095703 2.7073395252227783203 2.7931265830993652344 2.8272566795349121094 2.8036034107208251953 2.7801604270935058594 2.6423714160919189453 2.4856829643249511719 2.4127066135406494141 2.7347886562347412109 2.9441368579864501953
1.6285040378570556641 1.634860992431640625 2.1581320762634277344 3.0382926464080810547 4.3746619224548339844 5.5088281631469726562 6.0654821395874023438 6.4590516090393066406 6.7322649955749511719 6.6849260330200195312 6.5579667091369628906 6.3123273849487304688 6.1008191108703613281 5.7911663055419921875 5.3462605476379394531 5.0403342247009277344 4.8435449600219726562 4.5857357978820800781 4.3593654632568359375 4.2105603218078613281 3.9526431560516357422 3.7158133983612060547 3.5670874118804931641 3.4456930160522460938 3.4229989051818847656 3.3166151046752929688 3.0894460678100585938 2.7960207462310791016 2.7447881698608398438 2.7271671295166015625 2.6192789077758789062 2.6967699527740478516 2.9033355712890625 2.7350327968597412109 2.7201013565063476562 2.4359490871429443359 2.5048470497131347656 2.5798056125640869141 2.7997004985809326172 3.0018255710601806641
1.3662816286087036133 1.2784402370452880859 1.7847948074340820312 2.7330389022827148438 3.9823658466339111328 5.1979122161865234375 5.8100714683532714844 6.3614649772644042969 6.752521514892578125 6.7362036705017089844 6.694000244140625 6.5808801651000976562 6.1657471656799316406 5.7122073173522949219 5.1474170684814453125 4.9230980873107910156 4.7326817512512207031 4.7356181144714355469 4.4696764945983886719 4.3516974449157714844 4.2100853919982910156 3.9672448635101318359 3.6964461803436279297 3.4641749858856201172 3.3632097244262695312 3.19965362548828125 3.0213129520416259766 2.7129395008087158203 2.7977890968322753906 2.7579157352447509766 2.7880816459655761719 2.7349889278411865234 2.7519292831420898438 2.6808164119720458984 2.6547522544860839844 2.4558341503143310547 2.4716103076934814453 2.760211944580078125 2.9462563991546630859 3.1424627304077148438
0.76928234100341796875 0.89839196205139160156 1.4650530815124511719 2.4986889362335205078 3.7343132495880126953 4.8557252883911132812 5.6409096717834472656 6.2538194656372070312 6.7195520401000976562 6.8091373443603515625 6.8106780052185058594 6.658782958984375 6.2533764839172363281 5.6925554275512695312 5.1677241325378417969 5.0484938621520996094 4.7081584930419921875 4.7865848541259765625 4.4970555305480957031 4.3861575126647949219 4.5178608894348144531 4.2319636344909667969 3.7956695556640625 3.6462929248809814453 3.3975670337677001953 3.1066260337829589844 3.0546619892120361328 2.6748776435852050781 2.7834436893463134766 2.993404388427734375 2.9297423362731933594 2.8038508892059326172 2.801273345947265625 2.8005170822143554688 2.7687118053436279297 2.5937209129333496094 2.6113271713256835938 2.9610571861267089844 3.1276531219482421875 3.3312342166900634766
0.63154768943786621094 0.79776412248611450195 1.4484878778457641602 2.4133718013763427734 3.5910797119140625 4.6876797676086425781 5.7548689842224121094 6.3625078201293945312 6.6703038215637207031 6.6089768409729003906 6.7539896965026855469 6.7327775955200195312 6.4695982933044433594 6.0427312850952148438 5.3575534820556640625 5.1602215766906738281 4.9535536766052246094 5.0109267234802246094 4.9282593727111816406 4.7693228721618652344 4.6975865364074707031 4.6062855720520019531 4.1937236785888671875 3.781772613525390625 3.4343538284301757812 3.4230742454528808594 3.0886876583099365234 2.9563152790069580078 2.9809589385986328125 2.9564452171325683594 3.1427834033966064453 3.0618851184844970703 2.8930985927581787109 2.8588864803314208984 2.8267798423767089844 2.8190159797668457031 2.8570008277893066406 3.1208136081695556641 3.3678729534149169922 3.5839645862579345703
0.65793091058731079102 0.90558522939682006836 1.5165882110595703125 2.4115855693817138672 3.4316704273223876953 4.55132293701171875 5.7320389747619628906 6.3590869903564453125 6.2417798042297363281 6.5140004158020019531 6.6006231307983398438 6.7232913970947265625 6.6751947402954101562 6.4964346885681152344 5.8117122650146484375 5.4148945808410644531 5.3000669479370117188 5.3340291976928710938 5.3051433563232421875 5.316375732421875 5.2841696739196777344 5.0121216773986816406 4.7272005081176757812 4.341625213623046875 3.6468520164489746094 3.5012559890747070312 3.1817429065704345703 3.0094201564788818359 3.0803077220916748047 3.0032722949981689453 3.1451976299285888672 3.3140501976013183594 3.3271605968475341797 3.1115038394927978516 3.2254281044006347656 3.1519458293914794922 3.1125669479370117188 3.2846434116363525391 3.686756134033203125 3.8720505237579345703
0.6866474151611328125 1.0475538969039916992 1.7535316944122314453 2.5087649822235107422 3.4378697872161865234 4.6371002197265625 5.7021565437316894531 6.3073449134826660156 6.2723207473754882812 6.5533375740051269531 6.6790618896484375 6.7011084556579589844 6.6726984977722167969 6.6013274192810058594 6.2937221527099609375 6.0445966720581054688 5.8153262138366699219 5.7230658531188964844 5.6846604347229003906 5.7575197219848632812 5.832691192626953125 5.8626623153686523438 5.527374267578125 5.0062165260314941406 4.1363124847412109375 3.8894820213317871094 3.41649627685546875 3.2445042133331298828 3.1484212875366210938 3.1026570796966552734 3.3306345939636230469 3.4059765338897705078 3.5348155498504638672 3.4315860271453857422 3.5919785499572753906 3.6783308982849121094 3.6557652950286865234 3.7644519805908203125 3.8841388225555419922 4.0089669227600097656
0.7647253870964050293 1.1883263587951660156 2.0548045635223388672 2.804203033447265625 3.5927231311798095703 4.7438597679138183594 5.8585829734802246094 6.4128699302673339844 6.3561387062072753906 6.6692647933959960938 6.8314580917358398438 6.7823405265808105469 6.7053141593933105469 6.5198574066162109375 6.443939208984375 6.4604229927062988281 6.515010833740234375 6.4096927642822265625 6.3258037567138671875 6.28922271728515625 6.2929754257202148438 6.1648588180541992188 6.0991911888122558594 5.5951337814331054688 4.6785225868225097656 4.4478526115417480469 3.8141362667083740234 3.4290056228637695312 3.1428709030151367188 3.1852209568023681641 3.5364773273468017578 3.7074027061462402344 3.651432037353515625 3.5692369937896728516 3.8456559181213378906 4.2184295654296875 4.2531566619873046875 4.1121296882629394531 4.1730389595031738281 4.2138452529907226562
1.0615549087524414062 1.5422427654266357422 2.282054901123046875 2.9270951747894287109 3.9127914905548095703 5.1458277702331542969 6.0064167976379394531 6.4631657600402832031 6.4731316566467285156 6.7131667137145996094 6.8581299781799316406 6.9492921829223632812 6.9215416908264160156 6.806552886962890625 6.6891040802001953125 6.5627260208129882812 6.6124234199523925781 6.595142364501953125 6.5352482795715332031 6.6872463226318359375 6.6090440750122070312 6.5686097145080566406 6.4444470405578613281 6.0223622322082519531 5.9689183235168457031 4.83992767333984375 4.1288499832153320312 3.7075128555297851562 3.3211755752563476562 3.3795430660247802734 3.7119503021240234375 3.9063520431518554688 3.9534819126129150391 3.8475866317749023438 4.0491366386413574219 4.325435638427734375 4.312511444091796875 4.4071602821350097656 4.1724338531494140625 4.1666927337646484375
1.4190617799758911133 1.8426923751831054688 2.5186622142791748047 3.1847755908966064453 4.2572431564331054688 5.5130457878112792969 6.2347970008850097656 6.1645593643188476562 6.6042985916137695312 6.9371271133422851562 7.0192027091979980469 7.0613541603088378906 7.1507596969604492188 7.0998969078063964844 6.9417042732238769531 6.8363275527954101562 6.8211255073547363281 6.7793068885803222656 6.7109618186950683594 6.8507485389709472656 6.9529404640197753906 6.7884488105773925781 6.5869188308715820312 5.9392347335815429688 5.8493165969848632812 5.0609898567199707031 4.440387725830078125 4.0768198966979980469 3.6818299293518066406 3.7067780494689941406 3.9469594955444335938 4.0176649093627929688 4.0774073600769042969 3.9770014286041259766 4.0115079879760742188 4.2664923667907714844 4.4391999244689941406 4.2656817436218261719 4.0810213088989257812 4.1455049514770507812
1.7854818105697631836 2.1269710063934326172 2.6883218288421630859 3.3520975112915039062 4.5844302177429199219 5.76035308837890625 6.4283919334411621094 6.4045495986938476562 6.8136096000671386719 6.9697079658508300781 7.0749564170837402344 7.2252802848815917969 7.3356461524963378906 7.25540924072265625 7.1206750869750976562 7.0049347877502441406 7.038730621337890625 6.9726281166076660156 6.93587493896484375 7.0133061408996582031 7.0515761375427246094 6.9151544570922851562 6.6262879371643066406 5.9131741523742675781 5.8341207504272460938 5.2388863563537597656 4.8249807357788085938 4.3272151947021484375 4.0133047103881835938 4.0443477630615234375 4.1163272857666015625 4.1074595451354980469 3.9751160144805908203 3.7976582050323486328 4.0243740081787109375 4.2142200469970703125 4.4660582542419433594 4.3303360939025878906 4.0381317138671875 4.0760226249694824219
2.1961219310760498047 2.4330179691314697266 2.9639630317687988281 3.5800812244415283203 4.8126964569091796875 5.9806599617004394531 6.5933794975280761719 6.4837117195129394531 6.714038848876953125 6.9619708061218261719 7.1266431808471679688 7.3047461509704589844 7.4384531974792480469 7.4296936988830566406 7.204742431640625 7.1223044395446777344 7.0969815254211425781 7.0632886886596679688 7.010654449462890625 6.957157135009765625 6.9437203407287597656 6.9257264137268066406 6.7731099128723144531 6.2535367012023925781 6.1147246360778808594 5.3604736328125 4.9347133636474609375 4.5741324424743652344 4.3190860748291015625 4.2200779914855957031 4.1434893608093261719 4.1791925430297851562 4.1494154930114746094 3.9526009559631347656 3.9245233535766601562 3.9063816070556640625 4.1193513870239257812 4.2949047088623046875 4.1938900947570800781 4.0278520584106445312
2.662952423095703125 2.8465006351470947266 3.3796977996826171875 4.1621341705322265625 5.4079837799072265625 6.1607155799865722656 6.4959774017333984375 6.33628082275390625 6.6090216636657714844 6.9285678863525390625 7.1309885978698730469 7.3591747283935546875 7.4385943412780761719 7.4136958122253417969 7.2550969123840332031 7.2729287147521972656 7.2563805580139160156 7.2110538482666015625 7.0343585014343261719 6.8386526107788085938 6.8003306388854980469 6.7616791725158691406 6.79177093505859375 7.0316400527954101562 6.6037793159484863281 5.8178920745849609375 5.3499579429626464844 4.8534326553344726562 4.3521771430969238281 4.3110852241516113281 4.5078787803649902344 4.2523260116577148438 4.1666822433471679688 4.0079717636108398438 3.9756994247436523438 3.9399359226226806641 4.0149159431457519531 4.1691274642944335938 4.1452054977416992188 3.9657545089721679688
3.3051176071166992188 3.3554868698120117188 3.8146123886108398438 4.8603687286376953125 5.9534559249877929688 6.3437132835388183594 6.434844970703125 6.3336606025695800781 6.6599326133728027344 6.9785752296447753906 7.0526285171508789062 7.3240652084350585938 7.450069427490234375 7.4642577171325683594 7.3674268722534179688 7.35448455810546875 7.3019633293151855469 7.2057313919067382812 7.0129156112670898438 6.8668680191040039062 6.7666306495666503906 6.7684617042541503906 6.8255777359008789062 7.0581951141357421875 7.0004658699035644531 6.4902644157409667969 6.0154600143432617188 5.2186551094055175781 4.7031865119934082031 4.7281436920166015625 4.4953794479370117188 4.1858916282653808594 4.1063137054443359375 4.0721569061279296875 4.0793156623840332031 4.0769619941711425781 3.9453012943267822266 4.0759835243225097656 4.1610279083251953125 3.9794564247131347656
