samples/et/map_et_2017-12-13.asc
ncols        322
nrows        306
xllcorner    -53.726171018035
yllcorner    -28.476684338117
cellsize     0.000269494585
NODATA_value  -1
[rows 90 to 107 of 306, columns 280 to 319 of 322]
3.54311370849609375 3.4473888874053955078 3.8339009284973144531 3.8650033473968505859 4.0054235458374023438 4.4673051834106445312 4.8237314224243164062 4.8852434158325195312 4.8248429298400878906 5.4945812225341796875 5.988101959228515625 6.0985469818115234375 5.9691119194030761719 5.9598402976989746094 6.0119385719299316406 6.1161355972290039062 6.0402913093566894531 5.9773755073547363281 5.8925371170043945312 6.0203599929809570312 6.2927775382995605469 5.7621521949768066406 4.9517426490783691406 5.0538849830627441406 5.7705883979797363281 6.30251312255859375 6.7397217750549316406 6.8176941871643066406 6.4904046058654785156 6.1906886100769042969 6.0639348030090332031 5.8265695571899414062 5.2456250190734863281 4.9647822380065917969 5.0435924530029296875 4.7241978645324707031 4.2943415641784667969 4.2790508270263671875 3.6607787609100341797 3.4139816761016845703
3.6006069183349609375 3.2185256481170654297 3.5428447723388671875 3.5830330848693847656 3.9600071907043457031 4.7881498336791992188 4.7262206077575683594 4.977935791015625 4.5611014366149902344 5.0768709182739257812 5.5969624519348144531 5.7490563392639160156 6.2535309791564941406 6.4016103744506835938 6.1729826927185058594 6.12305450439453125 6.0774106979370117188 5.9680948257446289062 5.7661466598510742188 5.7906618118286132812 5.6807088851928710938 5.1894469261169433594 4.8318810462951660156 5.0076589584350585938 5.5827426910400390625 6.112285614013671875 6.5740609169006347656 6.7604355812072753906 6.5023121833801269531 6.1382708549499511719 5.9009785652160644531 5.7261633872985839844 5.5977034568786621094 5.0472593307495117188 4.3541393280029296875 3.9708170890808105469 4.0196413993835449219 4.0773897171020507812 3.6303682327270507812 3.3156044483184814453
3.4381878376007080078 3.2554423809051513672 3.2959220409393310547 3.4018819332122802734 3.9339787960052490234 4.6791110038757324219 4.8549718856811523438 4.9592556953430175781 5.0872602462768554688 5.3815217018127441406 5.7190570831298828125 5.8626294136047363281 6.2639832496643066406 6.4746875762939453125 6.3597302436828613281 6.2037405967712402344 5.9490871429443359375 5.36827850341796875 5.1496281623840332031 5.0222916603088378906 5.0088319778442382812 4.91255950927734375 4.8969140052795410156 5.1784777641296386719 5.6269564628601074219 5.9519000053405761719 6.362255096435546875 6.6018810272216796875 6.3806433677673339844 6.0711541175842285156 5.9032082557678222656 5.8114223480224609375 5.55908203125 4.7188711166381835938 3.7975027561187744141 3.55318450927734375 3.6904990673065185547 3.3451597690582275391 3.1329443454742431641 3.1309680938720703125
3.4627017974853515625 3.3622558116912841797 3.4831039905548095703 3.5207130908966064453 4.0510811805725097656 4.7602567672729492188 5.0465478897094726562 5.3030724525451660156 5.5535225868225097656 5.7747907638549804688 6.0781798362731933594 6.1612753868103027344 6.4203348159790039062 6.5286021232604980469 6.111209869384765625 6.0056066513061523438 5.4834723472595214844 4.7059144973754882812 4.6174111366271972656 4.5891399383544921875 4.5821890830993652344 4.8471961021423339844 5.1424102783203125 5.4962487220764160156 5.8500790596008300781 6.2672953605651855469 6.456268310546875 6.115818023681640625 5.9106593132019042969 5.7316985130310058594 5.536167144775390625 5.1576819419860839844 4.4326190948486328125 3.9091575145721435547 3.6480298042297363281 3.4538705348968505859 3.5837481021881103516 3.2135727405548095703 3.0593752861022949219 3.0400140285491943359
3.5707645416259765625 3.5446748733520507812 3.6333780288696289062 4.1565618515014648438 4.447086334228515625 4.861316680908203125 5.1766424179077148438 5.8721866607666015625 6.0435276031494140625 6.0858664512634277344 6.1171746253967285156 6.1646900177001953125 6.3329610824584960938 6.2548546791076660156 6.0299444198608398438 5.7225999832153320312 5.1540598869323730469 4.5233168601989746094 4.3686232566833496094 4.520050048828125 4.5662212371826171875 4.6429591178894042969 5.0273575782775878906 5.5818409919738769531 6.2173380851745605469 6.7263121604919433594 6.2488751411437988281 5.493152618408203125 5.4117760658264160156 5.1138124465942382812 4.8898577690124511719 4.5222849845886230469 4.05918121337890625 3.6475942134857177734 3.4192073345184326172 3.1943449974060058594 3.2574100494384765625 3.1007416248321533203 2.9632921218872070312 2.9743289947509765625
3.3475310802459716797 3.5148196220397949219 3.5001478195190429688 4.1193051338195800781 4.5760321617126464844 5.0048370361328125 5.4614887237548828125 6.0073227882385253906 6.0643582344055175781 6.1661558151245117188 6.1347103118896484375 6.0471568107604980469 6.0287909507751464844 6.0289587974548339844 5.8884844779968261719 5.5679235458374023438 5.2785968780517578125 4.8864145278930664062 4.6834378242492675781 4.7050943374633789062 4.7364392280578613281 4.7914519309997558594 5.0626983642578125 5.3682107925415039062 5.8475289344787597656 6.4059996604919433594 5.9111652374267578125 5.3860783576965332031 4.7696490287780761719 4.67153167724609375 4.5825123786926269531 4.1844515800476074219 3.5749704837799072266 3.0796995162963867188 2.9419655799865722656 2.8720955848693847656 2.7978751659393310547 2.7418932914733886719 2.7027795314788818359 2.5755949020385742188
3.1067821979522705078 3.36002349853515625 3.3464639186859130859 3.5452320575714111328 4.4374952316284179688 5.1313533782958984375 5.644985198974609375 5.9372539520263671875 6.0824236869812011719 6.2069730758666992188 6.3728852272033691406 6.1979951858520507812 5.9857616424560546875 5.8453569412231445312 5.7744007110595703125 5.6203212738037109375 5.4037327766418457031 5.1673116683959960938 4.9107484817504882812 4.8166446685791015625 4.6760840415954589844 4.8396248817443847656 4.8699555397033691406 5.0673685073852539062 5.41353607177734375 5.6991343498229980469 5.4641718864440917969 5.1923346519470214844 4.5841679573059082031 4.3324484825134277344 4.1408991813659667969 3.8625938892364501953 3.4010064601898193359 2.8395240306854248047 2.6210565567016601562 2.684604644775390625 2.6959598064422607422 2.5176827907562255859 2.3172438144683837891 2.1916379928588867188
2.7853631973266601562 3.1961889266967773438 3.2522990703582763672 3.3287630081176757812 4.2151284217834472656 5.109249114990234375 5.7996659278869628906 6.1528377532958984375 6.2859158515930175781 6.4209532737731933594 6.4943437576293945312 6.3115296363830566406 6.1213040351867675781 5.7722110748291015625 5.71240997314453125 5.5675749778747558594 5.5527939796447753906 5.3183956146240234375 5.1553940773010253906 5.0233149528503417969 4.7072396278381347656 4.6852993965148925781 4.6761126518249511719 4.8363494873046875 5.06179046630859375 4.9753179550170898438 4.8365793228149414062 4.7964768409729003906 4.3447098731994628906 4.0769786834716796875 3.6732678413391113281 3.3718383312225341797 3.0000302791595458984 2.7073647975921630859 2.5072126388549804688 2.5705428123474121094 2.5652830600738525391 2.4991190433502197266 2.1927020549774169922 2.0293791294097900391
2.7656757831573486328 2.7441217899322509766 3.2069051265716552734 3.7124788761138916016 4.5003275871276855469 5.2732539176940917969 5.7767987251281738281 6.3302283287048339844 6.6441893577575683594 6.6775994300842285156 6.5060100555419921875 6.1135725975036621094 6.0434727668762207031 5.8413023948669433594 5.7113804817199707031 5.5862879753112792969 5.442516326904296875 5.1809973716735839844 5.0552377700805664062 4.9883098602294921875 4.9417572021484375 4.7601189613342285156 4.5329465866088867188 4.3564996719360351562 4.431690216064453125 4.5039868354797363281 4.1836619377136230469 4.2842922210693359375 4.1618618965148925781 3.8450024127960205078 3.3743593692779541016 3.0098950862884521484 2.847614288330078125 2.8683683872222900391 2.66797637939453125 2.5903773307800292969 2.6772458553314208984 2.6283345222473144531 2.3312602043151855469 2.0679326057434082031
2.7089927196502685547 2.5749688148498535156 3.1461732387542724609 3.8824942111968994141 4.6378393173217773438 5.2967305183410644531 5.8424353599548339844 6.5308566093444824219 6.831912994384765625 6.7154664993286132812 6.4067564010620117188 6.1427221298217773438 6.1160750389099121094 6.0968675613403320312 5.8055930137634277344 5.5574345588684082031 5.2822055816650390625 4.9527540206909179688 4.9918475151062011719 5.138378143310546875 5.0790810585021972656 4.6505975723266601562 4.4520473480224609375 4.3030986785888671875 4.2254824638366699219 4.1680340766906738281 4.1888475418090820312 4.0113186836242675781 3.7086558341979980469 3.5836181640625 3.1703588962554931641 2.8147978782653808594 2.8815109729766845703 2.8780913352966308594 2.7089912891387939453 2.7050690650939941406 2.8046004772186279297 2.6514012813568115234 2.3316640853881835938 2.0481398105621337891
2.7423117160797119141 2.6111049652099609375 3.1982495784759521484 3.9726643562316894531 4.8796105384826660156 5.5080494880676269531 6.1564631462097167969 6.7139916419982910156 6.8391027450561523438 6.5291075706481933594 6.3902750015258789062 6.40503692626953125 6.4196252822875976562 6.2276902198791503906 5.9518370628356933594 5.6460180282592773438 5.3878407478332519531 5.0186467170715332031 5.3478884696960449219 5.2544031143188476562 5.1481223106384277344 4.9680843353271484375 4.6562743186950683594 4.4443945884704589844 4.2806572914123535156 4.1083812713623046875 4.0435199737548828125 3.7477121353149414062 3.6125621795654296875 3.5652971267700195312 3.0039217472076416016 2.7362332344055175781 2.8338673114776611328 2.7923827171325683594 2.6901614665985107422 2.7840583324432373047 2.9122262001037597656 2.6654632091522216797 2.3317494392395019531 1.9595665931701660156
3.1525557041168212891 2.9752337932586669922 3.3954501152038574219 4.11583709716796875 5.1668958663940429688 5.7608423233032226562 6.3549375534057617188 6.7874188423156738281 6.922191619873046875 6.5678067207336425781 6.4118938446044921875 6.4692964553833007812 6.5494756698608398438 6.3945894241333007812 6.1906247138977050781 5.9856195449829101562 5.7474985122680664062 5.5601963996887207031 5.91979217529296875 5.6981225013732910156 5.4932589530944824219 5.144016265869140625 4.7849268913269042969 4.6626453399658203125 4.5713548660278320312 4.2354178428649902344 4.1729526519775390625 3.863368988037109375 3.7182869911193847656 3.4687540531158447266 2.9904177188873291016 2.85851287841796875 2.9180216789245605469 2.6357443332672119141 2.6614439487457275391 2.7310848236083984375 2.8277554512023925781 2.5613484382629394531 2.3464665412902832031 2.0427494049072265625
3.2651228904724121094 3.2486603260040283203 3.5949981212615966797 4.416385650634765625 5.4215941429138183594 5.8716559410095214844 6.2520289421081542969 6.7430696487426757812 6.9027414321899414062 6.6860561370849609375 6.5243501663208007812 6.5611300468444824219 6.6687898635864257812 6.5847268104553222656 6.3789081573486328125 6.2009501457214355469 6.0516734123229980469 6.2418446540832519531 6.2113938331604003906 6.0131044387817382812 5.9297962188720703125 5.6001725196838378906 5.2529163360595703125 4.998199462890625 4.8743381500244140625 4.6323194503784179688 4.5154118537902832031 4.2940707206726074219 4.0522174835205078125 3.7180376052856445312 3.3791019916534423828 3.128856658935546875 3.0366392135620117188 2.8954613208770751953 2.8462936878204345703 2.9153714179992675781 2.8250765800476074219 2.4976742267608642578 2.2674100399017333984 2.1567730903625488281
3.0889127254486083984 3.5553441047668457031 3.9572212696075439453 4.6956806182861328125 5.5114593505859375 5.8881006240844726562 6.2753324508666992188 6.5677385330200195312 6.722888946533203125 6.596164703369140625 6.5996489524841308594 6.5976710319519042969 6.6750512123107910156 6.701507568359375 6.5657267570495605469 6.457530975341796875 6.2642245292663574219 6.2907228469848632812 6.2923059463500976562 6.2125544548034667969 6.0614914894104003906 5.8419976234436035156 5.5440626144409179688 5.4293241500854492188 5.2122445106506347656 5.2249126434326171875 4.934391021728515625 4.7402071952819824219 4.5911350250244140625 4.1990528106689453125 3.8671505451202392578 3.4973726272583007812 3.1829996109008789062 3.0342893600463867188 3.1022913455963134766 3.0048906803131103516 2.9248025417327880859 2.5589396953582763672 2.3472206592559814453 2.3286957740783691406
3.3909134864807128906 3.6598513126373291016 4.158966064453125 4.9670896530151367188 5.5101876258850097656 5.7736649513244628906 6.077198028564453125 6.2848348617553710938 6.2805161476135253906 6.4651465415954589844 6.6464524269104003906 6.7655200958251953125 6.7771749496459960938 6.6535630226135253906 6.4385461807250976562 6.3861079216003417969 6.36623382568359375 6.5385212898254394531 6.3900675773620605469 6.1606683731079101562 6.0485577583312988281 6.0276613235473632812 5.7737059593200683594 5.5878405570983886719 5.4472928047180175781 5.3629498481750488281 5.166736602783203125 5.1102037429809570312 4.8423590660095214844 4.5334477424621582031 4.2171773910522460938 4.0238327980041503906 3.6600701808929443359 3.3452935218811035156 3.4088671207427978516 3.2661063671112060547 2.9388790130615234375 2.6662113666534423828 2.6071388721466064453 2.5447034835815429688
3.4205951690673828125 3.7794821262359619141 4.3054184913635253906 5.0011844635009765625 5.3646650314331054688 5.5534968376159667969 5.6741199493408203125 5.7901659011840820312 5.7981781959533691406 6.1671195030212402344 6.6396722793579101562 6.7940664291381835938 6.6114926338195800781 6.5362119674682617188 6.496429443359375 6.4580211639404296875 6.3971886634826660156 6.5096178054809570312 6.5149707794189453125 6.2086620330810546875 6.0716581344604492188 6.0980858802795410156 5.937713623046875 5.7926821708679199219 5.6487383842468261719 5.62609100341796875 5.4433054924011230469 5.2368001937866210938 4.9913907051086425781 4.6989049911499023438 4.5444979667663574219 4.3477635383605957031 4.0365810394287109375 3.9832689762115478516 3.7672548294067382812 3.5764331817626953125 3.3182675838470458984 2.8865976333618164062 2.6103823184967041016 2.6070160865783691406
3.2577564716339111328 4.0461778640747070312 4.5990686416625976562 4.6550245285034179688 5.1947650909423828125 5.1753716468811035156 5.194728851318359375 5.4286246299743652344 5.4396681785583496094 5.7737545967102050781 6.1809449195861816406 6.3874444961547851562 6.4425072669982910156 6.4430904388427734375 6.4683728218078613281 6.4718408584594726562 6.4652161598205566406 6.344470977783203125 6.2899498939514160156 6.1934113502502441406 6.1217517852783203125 6.0898103713989257812 6.0346961021423339844 5.9765987396240234375 5.8759632110595703125 5.7797312736511230469 5.6063661575317382812 5.4297046661376953125 5.1440243721008300781 5.0392975807189941406 4.8617892265319824219 4.7962560653686523438 4.4000091552734375 4.2662296295166015625 4.0756344795227050781 3.9261925220489501953 3.7635591030120849609 3.4654173851013183594 3.0748281478881835938 2.9075756072998046875
3.1118750572204589844 3.8776793479919433594 4.4241991043090820312 4.5923466682434082031 4.6660704612731933594 4.8964138031005859375 5.0431942939758300781 5.2659106254577636719 5.2987852096557617188 5.5471968650817871094 5.9395189285278320312 6.1753153800964355469 6.246707916259765625 6.2370209693908691406 6.3346729278564453125 6.3283953666687011719 6.3297142982482910156 6.2144303321838378906 6.2444629669189453125 6.1478815078735351562 6.0889720916748046875 6.0922436714172363281 6.0348291397094726562 6.0182890892028808594 5.9737839698791503906 5.8832964897155761719 5.7592911720275878906 5.5916972160339355469 5.4139914512634277344 5.2978367805480957031 5.2165570259094238281 5.142925262451171875 4.8307366371154785156 4.6764206886291503906 4.4451007843017578125 4.2025728225708007812 3.9844896793365478516 3.7772474288940429688 3.4732329845428466797 3.2379429340362548828
