samples/et/map_et_2017-07-22.asc
ncols        322
nrows        306
xllcorner    -53.726171018035
yllcorner    -28.476684338117
cellsize     0.000269494585
NODATA_value  -1
[rows 270 to 287 of 306, columns 160 to 199 of 322]
1.3678902387619018555 1.3738646507263183594 1.4656858444213867188 1.4740239381790161133 1.4785847663879394531 1.5145629644393920898 1.5201089382171630859 1.5684189796447753906 1.4644830226898193359 1.3597867488861083984 1.2406394481658935547 1.2951533794403076172 1.3579925298690795898 1.2621649503707885742 1.2035090923309326172 1.1701786518096923828 1.0908340215682983398 0.97883999347686767578 0.8677590489387512207 0.75683736801147460938 0.59620052576065063477 0.52528280019760131836 0.44813185930252075195 0.51853638887405395508 0.57195252180099487305 0.69697618484497070312 0.83653426170349121094 0.7667134404182434082 0.71909004449844360352 0.80979359149932861328 0.85764956474304199219 0.78173363208770751953 0.73030096292495727539 0.60613232851028442383 0.49829339981079101562 0.52902901172637939453 0.56700760126113891602 0.66849738359451293945 0.91199898719787597656 0.92832297086715698242
1.4332987070083618164 1.506702423095703125 1.6056001186370849609 1.5639301538467407227 1.5354945659637451172 1.4769663810729980469 1.4134753942489624023 1.4342298507690429688 1.5018100738525390625 1.3901757001876831055 1.3059705495834350586 1.224284052848815918 1.2164045572280883789 1.2615387439727783203 1.1805231571197509766 1.181658625602722168 1.0816922187805175781 1.0258208513259887695 0.8878943324089050293 0.84187406301498413086 0.7658659815788269043 0.61270534992218017578 0.55406731367111206055 0.52289164066314697266 0.63660627603530883789 0.79283154010772705078 0.85657745599746704102 0.8987376093864440918 0.85089260339736938477 0.80560576915740966797 0.89715653657913208008 0.85239386558532714844 0.7996997833251953125 0.6270001530647277832 0.5725815892219543457 0.53246307373046875 0.58607429265975952148 0.65831780433654785156 0.86717152595520019531 1.0057766437530517578
1.5729814767837524414 1.5832309722900390625 1.5994104146957397461 1.6195977926254272461 1.6136492490768432617 1.454793095588684082 1.3614445924758911133 1.4202411174774169922 1.5870376825332641602 1.4871432781219482422 1.4290988445281982422 1.3755241632461547852 1.2352272272109985352 1.1900098323822021484 1.2263133525848388672 1.1018046140670776367 0.99687522649765014648 0.99968945980072021484 0.86602312326431274414 0.77960771322250366211 0.77008545398712158203 0.70578396320343017578 0.67677164077758789062 0.6800098419189453125 0.73089438676834106445 0.82048976421356201172 0.86274355649948120117 0.94003009796142578125 0.95583128929138183594 0.8802344202995300293 0.99348050355911254883 1.0545226335525512695 0.87694531679153442383 0.74631011486053466797 0.73591333627700805664 0.64916098117828369141 0.67899119853973388672 0.83761435747146606445 0.946453094482421875 1.1258436441421508789
1.6776393651962280273 1.702884674072265625 1.7545409202575683594 1.6467761993408203125 1.5658332109451293945 1.5694870948791503906 1.6384558677673339844 1.5440546274185180664 1.5499770641326904297 1.4886354207992553711 1.3977559804916381836 1.4194585084915161133 1.5067373514175415039 1.2992279529571533203 1.2824399471282958984 1.1752592325210571289 1.0416059494018554688 1.0118372440338134766 0.97924333810806274414 0.84987992048263549805 0.74851667881011962891 0.74317938089370727539 0.69237095117568969727 0.7024357914924621582 0.76134407520294189453 0.8486830592155456543 0.87627035379409790039 0.91856414079666137695 0.99668145179748535156 0.97621113061904907227 1.0397288799285888672 1.0951761007308959961 1.1117293834686279297 1.049605250358581543 1.0134689807891845703 0.89110565185546875 0.92523771524429321289 0.994709014892578125 1.0953115224838256836 1.2205466032028198242
1.8315670490264892578 1.8254580497741699219 1.8005783557891845703 1.6963809728622436523 1.5737605094909667969 1.6095166206359863281 1.6621781587600708008 1.5257419347763061523 1.4563238620758056641 1.460062861442565918 1.3208849430084228516 1.2875144481658935547 1.4236165285110473633 1.4047189950942993164 1.3087846040725708008 1.271775364875793457 1.2618261575698852539 1.2836605310440063477 1.2312394380569458008 1.1018105745315551758 0.85882413387298583984 0.82394623756408691406 0.82453685998916625977 0.73806822299957275391 0.74679875373840332031 0.76205706596374511719 0.91457068920135498047 0.98135709762573242188 1.0894466638565063477 1.1016663312911987305 1.0670192241668701172 1.1921607255935668945 1.2366203069686889648 1.2191288471221923828 1.2506924867630004883 1.1360334157943725586 1.1378015279769897461 1.207524418830871582 1.2836149930953979492 1.376591801643371582
1.8383461236953735352 1.8318954706192016602 1.757796168327331543 1.6731038093566894531 1.5447552204132080078 1.6431868076324462891 1.6670486927032470703 1.5182098150253295898 1.4896465539932250977 1.45992279052734375 1.3248742818832397461 1.2758144140243530273 1.3802350759506225586 1.3539966344833374023 1.2581108808517456055 1.2377834320068359375 1.1835591793060302734 1.2125115394592285156 1.2107384204864501953 1.109943389892578125 0.86889916658401489258 0.8330707550048828125 0.83713805675506591797 0.76214951276779174805 0.81790810823440551758 0.8897711634635925293 1.021939396858215332 1.0529276132583618164 1.0851113796234130859 1.1223204135894775391 1.1146869659423828125 1.2788575887680053711 1.3537796735763549805 1.3146090507507324219 1.3219507932662963867 1.2547322511672973633 1.2858611345291137695 1.3592808246612548828 1.4610455036163330078 1.5891315937042236328
1.8632731437683105469 1.900038599967956543 1.8270099163055419922 1.6352733373641967773 1.5175459384918212891 1.5272061824798583984 1.4775934219360351562 1.4719961881637573242 1.4418375492095947266 1.4262546300888061523 1.3975934982299804688 1.2498689889907836914 1.2204504013061523438 1.3275190591812133789 1.2551230192184448242 1.2047793865203857422 1.1716628074645996094 1.2030814886093139648 1.2322484254837036133 1.1546744108200073242 1.0030505657196044922 0.78712052106857299805 0.80928522348403930664 0.72315955162048339844 0.72207969427108764648 0.79161208868026733398 0.98649013042449951172 1.2323042154312133789 1.4452548027038574219 1.4622331857681274414 1.2760294675827026367 1.3946983814239501953 1.5713852643966674805 1.5614022016525268555 1.5620200634002685547 1.4524399042129516602 1.4309175014495849609 1.5561808347702026367 1.6456972360610961914 1.8644846677780151367
1.681148529052734375 1.7424206733703613281 1.7700899839401245117 1.6221764087677001953 1.4775838851928710938 1.4569528102874755859 1.4577758312225341797 1.5196756124496459961 1.6197522878646850586 1.4661402702331542969 1.3656204938888549805 1.3209496736526489258 1.1863600015640258789 1.1908040046691894531 1.1879816055297851562 1.1292291879653930664 1.0529818534851074219 0.97779649496078491211 1.0505053997039794922 1.0973939895629882812 1.0558418035507202148 0.9518985748291015625 0.88820004463195800781 0.92810422182083129883 0.83920896053314208984 0.83777445554733276367 0.94349211454391479492 1.1502089500427246094 1.4185395240783691406 1.4913737773895263672 1.4304257631301879883 1.3004331588745117188 1.2833487987518310547 1.5994652509689331055 1.6581392288208007812 1.6682353019714355469 1.7012686729431152344 1.8023014068603515625 1.8506093025207519531 1.8939024209976196289
1.4338977336883544922 1.5284879207611083984 1.6782742738723754883 1.6943055391311645508 1.5438292026519775391 1.5658286809921264648 1.5526244640350341797 1.4782820940017700195 1.6567804813385009766 1.6590561866760253906 1.4831585884094238281 1.3189656734466552734 1.397518157958984375 1.2741945981979370117 1.2096238136291503906 1.1440155506134033203 1.0259433984756469727 0.98533445596694946289 1.0605143308639526367 1.0706419944763183594 1.0628165006637573242 1.0216513872146606445 0.99632942676544189453 0.97063082456588745117 1.0472682714462280273 1.0552324056625366211 1.0539830923080444336 1.1597908735275268555 1.2523126602172851562 1.4043371677398681641 1.408158421516418457 1.3250249624252319336 1.0355345010757446289 1.3223472833633422852 1.3813415765762329102 1.5248094797134399414 1.638499140739440918 1.4903056621551513672 1.5132504701614379883 1.5649143457412719727
1.4270361661911010742 1.5129102468490600586 1.6062645912170410156 1.7003682851791381836 1.7093806266784667969 1.5917234420776367188 1.6426604986190795898 1.5596404075622558594 1.5367277860641479492 1.6239094734191894531 1.5621303319931030273 1.4162936210632324219 1.4227112531661987305 1.4700593948364257812 1.361104130744934082 1.2272253036499023438 1.0951647758483886719 1.0332727432250976562 0.96976202726364135742 0.99830704927444458008 1.0069767236709594727 1.0049414634704589844 0.97440254688262939453 0.94810479879379272461 1.0245556831359863281 1.1277973651885986328 1.1564134359359741211 1.1432510614395141602 1.1099665164947509766 1.2309190034866333008 1.1546617746353149414 0.9993743896484375 0.91585785150527954102 0.8501434326171875 0.93183434009552001953 0.95198982954025268555 1.1149207353591918945 0.77269804477691650391 0.77425968647003173828 0.90689438581466674805
1.4111802577972412109 1.5090926885604858398 1.5285640954971313477 1.5646363496780395508 1.7273309230804443359 1.7187541723251342773 1.7174329757690429688 1.7313719987869262695 1.5782340764999389648 1.5730954408645629883 1.3990532159805297852 1.3219941854476928711 1.3061225414276123047 1.3993881940841674805 1.4107681512832641602 1.2911932468414306641 1.1627414226531982422 0.94396913051605224609 0.83033919334411621094 0.81701439619064331055 0.75347125530242919922 0.87868314981460571289 0.99477618932723999023 1.0272934436798095703 0.9906241297721862793 1.0556703805923461914 1.0896390676498413086 1.13458251953125 1.0091176033020019531 0.99088960886001586914 0.90027576684951782227 0.69867265224456787109 0.59737873077392578125 0.53215736150741577148 0.62852776050567626953 0.64684849977493286133 0.69228070974349975586 0.61363780498504638672 0.60949045419692993164 0.72902327775955200195
1.3485422134399414062 1.321259617805480957 1.3874126672744750977 1.3022680282592773438 1.5201636552810668945 1.6903371810913085938 1.726494908332824707 1.69855499267578125 1.6508283615112304688 1.6187911033630371094 1.5875219106674194336 1.3071149587631225586 1.2981611490249633789 1.2648030519485473633 1.28554534912109375 1.2175961732864379883 1.1859563589096069336 1.1041417121887207031 0.85698807239532470703 0.78673750162124633789 0.75834381580352783203 0.78361874818801879883 0.97423309087753295898 1.0470184087753295898 1.0652364492416381836 1.0802417993545532227 1.0190334320068359375 0.99980854988098144531 0.97478806972503662109 0.84776979684829711914 0.84220927953720092773 0.70816600322723388672 0.62960481643676757812 0.60942506790161132812 0.59697240591049194336 0.57870721817016601562 0.57880127429962158203 0.50217205286026000977 0.42927590012550354004 0.44058984518051147461
1.3233854770660400391 1.2251104116439819336 1.241473078727722168 1.23827362060546875 1.230828404426574707 1.4651716947555541992 1.6254547834396362305 1.5278170108795166016 1.5885062217712402344 1.5326597690582275391 1.5596348047256469727 1.4858843088150024414 1.3827954530715942383 1.325226902961730957 1.2385838031768798828 1.1583395004272460938 1.0649845600128173828 1.0679486989974975586 0.96421229839324951172 0.86327606439590454102 0.93792682886123657227 0.9682331085205078125 0.96970862150192260742 0.95348328351974487305 0.9306132197380065918 0.97482085227966308594 0.96657836437225341797 0.936634063720703125 0.98042839765548706055 0.93687152862548828125 0.88894009590148925781 0.80790972709655761719 0.69083636999130249023 0.64656281471252441406 0.59743714332580566406 0.66984009742736816406 0.6593793034553527832 0.49810677766799926758 0.40491086244583129883 0.32702705264091491699
1.2651736736297607422 1.2730556726455688477 1.1598306894302368164 1.2344557046890258789 1.2403267621994018555 1.3020807504653930664 1.4539332389831542969 1.6131811141967773438 1.4703946113586425781 1.4928534030914306641 1.4304983615875244141 1.4190086126327514648 1.3179056644439697266 1.2530932426452636719 1.205800175666809082 1.1818983554840087891 1.0709329843521118164 0.93722552061080932617 0.93618166446685791016 0.84631389379501342773 0.83240604400634765625 0.95382392406463623047 0.97408968210220336914 0.84582543373107910156 0.76219582557678222656 0.80241811275482177734 0.91950494050979614258 0.95252937078475952148 0.97456955909729003906 0.98218250274658203125 0.93110013008117675781 0.86218100786209106445 0.89058470726013183594 0.69082438945770263672 0.65345770120620727539 0.65997451543807983398 0.713039398193359375 0.67378908395767211914 0.43263518810272216797 0.47984218597412109375
1.2758274078369140625 1.2066718339920043945 1.1781666278839111328 1.1725145578384399414 1.2882006168365478516 1.4718466997146606445 1.5232667922973632812 1.6610119342803955078 1.6264781951904296875 1.5586982965469360352 1.5278071165084838867 1.4519071578979492188 1.3987865447998046875 1.2020605802536010742 1.0393228530883789062 1.0429863929748535156 0.95572382211685180664 0.82296240329742431641 0.79551684856414794922 0.83794760704040527344 0.78374350070953369141 0.80713391304016113281 0.94841760396957397461 0.91682505607604980469 0.89744073152542114258 0.79907941818237304688 0.87037962675094604492 0.9687340855598449707 1.0584686994552612305 1.0950748920440673828 0.94818592071533203125 0.95735532045364379883 0.94224071502685546875 0.8643729090690612793 0.81276303529739379883 0.80912411212921142578 0.77958357334136962891 0.79740452766418457031 0.72688013315200805664 0.71146595478057861328
1.2456667423248291016 1.1985687017440795898 1.1632657051086425781 1.1650128364562988281 1.1842077970504760742 1.4688457250595092773 1.6435822248458862305 1.6482144594192504883 1.6404812335968017578 1.6004601716995239258 1.5512038469314575195 1.620441436767578125 1.4693810939788818359 1.3456166982650756836 1.0736262798309326172 0.96053671836853027344 0.91187274456024169922 0.73873323202133178711 0.75599485635757446289 0.84901833534240722656 0.85526698827743530273 1.0377837419509887695 1.1179842948913574219 1.259138941764831543 1.2401624917984008789 1.112215876579284668 0.97566366195678710938 1.022942662239074707 1.0986939668655395508 1.2383736371994018555 1.2227693796157836914 1.1182476282119750977 1.1284770965576171875 1.0855325460433959961 1.0548516511917114258 0.99994063377380371094 0.99449300765991210938 0.98692268133163452148 1.1396392583847045898 1.0824697017669677734
1.1711884737014770508 1.1746835708618164062 1.1449348926544189453 1.1742260456085205078 1.088222503662109375 1.4145489931106567383 1.6184954643249511719 1.5679247379302978516 1.561215519905090332 1.6022707223892211914 1.4898303747177124023 1.6235483884811401367 1.4079678058624267578 1.319965362548828125 1.2272714376449584961 1.0400252342224121094 0.91007351875305175781 0.79284673929214477539 0.83946311473846435547 0.88386058807373046875 0.99362432956695556641 1.2178038358688354492 1.351061701774597168 1.4394841194152832031 1.4702390432357788086 1.3747522830963134766 1.2285500764846801758 1.1636919975280761719 1.2146768569946289062 1.2994136810302734375 1.3293515443801879883 1.2939139604568481445 1.1701881885528564453 1.1528801918029785156 1.1281785964965820312 1.2315016984939575195 1.2577080726623535156 1.2477953433990478516 1.2227673530578613281 1.2271796464920043945
1.3213047981262207031 1.1915111541748046875 1.160556793212890625 1.1859811544418334961 1.1657609939575195312 1.2624795436859130859 1.496855616569519043 1.562160491943359375 1.4603048563003540039 1.4648450613021850586 1.4316568374633789062 1.4563804864883422852 1.4489799737930297852 1.337214350700378418 1.2274770736694335938 1.1680064201354980469 1.0547087192535400391 0.94218659400939941406 0.90232700109481811523 0.94477868080139160156 1.0787870883941650391 1.2265154123306274414 1.3453966379165649414 1.3757174015045166016 1.405872344970703125 1.4380627870559692383 1.3061193227767944336 1.2627369165420532227 1.2623115777969360352 1.2451032400131225586 1.3074501752853393555 1.2498643398284912109 1.2561295032501220703 1.2034444808959960938 1.1342383623123168945 1.1478922367095947266 1.2147339582443237305 1.2607059478759765625 1.110050201416015625 1.0305600166320800781
