samples/et/map_et_2017-09-24.asc
ncols        322
nrows        306
xllcorner    -53.726171018035
yllcorner    -28.476684338117
cellsize     0.000269494585
NODATA_value  -1
[rows 90 to 107 of 306, columns 240 to 279 of 322]
1.9829403162002563477 2.2131586074829101562 2.4771878719329833984 2.6279292106628417969 2.3871500492095947266 2.0077524185180664062 1.9177746772766113281 1.9922585487365722656 2.2684226036071777344 2.6699960231781005859 2.5043771266937255859 2.5610468387603759766 2.7485854625701904297 2.8163125514984130859 2.3768434524536132812 1.982730865478515625 2.1272382736206054688 2.1967225074768066406 2.0588233470916748047 2.0290889739990234375 1.8762077093124389648 1.6093242168426513672 1.9082282781600952148 2.1655282974243164062 1.935538172721862793 1.5517554283142089844 1.9923434257507324219 2.2442440986633300781 2.3888230323791503906 2.4769632816314697266 2.5710883140563964844 2.3679776191711425781 2.5993177890777587891 2.8858330249786376953 2.5383517742156982422 2.1192591190338134766 1.9278167486190795898 2.5884549617767333984 2.8360631465911865234 2.3720378875732421875
2.6344583034515380859 2.3960239887237548828 2.6352992057800292969 2.8266875743865966797 2.8662421703338623047 2.5004336833953857422 2.2827653884887695312 2.3222231864929199219 2.3479392528533935547 2.6619579792022705078 2.6485550403594970703 2.5907263755798339844 2.8576617240905761719 2.8019506931304931641 2.5058970451354980469 2.1538341045379638672 2.1338293552398681641 2.3081214427947998047 2.1690454483032226562 1.7862126827239990234 1.7475335597991943359 1.5575972795486450195 2.1456117630004882812 1.9162433147430419922 1.8271856307983398438 1.7902855873107910156 1.7267582416534423828 2.0928096771240234375 2.5683252811431884766 2.7180101871490478516 2.651584625244140625 2.8543868064880371094 2.5752179622650146484 2.5911808013916015625 2.6045832633972167969 2.3424630165100097656 2.167171478271484375 2.6330928802490234375 2.8050475120544433594 3.1781091690063476562
2.7568440437316894531 2.7405502796173095703 2.6478853225708007812 2.6214051246643066406 2.8722312450408935547 2.8380620479583740234 2.5880384445190429688 2.7584931850433349609 2.4144489765167236328 2.3128499984741210938 2.5092461109161376953 2.7797977924346923828 2.7358455657958984375 2.4098517894744873047 2.3151993751525878906 2.1077075004577636719 2.2604496479034423828 1.8502534627914428711 2.0041701793670654297 1.9257254600524902344 1.9660226106643676758 1.8881288766860961914 1.6411496400833129883 1.7254045009613037109 1.6059870719909667969 1.7135057449340820312 1.6480340957641601562 1.7159998416900634766 1.9869906902313232422 2.4418396949768066406 2.4718537330627441406 2.5939834117889404297 2.6555812358856201172 2.7273209095001220703 2.6549258232116699219 2.6762309074401855469 2.6076581478118896484 2.8522350788116455078 2.7124066352844238281 2.6877369880676269531
2.8577246665954589844 3.0246686935424804688 3.2056865692138671875 2.9668762683868408203 2.7233917713165283203 2.7296593189239501953 2.6183729171752929688 2.7830686569213867188 2.9539613723754882812 2.8653364181518554688 2.7261745929718017578 2.8847005367279052734 2.7715365886688232422 2.5351202487945556641 2.3009481430053710938 2.1577565670013427734 2.3111600875854492188 1.9757932424545288086 1.9365582466125488281 1.8860483169555664062 1.9041951894760131836 1.9285130500793457031 1.5109169483184814453 1.309576869010925293 1.4669251441955566406 1.6465660333633422852 1.5163755416870117188 1.2210789918899536133 1.3859630823135375977 1.8791047334671020508 2.2075247764587402344 2.1368227005004882812 2.3189282417297363281 2.5514047145843505859 2.6892971992492675781 2.5815691947937011719 2.5893576145172119141 2.5425074100494384766 2.7688381671905517578 2.5150213241577148438
3.0801651477813720703 3.0887384414672851562 3.6354353427886962891 3.6246263980865478516 3.2974061965942382812 2.9864823818206787109 2.7324259281158447266 2.6976878643035888672 3.0007977485656738281 3.0878212451934814453 3.3813943862915039062 3.409152984619140625 3.2619266510009765625 2.8177142143249511719 2.3927457332611083984 2.3945703506469726562 2.1957023143768310547 2.0811507701873779297 1.9556006193161010742 1.9795912504196166992 1.9859215021133422852 1.9965889453887939453 1.4205899238586425781 0.76001089811325073242 1.4528214931488037109 1.7307580709457397461 1.6941307783126831055 1.4488644599914550781 1.1889368295669555664 1.4647971391677856445 1.6094689369201660156 1.564520716667175293 2.0204586982727050781 2.3737523555755615234 2.5423350334167480469 2.1689569950103759766 1.9216723442077636719 1.8214132785797119141 1.8543883562088012695 2.301502227783203125
3.4805719852447509766 3.4389910697937011719 3.601139068603515625 3.8580603599548339844 3.7494626045227050781 3.6009476184844970703 3.1409177780151367188 2.6850724220275878906 2.9922585487365722656 3.055187225341796875 3.2458417415618896484 3.3801195621490478516 3.3797388076782226562 3.0092046260833740234 2.8202905654907226562 2.4119155406951904297 2.3456349372863769531 2.1408083438873291016 1.9176280498504638672 2.1761808395385742188 2.3171281814575195312 2.1491687297821044922 2.0032238960266113281 1.4942135810852050781 1.844482421875 2.1823587417602539062 1.9446692466735839844 1.7754980325698852539 1.7488348484039306641 1.4279028177261352539 1.6454443931579589844 1.5724999904632568359 1.7196927070617675781 2.0117664337158203125 2.1417801380157470703 1.8411836624145507812 1.3273776769638061523 1.143238067626953125 1.150759577751159668 1.4434208869934082031
3.7246105670928955078 3.8144075870513916016 3.8359072208404541016 3.8137972354888916016 3.3907876014709472656 3.5056505203247070312 3.3986713886260986328 2.941425323486328125 2.6056013107299804688 2.6427934169769287109 3.1235284805297851562 3.3074553012847900391 3.4048168659210205078 3.1337113380432128906 3.0595233440399169922 2.6743884086608886719 2.3203248977661132812 2.3909120559692382812 2.2420339584350585938 2.2094504833221435547 1.9144830703735351562 1.9839217662811279297 1.7749320268630981445 1.7290244102478027344 1.6725078821182250977 1.7231343984603881836 2.0470876693725585938 2.0329520702362060547 1.8383480310440063477 1.4531044960021972656 1.2248930931091308594 1.4482542276382446289 1.2762806415557861328 1.3184342384338378906 1.4353326559066772461 1.5552153587341308594 1.3898260593414306641 1.0908281803131103516 1.1300827264785766602 0.97521436214447021484
3.7786257266998291016 4.1941022872924804688 4.3314881324768066406 3.9443109035491943359 3.5770895481109619141 3.1191911697387695312 3.5389461517333984375 3.3060956001281738281 3.1331627368927001953 2.9110796451568603516 2.7877066135406494141 3.0958349704742431641 3.2884626388549804688 3.3706030845642089844 3.0611979961395263672 2.6145911216735839844 2.5645565986633300781 2.5855374336242675781 2.7091672420501708984 2.3725719451904296875 2.0696382522583007812 2.0180215835571289062 1.4593163728713989258 1.4805895090103149414 1.2157773971557617188 1.0259404182434082031 1.3819731473922729492 2.0283696651458740234 1.8606115579605102539 1.2542192935943603516 0.80750203132629394531 0.80717754364013671875 1.0107221603393554688 0.97379469871520996094 1.1785929203033447266 1.2903383970260620117 1.5422229766845703125 1.2260329723358154297 1.2667748928070068359 1.1446056365966796875
3.4371616840362548828 3.7923221588134765625 4.2709031105041503906 4.1404142379760742188 3.8708705902099609375 3.5061964988708496094 3.2824079990386962891 3.4633276462554931641 3.4681894779205322266 3.3044576644897460938 2.9460964202880859375 3.0696995258331298828 3.3380212783813476562 3.6989223957061767578 3.3716082572937011719 2.6592934131622314453 2.9291765689849853516 2.9888448715209960938 2.8635668754577636719 2.3116304874420166016 2.0024073123931884766 2.0016925334930419922 1.7165162563323974609 1.1847947835922241211 0.85989660024642944336 0.87606257200241088867 1.2660648822784423828 1.6427245140075683594 1.6207374334335327148 1.0562691688537597656 0.83883380889892578125 0.75342971086502075195 0.99111026525497436523 1.0800678730010986328 1.1494081020355224609 1.2992320060729980469 1.3873064517974853516 1.4015964269638061523 1.4443027973175048828 1.7342664003372192383
3.1759130954742431641 3.3461954593658447266 3.5907933712005615234 3.5536847114562988281 3.3485240936279296875 3.4777004718780517578 3.280673980712890625 2.9756836891174316406 3.0785388946533203125 3.2813808917999267578 3.1045441627502441406 3.0963509082794189453 3.4974551200866699219 3.8313803672790527344 3.9837098121643066406 3.4499166011810302734 3.2618660926818847656 3.3385033607482910156 2.6507170200347900391 2.1213400363922119141 1.7133145332336425781 1.7634128332138061523 1.6493722200393676758 1.3924548625946044922 1.1533951759338378906 1.0431928634643554688 1.3163354396820068359 1.7121098041534423828 1.292498469352722168 1.2554669380187988281 1.0230094194412231445 1.4391794204711914062 1.2761776447296142578 1.1894164085388183594 1.0203497409820556641 1.223049163818359375 1.2138688564300537109 1.453937530517578125 1.481655120849609375 1.5099463462829589844
2.7194170951843261719 3.0632021427154541016 2.7095823287963867188 2.5508511066436767578 2.3657011985778808594 2.5939929485321044922 2.7453420162200927734 2.473415374755859375 2.1903755664825439453 2.4109430313110351562 2.4415938854217529297 2.176692962646484375 2.6848094463348388672 3.4342517852783203125 3.5168595314025878906 3.6310291290283203125 3.2940824031829833984 3.1676099300384521484 2.7864871025085449219 2.1797683238983154297 1.8196138143539428711 1.8036020994186401367 1.2866575717926025391 1.0781686305999755859 1.0160714387893676758 1.2667902708053588867 1.4873082637786865234 1.7678782939910888672 0.79971915483474731445 1.2316645383834838867 1.0648400783538818359 1.5311030149459838867 1.3950717449188232422 0.95033895969390869141 0.56944477558135986328 0.88240885734558105469 0.67351716756820678711 1.2888274192810058594 1.6509126424789428711 1.5682861804962158203
2.0892107486724853516 2.5758125782012939453 2.2078199386596679688 1.6788390874862670898 1.6895776987075805664 1.8202019929885864258 1.9252958297729492188 2.0255115032196044922 1.7026389837265014648 1.6739413738250732422 1.7563689947128295898 1.4600646495819091797 1.469872593879699707 2.1519348621368408203 2.5215954780578613281 2.7296388149261474609 2.9473831653594970703 3.1619434356689453125 2.9520299434661865234 2.5383479595184326172 2.2309961318969726562 2.0389535427093505859 1.4683403968811035156 1.3594813346862792969 1.1232584714889526367 1.0382922887802124023 1.773060917854309082 1.9150309562683105469 1.5967856645584106445 1.2714217901229858398 1.2295395135879516602 1.4724354743957519531 1.6918358802795410156 1.3946483135223388672 1.3307425975799560547 1.2270388603210449219 1.0337173938751220703 1.0598499774932861328 1.4562242031097412109 1.8975352048873901367
2.38091278076171875 2.5264925956726074219 2.3208870887756347656 1.7140516042709350586 1.6145913600921630859 1.6610161066055297852 1.4239641427993774414 1.4417679309844970703 1.4507030248641967773 1.4873616695404052734 1.6930410861968994141 1.3811125755310058594 0.94319057464599609375 1.5473866462707519531 2.0158259868621826172 2.0333509445190429688 2.2605342864990234375 2.6748678684234619141 2.9908230304718017578 2.8747448921203613281 2.3128488063812255859 1.969778895378112793 1.7687364816665649414 1.7063570022583007812 1.5391091108322143555 1.3284943103790283203 1.8062266111373901367 2.0456993579864501953 1.7579084634780883789 1.5721848011016845703 1.4472929239273071289 1.2941938638687133789 1.4886250495910644531 1.3782266378402709961 1.3926045894622802734 1.6722780466079711914 1.5048788785934448242 1.1633018255233764648 1.3392254114151000977 1.5050296783447265625
2.3488409519195556641 2.8789801597595214844 2.4592235088348388672 1.9496805667877197266 1.6619650125503540039 2.1770503520965576172 1.7681692838668823242 1.307767033576965332 1.3350651264190673828 1.7177482843399047852 2.0040941238403320312 1.6233757734298706055 0.98366177082061767578 1.2919046878814697266 2.0451986789703369141 2.0225863456726074219 1.9880880117416381836 2.5176966190338134766 2.9054503440856933594 2.7899630069732666016 2.1052129268646240234 1.7486902475357055664 1.5501683950424194336 1.5723917484283447266 1.6131731271743774414 1.3740297555923461914 1.3144304752349853516 1.8293082714080810547 1.6728283166885375977 1.7298585176467895508 1.5906198024749755859 1.1843165159225463867 1.1359777450561523438 1.2965652942657470703 0.9204152226448059082 1.5303858518600463867 1.3829158544540405273 1.3909735679626464844 1.385004878044128418 1.551625370979309082
2.150341033935546875 2.4103384017944335938 2.1906569004058837891 1.8348387479782104492 1.9918079376220703125 2.1281580924987792969 2.22943115234375 1.8252999782562255859 1.5353869199752807617 1.6937928199768066406 2.4398908615112304688 2.1532495021820068359 1.6094101667404174805 1.6415427923202514648 2.0077683925628662109 2.0042073726654052734 1.9892050027847290039 2.2508761882781982422 2.4670207500457763672 2.6015846729278564453 1.8477393388748168945 1.8540898561477661133 1.7721599340438842773 1.7710415124893188477 1.7571649551391601562 1.7157464027404785156 1.032444000244140625 1.1471451520919799805 1.4157816171646118164 2.1197376251220703125 2.0752053260803222656 1.7606730461120605469 1.3751200437545776367 1.6663870811462402344 1.6537384986877441406 1.3775185346603393555 1.0773223638534545898 1.1810145378112792969 1.3506957292556762695 1.5205976963043212891
2.2421567440032958984 2.3042767047882080078 2.1597316265106201172 1.8415654897689819336 1.8979954719543457031 1.7453428506851196289 2.0949313640594482422 2.0679361820220947266 1.8521008491516113281 1.9422135353088378906 2.0690157413482666016 1.9225134849548339844 1.9467728137969970703 1.830521702766418457 1.9918197393417358398 1.885144352912902832 1.9327961206436157227 2.1597268581390380859 2.1092009544372558594 2.0307021141052246094 1.6034654378890991211 1.7355787754058837891 1.4953860044479370117 1.8850444555282592773 1.9456259012222290039 2.0132021903991699219 1.6297641992568969727 1.7080585956573486328 1.6087410449981689453 2.1854479312896728516 2.4950494766235351562 2.5010085105895996094 2.309429168701171875 2.2607510089874267578 2.2250041961669921875 1.5175737142562866211 1.2713725566864013672 0.98597204685211181641 1.1984627246856689453 1.4792821407318115234
2.5871014595031738281 2.4612364768981933594 2.2915239334106445312 2.3235793113708496094 2.1134178638458251953 1.8230091333389282227 1.9221216440200805664 2.1652698516845703125 2.0586655139923095703 2.0532548427581787109 1.787822723388671875 1.8123041391372680664 1.8749437332153320312 1.954296112060546875 1.7552789449691772461 1.838427424430847168 1.7550401687622070312 2.1032187938690185547 1.960718989372253418 1.2788846492767333984 0.92197042703628540039 1.0054062604904174805 1.0321722030639648438 1.2211101055145263672 1.3662912845611572266 1.3504227399826049805 1.6621453762054443359 1.7105678319931030273 1.9736944437026977539 1.9266036748886108398 2.0998263359069824219 2.1032581329345703125 2.1158673763275146484 2.3971526622772216797 2.4513864517211914062 1.6953352689743041992 1.239342808723449707 0.90666460990905761719 1.0030823945999145508 1.2448434829711914062
2.5805449485778808594 2.3414208889007568359 2.2964127063751220703 2.2087817192077636719 1.9957526922225952148 1.8613686561584472656 1.9786474704742431641 2.1549546718597412109 2.0340793132781982422 1.919567108154296875 1.7921193838119506836 1.8282592296600341797 1.929781794548034668 1.9668292999267578125 1.7437726259231567383 1.7207906246185302734 1.6243098974227905273 1.9008077383041381836 1.5711463689804077148 0.68984186649322509766 1.1692911386489868164 1.1000746488571166992 1.0153172016143798828 1.2042651176452636719 1.3715593814849853516 1.15094757080078125 1.4694093465805053711 1.8218195438385009766 2.0259199142456054688 1.9021168947219848633 2.2246310710906982422 2.2459635734558105469 2.2100658416748046875 2.4177646636962890625 2.4170382022857666016 1.7110909223556518555 1.2070778608322143555 0.81947410106658935547 0.95182061195373535156 1.094420313835144043
