samples/et/map_et_2017-04-17.asc
ncols        322
nrows        306
xllcorner    -53.726171018035
yllcorner    -28.476684338117
cellsize     0.000269494585
NODATA_value  -1
[rows 17 to 33 of 306, columns 160 to 199 of 322]
0.36908066272735595703 0.45646989345550537109 0.51471161842346191406 0.4517357945442199707 0.47410246729850769043 0.31944254040718078613 0.17983669042587280273 0.12755683064460754395 0.18635077774524688721 0.13652001321315765381 0.17337688803672790527 0.20021972060203552246 0.10511945188045501709 -0.031735364347696304321 -0.10378020256757736206 -0.090632237493991851807 -0.21658191084861755371 -0.25854051113128662109 -0.20821563899517059326 -0.088774047791957855225 0.051769867539405822754 0.34193786978721618652 0.7264302372932434082 0.79558432102203369141 1.0547137260437011719 1.2312287092208862305 1.2032401561737060547 1.4106861352920532227 1.4332342147827148438 1.6349164247512817383 1.6375858783721923828 1.4300072193145751953 1.3908733129501342773 1.2478170394897460938 1.1276457309722900391 0.9071680903434753418 0.85449880361557006836 1.0403209924697875977 1.1710214614868164062 1.0603145360946655273
0.47006905078887939453 0.51555669307708740234 0.62397617101669311523 0.52395558357238769531 0.60441374778747558594 0.55409508943557739258 0.51272141933441162109 0.41110426187515258789 0.40432417392730712891 0.39027097821235656738 0.41628819704055786133 0.51086992025375366211 0.39090299606323242188 0.16042372584342956543 0.078993737697601318359 0.013995680958032608032 -0.14508470892906188965 -0.14738121628761291504 -0.17406159639358520508 0.026719557121396064758 0.21942323446273803711 0.48540037870407104492 0.83023267984390258789 0.89910727739334106445 1.1827416419982910156 1.2518210411071777344 1.3640997409820556641 1.4848732948303222656 1.5324524641036987305 1.6316106319427490234 1.836550593376159668 1.8746793270111083984 1.744197845458984375 1.4964628219604492188 1.4595198631286621094 1.2244691848754882812 1.0258009433746337891 1.0756328105926513672 1.3194838762283325195 1.3833453655242919922
0.53488558530807495117 0.54758059978485107422 0.61576122045516967773 0.56758290529251098633 0.57752090692520141602 0.58690887689590454102 0.61669671535491943359 0.57527291774749755859 0.50807476043701171875 0.54803907871246337891 0.64045280218124389648 0.64917749166488647461 0.69425344467163085938 0.32293155789375305176 0.1976137310266494751 0.063458994030952453613 -0.054901622235774993896 -0.12243648618459701538 -0.17348261177539825439 0.0079949870705604553223 0.32166495919227600098 0.58134812116622924805 0.76196992397308349609 1.1062828302383422852 1.2868224382400512695 1.4011492729187011719 1.4880278110504150391 1.6783450841903686523 1.7156596183776855469 1.6970698833465576172 1.9069362878799438477 2.0701215267181396484 2.1506056785583496094 1.9218986034393310547 1.9157586097717285156 1.6898130178451538086 1.5766911506652832031 1.4845119714736938477 1.5079257488250732422 1.6492973566055297852
0.70219087600708007812 0.80497592687606811523 0.7827504277229309082 0.64120894670486450195 0.56431168317794799805 0.67201417684555053711 0.60242927074432373047 0.60538750886917114258 0.50037413835525512695 0.52159059047698974609 0.62253892421722412109 0.69781744480133056641 0.66412901878356933594 0.54728579521179199219 0.2740771174430847168 0.10085527598857879639 -0.035476356744766235352 -0.14577443897724151611 -0.13682152330875396729 -0.036271650344133377075 0.26158323884010314941 0.55522441864013671875 0.75219130516052246094 1.1822530031204223633 1.4236565828323364258 1.6583502292633056641 1.6249758005142211914 1.7091079950332641602 1.7591912746429443359 1.8492658138275146484 2.0041086673736572266 2.0600061416625976562 2.2162532806396484375 2.1926405429840087891 2.1758477687835693359 2.0535881519317626953 1.9037883281707763672 1.7539644241333007812 1.6728646755218505859 1.7315856218338012695
0.65083956718444824219 0.82539457082748413086 0.89733201265335083008 0.88602715730667114258 0.67637580633163452148 0.67860656976699829102 0.67350852489471435547 0.61831361055374145508 0.52126902341842651367 0.46261328458786010742 0.4363670647144317627 0.59457659721374511719 0.5803025364875793457 0.59354215860366821289 0.42480009794235229492 0.21051080524921417236 0.007181798107922077179 -0.075509525835514068604 -0.019437888637185096741 0.052878405898809432983 0.23967421054840087891 0.49141710996627807617 0.69122803211212158203 1.0848199129104614258 1.3723130226135253906 1.5487415790557861328 1.658537745475769043 1.6321119070053100586 1.7611824274063110352 1.8199647665023803711 1.8566505908966064453 1.8589868545532226562 1.9550123214721679688 2.0493466854095458984 2.0505614280700683594 1.985497593879699707 1.7920798063278198242 1.6484966278076171875 1.6957552433013916016 1.6999433040618896484
0.47178152203559875488 0.7138430476188659668 0.77263480424880981445 0.79327398538589477539 0.69156777858734130859 0.66247004270553588867 0.71172833442687988281 0.64892548322677612305 0.57493901252746582031 0.48520782589912414551 0.45822963118553161621 0.53456777334213256836 0.71915745735168457031 0.66696596145629882812 0.51509493589401245117 0.37838983535766601562 0.20000475645065307617 0.055698126554489135742 0.009772691875696182251 0.078588806092739105225 0.19992755353450775146 0.57196688652038574219 0.64741766452789306641 0.9893436431884765625 1.1477204561233520508 1.3607630729675292969 1.5506864786148071289 1.6965345144271850586 1.8269665241241455078 1.9965238571166992188 1.8637590408325195312 1.8849335908889770508 1.9041677713394165039 1.9382196664810180664 1.9094965457916259766 1.7783352136611938477 1.5992827415466308594 1.6089794635772705078 1.6284481287002563477 1.6647375822067260742
0.43575993180274963379 0.6848666071891784668 0.78266072273254394531 0.81049734354019165039 0.72118431329727172852 0.6475009918212890625 0.69175803661346435547 0.68554842472076416016 0.66935288906097412109 0.55765479803085327148 0.54294687509536743164 0.56342065334320068359 0.63953375816345214844 0.62463283538818359375 0.49843764305114746094 0.36061081290245056152 0.28621113300323486328 0.21440204977989196777 0.073670975863933563232 0.042206827551126480103 0.20878645777702331543 0.5071131587028503418 0.60965490341186523438 1.0030071735382080078 1.1317039728164672852 1.3127647638320922852 1.4274817705154418945 1.7148360013961791992 1.9637000560760498047 2.1310849189758300781 2.0735480785369873047 2.0686945915222167969 2.0418617725372314453 1.8913058042526245117 1.8444988727569580078 1.6113718748092651367 1.5168347358703613281 1.5210592746734619141 1.6209906339645385742 1.5662200450897216797
0.38682463765144348145 0.66194272041320800781 0.73042118549346923828 0.81401813030242919922 0.68652510643005371094 0.61655813455581665039 0.61371314525604248047 0.61367565393447875977 0.65745347738265991211 0.61553996801376342773 0.67689645290374755859 0.66937434673309326172 0.65295445919036865234 0.59614098072052001953 0.51971274614334106445 0.4159692227840423584 0.32997125387191772461 0.23265805840492248535 0.21156220138072967529 0.0643823966383934021 0.25885498523712158203 0.25953975319862365723 0.42238029837608337402 0.84384256601333618164 1.1894054412841796875 1.2976384162902832031 1.4033880233764648438 1.4571857452392578125 1.5996443033218383789 1.7934578657150268555 1.819081425666809082 1.924831390380859375 1.8928219079971313477 1.8245873451232910156 1.7369109392166137695 1.5974324941635131836 1.4635032415390014648 1.3795115947723388672 1.5144455432891845703 1.5889290571212768555
0.24688197672367095947 0.47457781434059143066 0.71821314096450805664 0.8448944091796875 0.72869813442230224609 0.61471974849700927734 0.5239073634147644043 0.51953876018524169922 0.54097449779510498047 0.70669335126876831055 0.77705812454223632812 0.83437311649322509766 0.81393873691558837891 0.7263177037239074707 0.56471139192581176758 0.51703554391860961914 0.43221098184585571289 0.4023717343807220459 0.30762499570846557617 0.25032076239585876465 0.22815902531147003174 0.23998269438743591309 0.3254337310791015625 0.55493909120559692383 1.0585525035858154297 1.338726043701171875 1.3639502525329589844 1.435214996337890625 1.4071571826934814453 1.3468531370162963867 1.349076390266418457 1.4684967994689941406 1.5612176656723022461 1.5471918582916259766 1.486142277717590332 1.4902064800262451172 1.417723536491394043 1.3337726593017578125 1.2806953191757202148 1.411773681640625
0.10015868395566940308 0.46447142958641052246 0.66699081659317016602 0.86449486017227172852 0.93639123439788818359 0.8190301060676574707 0.57341706752777099609 0.4741255640983581543 0.57422566413879394531 0.79872435331344604492 0.88904672861099243164 0.86772257089614868164 0.89344048500061035156 0.88028025627136230469 0.6686770319938659668 0.60384720563888549805 0.56189173460006713867 0.55680292844772338867 0.36599436402320861816 0.38655304908752441406 0.242990836501121521 0.22110787034034729004 0.18684010207653045654 0.35121825337409973145 0.74450838565826416016 1.1832764148712158203 1.4136092662811279297 1.411391139030456543 1.3806804418563842773 1.2424410581588745117 1.0912587642669677734 0.96857875585556030273 1.0522229671478271484 1.0861828327178955078 1.1463357210159301758 1.2107192277908325195 1.2556339502334594727 1.190448760986328125 1.2171850204467773438 1.3167794942855834961
-0.018154120072722434998 0.27563458681106567383 0.58447158336639404297 0.7476208806037902832 0.94237047433853149414 0.92766594886779785156 0.77408498525619506836 0.54028159379959106445 0.61779636144638061523 0.74412578344345092773 0.98872870206832885742 0.98583567142486572266 0.9386526942253112793 0.94243609905242919922 0.71040225028991699219 0.57032549381256103516 0.57171881198883056641 0.53445446491241455078 0.4611644744873046875 0.30881801247596740723 0.27354913949966430664 0.26297622919082641602 0.21972580254077911377 0.28920751810073852539 0.58936983346939086914 0.88077855110168457031 1.1745827198028564453 1.3388237953186035156 1.2445948123931884766 1.1874818801879882812 1.0840269327163696289 0.80796629190444946289 0.76265120506286621094 0.80409729480743408203 0.8526897430419921875 0.88384824991226196289 1.092837214469909668 1.0401662588119506836 1.0373177528381347656 1.2054905891418457031
0.01681495271623134613 0.082653976976871490479 0.4433854520320892334 0.67515730857849121094 0.78490942716598510742 0.87911516427993774414 0.85869687795639038086 0.66112190485000610352 0.64721584320068359375 0.72681081295013427734 0.86887532472610473633 1.0050532817840576172 0.87619483470916748047 0.84127753973007202148 0.821125030517578125 0.57777667045593261719 0.54468518495559692383 0.51818245649337768555 0.52156627178192138672 0.35447701811790466309 0.24603007733821868896 0.16730293631553649902 0.2213764190673828125 0.2566414177417755127 0.40358367562294006348 0.63086563348770141602 0.92092210054397583008 1.2237277030944824219 1.2211098670959472656 1.0731823444366455078 0.98895823955535888672 0.84628182649612426758 0.70096445083618164062 0.8114764094352722168 0.77579516172409057617 0.76311290264129638672 0.84486794471740722656 0.86837559938430786133 0.89073139429092407227 0.97732132673263549805
0.091870591044425964355 0.10277835279703140259 0.35198861360549926758 0.51631128787994384766 0.6231390833854675293 0.74184113740921020508 0.73162639141082763672 0.79054969549179077148 0.71222800016403198242 0.8147735595703125 0.74527388811111450195 0.88061785697937011719 0.90201067924499511719 0.77775990962982177734 0.74495774507522583008 0.63004016876220703125 0.62267655134201049805 0.67313486337661743164 0.61181026697158813477 0.42624691128730773926 0.31828773021697998047 0.22478188574314117432 0.1361605525016784668 0.023009328171610832214 0.18056118488311767578 0.39146777987480163574 0.67882269620895385742 1.0002262592315673828 1.2590854167938232422 1.165742039680480957 0.95143407583236694336 0.86346191167831420898 0.72887092828750610352 0.83462601900100708008 0.72756016254425048828 0.74343883991241455078 0.7229798436164855957 0.68223524093627929688 0.84808969497680664062 0.83145201206207275391
0.067364670336246490479 0.017437683418393135071 0.18232603371143341064 0.28411442041397094727 0.32459726929664611816 0.49874040484428405762 0.60571259260177612305 0.69695502519607543945 0.76453584432601928711 0.91147327423095703125 0.91694748401641845703 0.87052935361862182617 0.93161553144454956055 0.78696739673614501953 0.72755372524261474609 0.59916949272155761719 0.56833177804946899414 0.69543272256851196289 0.66001725196838378906 0.65534102916717529297 0.55776774883270263672 0.41018179059028625488 0.228334769606590271 0.054933667182922363281 0.034761689603328704834 0.14825053513050079346 0.40628075599670410156 0.70145899057388305664 0.99098801612854003906 1.0794395208358764648 0.99607199430465698242 0.84327590465545654297 0.81125539541244506836 0.80141806602478027344 0.73161089420318603516 0.75904172658920288086 0.82225358486175537109 0.6589260101318359375 0.75280594825744628906 0.81388223171234130859
-0.13507497310638427734 -0.11153076589107513428 -0.092260427772998809814 0.03504459187388420105 0.15774890780448913574 0.27222391963005065918 0.4796256721019744873 0.53529769182205200195 0.74760228395462036133 0.9173253178596496582 1.0056161880493164062 0.93776971101760864258 1.011816859245300293 0.92848032712936401367 0.84852403402328491211 0.75384414196014404297 0.73882347345352172852 0.83192652463912963867 0.81629294157028198242 0.80047076940536499023 0.85100507736206054688 0.62640935182571411133 0.41052159667015075684 0.35629114508628845215 0.23203685879707336426 0.18388262391090393066 0.23499116301536560059 0.59980541467666625977 0.81110268831253051758 0.89654630422592163086 0.89055174589157104492 0.89512491226196289062 0.72715467214584350586 0.7219867706298828125 0.68896692991256713867 0.84515273571014404297 0.83282619714736938477 0.76664948463439941406 0.72890752553939819336 0.74565386772155761719
-0.14492079615592956543 -0.1525541841983795166 -0.082224905490875244141 -0.041923914104700088501 0.071143098175525665283 0.24199521541595458984 0.35823407769203186035 0.46609613299369812012 0.63164848089218139648 0.90520644187927246094 1.083102107048034668 0.99961262941360473633 0.94825422763824462891 0.95350879430770874023 0.87186151742935180664 0.84617829322814941406 1.0229182243347167969 1.0219705104827880859 1.0040967464447021484 0.98405385017395019531 0.89685595035552978516 0.68017637729644775391 0.58168143033981323242 0.56817698478698730469 0.50144106149673461914 0.34663689136505126953 0.25345322489738464355 0.46608442068099975586 0.68396991491317749023 0.92766493558883666992 0.91161149740219116211 0.94408094882965087891 0.7533995509147644043 0.58183169364929199219 0.51930212974548339844 0.63952404260635375977 0.78561758995056152344 0.81866830587387084961 0.73804932832717895508 0.72847968339920043945
0.12247269600629806519 -0.10397475212812423706 -0.09471581876277923584 -0.03840985521674156189 0.086754716932773590088 0.20145057141780853271 0.25211891531944274902 0.34326967597007751465 0.53197336196899414062 0.68936204910278320312 0.91574883460998535156 0.94036221504211425781 0.9360478520393371582 0.90059167146682739258 0.80137395858764648438 0.79337936639785766602 1.0223219394683837891 0.98129636049270629883 0.92590135335922241211 0.91176003217697143555 0.91813099384307861328 0.86911821365356445312 0.60507196187973022461 0.57426285743713378906 0.52262771129608154297 0.39688727259635925293 0.39562213420867919922 0.40314456820487976074 0.58530330657958984375 0.88805735111236572266 0.84059894084930419922 0.82081407308578491211 0.7645995020866394043 0.66917371749877929688 0.63459008932113647461 0.58194535970687866211 0.57840269804000854492 0.67649310827255249023 0.62876629829406738281 0.71742916107177734375
