samples/et/map_et_2017-02-28.asc
ncols        322
nrows        306
xllcorner    -53.726171018035
yllcorner    -28.476684338117
cellsize     0.000269494585
NODATA_value  -1
[rows 252 to 269 of 306, columns 0 to 39 of 322]
nan 4.3876590728759765625 4.3113489151000976562 4.04593658447265625 3.9321393966674804688 3.9241411685943603516 3.8609540462493896484 3.8796908855438232422 3.91168975830078125 4.1277055740356445312 4.5186562538146972656 4.8552122116088867188 4.9502100944519042969 4.8912229537963867188 4.7324948310852050781 4.5971283912658691406 4.4606413841247558594 4.4183206558227539062 4.3599195480346679688 4.3103909492492675781 4.3915119171142578125 4.348388671875 4.2633848190307617188 4.3383688926696777344 4.4356417655944824219 4.7022023200988769531 4.7689681053161621094 4.7998986244201660156 4.8520841598510742188 4.8882074356079101562 4.8971571922302246094 4.8881206512451171875 4.8025202751159667969 4.7719583511352539062 4.5766491889953613281 4.5322194099426269531 4.5728664398193359375 4.5798039436340332031 4.5037322044372558594 4.5039410591125488281
nan 4.3716807365417480469 4.3031625747680664062 4.1750345230102539062 3.9229276180267333984 3.8857698440551757812 3.8670105934143066406 3.7806413173675537109 3.7900564670562744141 3.9456422328948974609 4.5201411247253417969 4.9041185379028320312 5.0021262168884277344 4.8790144920349121094 4.6414651870727539062 4.4181509017944335938 4.4399690628051757812 4.4138507843017578125 4.40777587890625 4.4078240394592285156 4.3868889808654785156 4.3516287803649902344 4.3162617683410644531 4.3628473281860351562 4.5533590316772460938 4.7180261611938476562 4.7334942817687988281 4.7492084503173828125 4.8577027320861816406 4.92298126220703125 4.9376230239868164062 4.931468963623046875 4.8085565567016601562 4.7583899497985839844 4.6043910980224609375 4.4674582481384277344 4.5324378013610839844 4.5165476799011230469 4.4536523818969726562 4.4193348884582519531
nan 4.4420781135559082031 4.2569327354431152344 4.177036285400390625 4.0190863609313964844 3.8913440704345703125 3.8777649402618408203 3.8100192546844482422 3.8290333747863769531 3.9342465400695800781 4.4224009513854980469 4.8374152183532714844 4.8988213539123535156 4.7332201004028320312 4.48593902587890625 4.4167361259460449219 4.4546971321105957031 4.4254126548767089844 4.4158959388732910156 4.4108982086181640625 4.3865256309509277344 4.350078582763671875 4.3433856964111328125 4.4163308143615722656 4.655147552490234375 4.7480783462524414062 4.7461152076721191406 4.7933521270751953125 4.8990454673767089844 4.9776444435119628906 4.9480695724487304688 4.9460296630859375 4.866481781005859375 4.69256591796875 4.5793304443359375 4.5213251113891601562 4.4313187599182128906 4.4307236671447753906 4.4574184417724609375 4.3994464874267578125
nan 4.3768281936645507812 4.1975269317626953125 4.20592498779296875 4.0923471450805664062 3.9639005661010742188 3.861602783203125 3.9247231483459472656 3.9128510951995849609 4.0023083686828613281 4.4293699264526367188 4.7807583808898925781 4.7970490455627441406 4.5726628303527832031 4.3909883499145507812 4.4384999275207519531 4.4528737068176269531 4.4398508071899414062 4.4306578636169433594 4.4131383895874023438 4.3803658485412597656 4.354465484619140625 4.3802380561828613281 4.5217280387878417969 4.7199168205261230469 4.7741193771362304688 4.7808289527893066406 4.83060455322265625 4.9142260551452636719 4.9756217002868652344 4.9850511550903320312 5.000308990478515625 4.9744749069213867188 4.7895345687866210938 4.617279052734375 4.5144805908203125 4.5297732353210449219 4.3892617225646972656 4.3796153068542480469 4.4522342681884765625
nan 4.2647676467895507812 4.1139502525329589844 4.1551008224487304688 4.1754679679870605469 4.0675268173217773438 4.0250225067138671875 3.8759486675262451172 4.0202555656433105469 4.1571650505065917969 4.4134464263916015625 4.7345490455627441406 4.6684145927429199219 4.439983367919921875 4.3949627876281738281 4.4500446319580078125 4.4581561088562011719 4.4505915641784667969 4.4359602928161621094 4.4118356704711914062 4.379634857177734375 4.3870782852172851562 4.5031943321228027344 4.6950321197509765625 4.745609283447265625 4.7853341102600097656 4.80707550048828125 4.8570127487182617188 4.931095123291015625 4.9772162437438964844 4.9401674270629882812 5.0206584930419921875 4.9446687698364257812 4.8662886619567871094 4.7207469940185546875 4.6162819862365722656 4.5937042236328125 4.5767512321472167969 4.4615139961242675781 4.5092077255249023438
nan 4.2890625 4.0744614601135253906 4.0559492111206054688 4.1886105537414550781 4.0813479423522949219 4.0978169441223144531 4.0826673507690429688 3.998714447021484375 4.158191680908203125 4.5119767189025878906 4.6807241439819335938 4.508586883544921875 4.3658623695373535156 4.4119691848754882812 4.4390354156494140625 4.4496250152587890625 4.4433789253234863281 4.4294028282165527344 4.4026236534118652344 4.3946371078491210938 4.4928088188171386719 4.71550750732421875 4.73114013671875 4.7407884597778320312 4.8147249221801757812 4.8579468727111816406 4.8996038436889648438 4.9444303512573242188 4.9460806846618652344 4.8938508033752441406 4.8965716361999511719 4.8296251296997070312 4.8413333892822265625 4.8177123069763183594 4.77396392822265625 4.6366338729858398438 4.6415143013000488281 4.6301627159118652344 4.6731882095336914062
nan 4.3243923187255859375 4.1619462966918945312 4.0187039375305175781 4.0657410621643066406 4.0414752960205078125 4.0533051490783691406 4.1206231117248535156 4.0997190475463867188 4.1145181655883789062 4.493682861328125 4.6901006698608398438 4.519504547119140625 4.3220753669738769531 4.4352207183837890625 4.4407076835632324219 4.4461374282836914062 4.4379038810729980469 4.4223141670227050781 4.4022197723388671875 4.4593558311462402344 4.65674591064453125 4.8293857574462890625 4.7062020301818847656 4.7488131523132324219 4.8392548561096191406 4.9128050804138183594 4.9624357223510742188 4.9893817901611328125 4.96239471435546875 4.8916687965393066406 4.8485975265502929688 4.8304085731506347656 4.7731876373291015625 4.862667083740234375 4.8225560188293457031 4.7185158729553222656 4.5533580780029296875 4.6038060188293457031 4.6194295883178710938
nan 4.2625036239624023438 4.2065157890319824219 4.1165604591369628906 4.1360135078430175781 4.1012272834777832031 4.1141757965087890625 4.1305866241455078125 4.08753204345703125 4.0548768043518066406 4.3923768997192382812 4.6576323509216308594 4.5674605369567871094 4.3857483863830566406 4.4346165657043457031 4.4445281028747558594 4.4477658271789550781 4.4376416206359863281 4.4166011810302734375 4.4362063407897949219 4.5588521957397460938 4.7615098953247070312 4.8395624160766601562 4.7527556419372558594 4.8251094818115234375 4.8790941238403320312 4.9045038223266601562 4.9565701484680175781 5.0180993080139160156 5.0074567794799804688 4.9562535285949707031 4.8854069709777832031 4.672519683837890625 4.7345676422119140625 4.8237719535827636719 4.8239417076110839844 4.6815767288208007812 4.5090150833129882812 4.4328303337097167969 4.368778228759765625
nan 4.3355851173400878906 4.2371439933776855469 4.1027598381042480469 4.1571435928344726562 4.2008237838745117188 4.2008652687072753906 4.2387604713439941406 4.1417908668518066406 4.0881772041320800781 4.2443232536315917969 4.5869860649108886719 4.484493255615234375 4.395557403564453125 4.4432649612426757812 4.4560256004333496094 4.4540781974792480469 4.4509587287902832031 4.4371051788330078125 4.4602212905883789062 4.5934166908264160156 4.8175377845764160156 4.8622350692749023438 4.8417520523071289062 4.8409314155578613281 4.8617653846740722656 4.8802924156188964844 4.9348292350769042969 5.0096316337585449219 5.0197730064392089844 4.9954791069030761719 5.0267276763916015625 4.8040642738342285156 4.6830959320068359375 4.7121820449829101562 4.8233170509338378906 4.7826566696166992188 4.6509790420532226562 4.4791460037231445312 4.4289488792419433594
nan 4.3402271270751953125 4.2243094444274902344 4.1198372840881347656 4.1738314628601074219 4.2182178497314453125 4.251712799072265625 4.2427792549133300781 4.2245240211486816406 4.1709218025207519531 4.35938262939453125 4.5627818107604980469 4.5638985633850097656 4.3797473907470703125 4.4385976791381835938 4.4710021018981933594 4.4675312042236328125 4.4743900299072265625 4.4673933982849121094 4.4755344390869140625 4.6088652610778808594 4.9135012626647949219 4.8871617317199707031 4.8689579963684082031 4.8907713890075683594 4.8951053619384765625 4.9013919830322265625 4.9239292144775390625 4.9780192375183105469 5.01409149169921875 4.9869589805603027344 5.0413269996643066406 5.0125226974487304688 4.8442897796630859375 4.8167943954467773438 4.8280549049377441406 4.8509726524353027344 4.9511857032775878906 4.7971515655517578125 4.6684870719909667969
nan 4.301845550537109375 4.180385589599609375 4.1304388046264648438 4.1809096336364746094 4.2209639549255371094 4.2542510032653808594 4.2297720909118652344 4.2139935493469238281 4.21474456787109375 4.4217543601989746094 4.6664996147155761719 4.5874757766723632812 4.4871377944946289062 4.4593524932861328125 4.4489026069641113281 4.467254638671875 4.49127197265625 4.49340057373046875 4.4971413612365722656 4.6177868843078613281 4.9374394416809082031 4.8957180976867675781 4.8106589317321777344 4.8131132125854492188 4.9025526046752929688 4.9364519119262695312 4.963634490966796875 4.965579986572265625 5.0171084403991699219 5.008090972900390625 5.0098280906677246094 5.0038857460021972656 4.9402837753295898438 4.8651213645935058594 4.8740715980529785156 4.8454308509826660156 4.9429364204406738281 4.9611821174621582031 4.9067282676696777344
nan 4.4345245361328125 4.3111019134521484375 4.2150411605834960938 4.2200946807861328125 4.3119702339172363281 4.2518210411071777344 4.2762537002563476562 4.2098879814147949219 4.3683772087097167969 4.6084108352661132812 4.6890649795532226562 4.5021224021911621094 4.4458556175231933594 4.6289200782775878906 4.5268740653991699219 4.4783053398132324219 4.4868755340576171875 4.4975337982177734375 4.5427613258361816406 4.7148652076721191406 4.9194478988647460938 4.8801240921020507812 4.8276662826538085938 4.830677032470703125 4.9440331459045410156 4.979145050048828125 4.98351287841796875 4.9700140953063964844 4.9609723091125488281 4.97937774658203125 4.984767913818359375 4.9978656768798828125 4.9964842796325683594 4.8724803924560546875 4.8618822097778320312 4.9003190994262695312 4.934967041015625 4.91408538818359375 4.936069488525390625
nan 4.3212809562683105469 4.3459382057189941406 4.3622927665710449219 4.3049521446228027344 4.3864560127258300781 4.3717031478881835938 4.3495359420776367188 4.2143826484680175781 4.4242658615112304688 4.757823944091796875 4.8108239173889160156 4.5310559272766113281 4.4272017478942871094 4.5694837570190429688 4.7653379440307617188 4.5803422927856445312 4.4862256050109863281 4.4849567413330078125 4.5464425086975097656 4.74050140380859375 4.8945512771606445312 4.8793764114379882812 4.8318438529968261719 4.8831663131713867188 4.9534163475036621094 4.9616823196411132812 4.904819488525390625 4.9789257049560546875 4.9729285240173339844 4.9715433120727539062 4.9913210868835449219 5.0020732879638671875 4.9931244850158691406 4.8888711929321289062 4.769046783447265625 4.7654719352722167969 4.9104113578796386719 4.9423093795776367188 4.8070549964904785156
nan 4.2822055816650390625 4.1826343536376953125 4.2191767692565917969 4.2065210342407226562 4.2560029029846191406 4.3604736328125 4.3461079597473144531 4.3395752906799316406 4.5041747093200683594 4.803497314453125 4.8850727081298828125 4.727108001708984375 4.5832114219665527344 4.6055631637573242188 4.8722553253173828125 4.6490430831909179688 4.4797644615173339844 4.4795179367065429688 4.5018057823181152344 4.583927154541015625 4.9620800018310546875 4.8475327491760253906 4.7957100868225097656 4.8108997344970703125 4.856281280517578125 4.900791168212890625 4.9387340545654296875 4.960163116455078125 4.9756140708923339844 5.0095357894897460938 5.0198893547058105469 5.0099172592163085938 4.9877414703369140625 4.88433837890625 4.791965484619140625 4.7651014328002929688 4.720546722412109375 4.837493896484375 4.7639007568359375
nan 4.356998443603515625 4.2241425514221191406 4.0971117019653320312 4.0385522842407226562 4.0782866477966308594 4.2460331916809082031 4.3503937721252441406 4.3804140090942382812 4.6270313262939453125 4.7646746635437011719 4.8337922096252441406 4.8675489425659179688 4.7713990211486816406 4.7096319198608398438 4.6954288482666015625 4.5833220481872558594 4.4862942695617675781 4.4733419418334960938 4.4922432899475097656 4.5660653114318847656 4.9281020164489746094 4.8619341850280761719 4.8332614898681640625 4.82062530517578125 4.8206462860107421875 4.8805928230285644531 4.9685010910034179688 4.9509630203247070312 4.9606847763061523438 5.0404362678527832031 5.032955169677734375 5.0096292495727539062 4.9886646270751953125 4.9456334114074707031 4.83319854736328125 4.7095923423767089844 4.721492767333984375 4.7821760177612304688 4.7514867782592773438
nan 4.4167466163635253906 4.4016942977905273438 4.2524938583374023438 4.0995893478393554688 4.0147147178649902344 4.0737905502319335938 4.3170833587646484375 4.4638967514038085938 4.7224574089050292969 4.8198099136352539062 4.7589869499206542969 4.779407501220703125 4.6215066909790039062 4.493438720703125 4.4277920722961425781 4.4386091232299804688 4.47266387939453125 4.4766573905944824219 4.4807825088500976562 4.5880651473999023438 4.9080634117126464844 4.8973193168640136719 4.8492956161499023438 4.8464899063110351562 4.8651776313781738281 4.8966550827026367188 4.9419422149658203125 4.9590792655944824219 4.9415607452392578125 5.0019898414611816406 5.0548825263977050781 5.0353450775146484375 4.990428924560546875 4.9018645286560058594 4.8840632438659667969 4.8202958106994628906 4.6940250396728515625 4.7225065231323242188 4.6885428428649902344
nan 4.4037723541259765625 4.3954367637634277344 4.380107879638671875 4.247982025146484375 4.1763234138488769531 4.1515254974365234375 4.2452878952026367188 4.5473332405090332031 4.7935037612915039062 4.830371856689453125 4.753910064697265625 4.7290196418762207031 4.5291485786437988281 4.452388763427734375 4.4199442863464355469 4.4290227890014648438 4.4557638168334960938 4.4651851654052734375 4.4623923301696777344 4.5158014297485351562 4.933162689208984375 4.9270410537719726562 4.8255834579467773438 4.8149504661560058594 4.85575103759765625 4.8741593360900878906 4.8893618583679199219 4.98339080810546875 4.9621801376342773438 4.9887471199035644531 5.0527749061584472656 5.0280737876892089844 4.9815540313720703125 4.969173431396484375 4.9445819854736328125 4.9029831886291503906 4.794231414794921875 4.7864141464233398438 4.8535413742065429688
nan 4.3713579177856445312 4.37206268310546875 4.3732600212097167969 4.1963438987731933594 4.1793198585510253906 4.2533254623413085938 4.28093719482421875 4.4970402717590332031 4.7837738990783691406 4.7785968780517578125 4.678691864013671875 4.5242013931274414062 4.4462618827819824219 4.4247980117797851562 4.390102386474609375 4.3923935890197753906 4.4354901313781738281 4.4651622772216796875 4.4608469009399414062 4.4641933441162109375 4.8146038055419921875 4.921344757080078125 4.8451771736145019531 4.7539873123168945312 4.8369555473327636719 4.8165621757507324219 4.8699593544006347656 4.9545865058898925781 4.9683346748352050781 4.9773769378662109375 5.0169849395751953125 5.01140594482421875 4.9956316947937011719 4.9927835464477539062 4.9192948341369628906 4.9229054450988769531 4.9336261749267578125 4.8168187141418457031 4.9253778457641601562
