samples/et/map_et_2017-07-22.asc
ncols        322
nrows        306
xllcorner    -53.726171018035
yllcorner    -28.476684338117
cellsize     0.000269494585
NODATA_value  -1
[rows 90 to 107 of 306, columns 160 to 199 of 322]
1.929278254508972168 2.0828061103820800781 2.1550714969635009766 2.2013728618621826172 2.1519818305969238281 2.1153540611267089844 2.2509927749633789062 2.1634435653686523438 1.8970915079116821289 1.6734874248504638672 1.4954332113265991211 1.3463435173034667969 1.2905565500259399414 1.2177702188491821289 1.1957749128341674805 1.2265307903289794922 1.2738741636276245117 1.4462629556655883789 1.60186767578125 1.6570764780044555664 1.5324808359146118164 1.6129963397979736328 1.854765772819519043 1.9376478195190429688 1.9946709871292114258 1.9965208768844604492 1.9315354824066162109 1.6608531475067138672 1.4244039058685302734 1.2149313688278198242 1.0767450332641601562 1.1044344902038574219 1.2781924009323120117 1.4539939165115356445 1.4688771963119506836 1.4907674789428710938 1.5930601358413696289 1.540180206298828125 1.5337330102920532227 1.6383484601974487305
1.8710885047912597656 2.0423936843872070312 2.1243605613708496094 2.2177972793579101562 2.2377910614013671875 2.2414612770080566406 2.1782655715942382812 2.1315424442291259766 2.015270233154296875 1.8542902469635009766 1.6139975786209106445 1.4219261407852172852 1.3491837978363037109 1.3242986202239990234 1.2588280439376831055 1.2241945266723632812 1.2587000131607055664 1.2545514106750488281 1.2331235408782958984 1.351868748664855957 1.3771176338195800781 1.4754807949066162109 1.6108947992324829102 1.8003576993942260742 1.8955333232879638672 1.959725499153137207 1.9663001298904418945 1.7559533119201660156 1.5470997095108032227 1.3960924148559570312 1.0549541711807250977 1.0541889667510986328 1.2320880889892578125 1.4710392951965332031 1.5053070783615112305 1.5768477916717529297 1.6820889711380004883 1.6714478731155395508 1.622600555419921875 1.6616653203964233398
1.7897795438766479492 1.9009310007095336914 2.1083660125732421875 2.2588047981262207031 2.3568990230560302734 2.3371250629425048828 2.1726670265197753906 2.0718090534210205078 2.0451703071594238281 1.9476250410079956055 1.7931207418441772461 1.5768296718597412109 1.4948128461837768555 1.5176665782928466797 1.5397217273712158203 1.3806771039962768555 1.331021428108215332 1.306781768798828125 1.1938586235046386719 1.2512243986129760742 1.2831915616989135742 1.3901442289352416992 1.460141301155090332 1.5983000993728637695 1.800502777099609375 1.9325510263442993164 1.9493837356567382812 1.9192587137222290039 1.8343791961669921875 1.69307708740234375 1.486670374870300293 1.3165824413299560547 1.34607696533203125 1.5778493881225585938 1.5186034440994262695 1.6518965959548950195 1.6420789957046508789 1.7501995563507080078 1.7504467964172363281 1.9141134023666381836
1.5691919326782226562 1.6552180051803588867 1.8293185234069824219 1.9857515096664428711 2.2999904155731201172 2.3758862018585205078 2.3309926986694335938 2.1536400318145751953 2.1439182758331298828 2.0592710971832275391 1.9138255119323730469 1.7628060579299926758 1.6515696048736572266 1.6391013860702514648 1.7001682519912719727 1.5097440481185913086 1.4060043096542358398 1.3910614252090454102 1.3981903791427612305 1.362751007080078125 1.3338541984558105469 1.4463090896606445312 1.4769417047500610352 1.4784854650497436523 1.6995142698287963867 1.8892992734909057617 2.0385959148406982422 2.0259177684783935547 1.9748582839965820312 1.932271122932434082 1.8095365762710571289 1.6286864280700683594 1.6002957820892333984 1.7062890529632568359 1.7276993989944458008 1.6785387992858886719 1.6012699604034423828 1.6310217380523681641 1.7423416376113891602 1.877676844596862793
1.6229691505432128906 1.5085822343826293945 1.4557185173034667969 1.5996187925338745117 1.961094975471496582 2.3225960731506347656 2.4985167980194091797 2.3680474758148193359 2.31475830078125 2.1638751029968261719 1.9923337697982788086 1.851961970329284668 1.8141981363296508789 1.6308343410491943359 1.777752995491027832 1.5951333045959472656 1.515399932861328125 1.5627050399780273438 1.5241457223892211914 1.4362819194793701172 1.4885452985763549805 1.5459027290344238281 1.5513695478439331055 1.5154784917831420898 1.570220947265625 1.7244664430618286133 1.9739639759063720703 2.056346893310546875 2.1654214859008789062 2.1951227188110351562 2.0628035068511962891 1.8100900650024414062 1.7233866453170776367 1.823239445686340332 1.8884569406509399414 1.8743052482604980469 1.7211096286773681641 1.7066413164138793945 1.7244055271148681641 1.8650026321411132812
1.8516054153442382812 1.6799085140228271484 1.5096632242202758789 1.3999346494674682617 1.5907435417175292969 1.9333722591400146484 2.2581021785736083984 2.3751468658447265625 2.3099727630615234375 2.3399102687835693359 2.1598343849182128906 1.9651410579681396484 1.8235824108123779297 1.7240411043167114258 1.6965547800064086914 1.7170212268829345703 1.532306671142578125 1.5969870090484619141 1.5858397483825683594 1.4791016578674316406 1.5299798250198364258 1.6238889694213867188 1.6837518215179443359 1.671389460563659668 1.6319926977157592773 1.7325329780578613281 1.834473729133605957 1.981943964958190918 2.1333475112915039062 2.3664753437042236328 2.2130134105682373047 1.9723683595657348633 1.8244340419769287109 1.8040783405303955078 1.7488898038864135742 1.8140162229537963867 1.7684671878814697266 1.7213628292083740234 1.8164489269256591797 1.8656579256057739258
1.7277578115463256836 1.8530240058898925781 1.7877111434936523438 1.5533829927444458008 1.4967778921127319336 1.695658564567565918 1.9572527408599853516 2.1905148029327392578 2.2924621105194091797 2.4480924606323242188 2.3437855243682861328 2.2297618389129638672 1.9207513332366943359 1.9068305492401123047 1.8124279975891113281 1.8372178077697753906 1.6245915889739990234 1.6111376285552978516 1.7170150279998779297 1.7024819850921630859 1.6377820968627929688 1.6730936765670776367 1.6999824047088623047 1.7244223356246948242 1.6997717618942260742 1.7173141241073608398 1.7847880125045776367 1.8281801939010620117 1.8891651630401611328 2.0793976783752441406 2.1810116767883300781 1.9606138467788696289 1.859135746955871582 1.8627778291702270508 1.8398891687393188477 1.8146833181381225586 1.8027983903884887695 1.6798142194747924805 1.7422307729721069336 1.7705380916595458984
1.6536748409271240234 1.9586811065673828125 1.976511836051940918 1.9212582111358642578 1.8665717840194702148 1.916264653205871582 1.9925111532211303711 2.1380922794342041016 2.3132452964782714844 2.4148907661437988281 2.4417445659637451172 2.3906705379486083984 2.1495175361633300781 2.0848789215087890625 1.9691445827484130859 1.9177253246307373047 1.7747668027877807617 1.6635450124740600586 1.7407094240188598633 1.7950481176376342773 1.7472203969955444336 1.7931319475173950195 1.7542085647583007812 1.7161667346954345703 1.7310999631881713867 1.675246119499206543 1.8156375885009765625 1.7757233381271362305 1.8076078891754150391 1.7898589372634887695 1.9627603292465209961 1.9858030080795288086 1.9120680093765258789 1.8657429218292236328 1.9041210412979125977 1.8405498266220092773 1.8186042308807373047 1.670703887939453125 1.5689015388488769531 1.539517521858215332
1.7740749120712280273 2.0431234836578369141 2.1417987346649169922 2.056591033935546875 2.0401082038879394531 2.0914337635040283203 2.0496726036071777344 2.1209979057312011719 2.2860827445983886719 2.3546087741851806641 2.3858652114868164062 2.3704483509063720703 2.2937171459197998047 2.1150457859039306641 2.0345969200134277344 2.0016727447509765625 1.8350207805633544922 1.7572215795516967773 1.7092307806015014648 1.6824430227279663086 1.6133934259414672852 1.6611266136169433594 1.8061829805374145508 1.7167931795120239258 1.7139858007431030273 1.7634793519973754883 1.8873122930526733398 1.8998700380325317383 1.8219869136810302734 1.8366163969039916992 1.9038743972778320312 1.9395390748977661133 1.86978912353515625 1.8769391775131225586 1.807906031608581543 1.7910428047180175781 1.7432351112365722656 1.5622365474700927734 1.4732964038848876953 1.3938840627670288086
1.9436728954315185547 2.228969573974609375 2.3804221153259277344 2.2299129962921142578 2.019992828369140625 2.1226680278778076172 2.0593514442443847656 2.0084164142608642578 2.1573178768157958984 2.2435038089752197266 2.2416889667510986328 2.1950249671936035156 2.2240092754364013672 2.1089348793029785156 2.1158895492553710938 2.1404755115509033203 1.9858154058456420898 1.8048424720764160156 1.7764800786972045898 1.6160979270935058594 1.6101852655410766602 1.601427912712097168 1.6743067502975463867 1.7437994480133056641 1.716498255729675293 1.7637902498245239258 1.8024598360061645508 1.7863006591796875 1.7763360738754272461 1.805373072624206543 1.7856893539428710938 1.9252517223358154297 1.8376060724258422852 1.8950001001358032227 1.8416386842727661133 1.9001095294952392578 1.6948488950729370117 1.6025300025939941406 1.3966464996337890625 1.3824471235275268555
1.9608366489410400391 2.1545586585998535156 2.2618629932403564453 2.2054953575134277344 1.9865132570266723633 2.1063525676727294922 2.2341163158416748047 2.0062372684478759766 2.2012224197387695312 2.3480980396270751953 2.3267798423767089844 2.2906537055969238281 2.2032787799835205078 2.0768196582794189453 2.1536021232604980469 2.1983625888824462891 2.2282490730285644531 2.0406320095062255859 1.9094625711441040039 1.8429187536239624023 1.7623736858367919922 1.7477636337280273438 1.7093392610549926758 1.7440433502197265625 1.7065770626068115234 1.7758970260620117188 1.8162666559219360352 1.7484253644943237305 1.6291000843048095703 1.6777211427688598633 1.6775095462799072266 1.7257546186447143555 1.8127040863037109375 1.785860896110534668 1.7105414867401123047 1.7195379734039306641 1.5275741815567016602 1.5726934671401977539 1.4095587730407714844 1.2364424467086791992
1.829256892204284668 1.912807464599609375 2.0061273574829101562 2.0967857837677001953 2.1056058406829833984 2.0997369289398193359 2.2875738143920898438 2.0279357433319091797 2.1439847946166992188 2.4429595470428466797 2.5971646308898925781 2.5849151611328125 2.4685759544372558594 2.2234599590301513672 2.1898596286773681641 2.3823170661926269531 2.4605612754821777344 2.3862955570220947266 2.2493016719818115234 2.1725599765777587891 2.0945858955383300781 1.9643282890319824219 1.8538004159927368164 1.7021530866622924805 1.6798925399780273438 1.7154462337493896484 1.782338261604309082 1.8268479108810424805 1.7195490598678588867 1.6604712009429931641 1.6409316062927246094 1.5209412574768066406 1.441685795783996582 1.3739657402038574219 1.3440256118774414062 1.3528388738632202148 1.3520369529724121094 1.3382823467254638672 1.4195382595062255859 1.3691421747207641602
1.7775856256484985352 1.8088405132293701172 1.9072921276092529297 2.0371096134185791016 2.1123154163360595703 2.2534365653991699219 2.2825763225555419922 2.0511963367462158203 1.8829151391983032227 2.0100264549255371094 2.3574881553649902344 2.5466585159301757812 2.6424698829650878906 2.4570975303649902344 2.239986419677734375 2.3335127830505371094 2.4056270122528076172 2.4831137657165527344 2.4558043479919433594 2.2906060218811035156 2.2019634246826171875 2.1098182201385498047 1.9956681728363037109 1.7849297523498535156 1.6806790828704833984 1.6857161521911621094 1.6198079586029052734 1.5268498659133911133 1.5116369724273681641 1.4157127141952514648 1.3122675418853759766 1.2367918491363525391 1.0664101839065551758 1.0277227163314819336 1.105393528938293457 1.1227984428405761719 1.2149879932403564453 1.1990016698837280273 1.2181221246719360352 1.2880724668502807617
1.7597832679748535156 1.7391906976699829102 1.7473233938217163086 1.8771359920501708984 1.9706629514694213867 2.0603058338165283203 2.2930104732513427734 2.0855486392974853516 1.8298915624618530273 1.7466331720352172852 1.8673058748245239258 2.1115052700042724609 2.3046565055847167969 2.3447284698486328125 2.2476289272308349609 2.0467743873596191406 1.9450174570083618164 1.9417306184768676758 1.9869217872619628906 1.8734109401702880859 1.797217249870300293 1.9129030704498291016 1.9021639823913574219 1.870777130126953125 1.7065558433532714844 1.5758701562881469727 1.4151329994201660156 1.3006111383438110352 1.335847020149230957 1.1974594593048095703 1.1364684104919433594 1.0114907026290893555 0.86617541313171386719 0.77308195829391479492 0.75418585538864135742 0.91037338972091674805 1.0522500276565551758 1.0411767959594726562 1.0835785865783691406 1.1515845060348510742
1.8201718330383300781 1.6088601350784301758 1.5905784368515014648 1.6544586420059204102 1.8517887592315673828 1.8972045183181762695 2.2094209194183349609 2.1867115497589111328 1.9421856403350830078 1.8185408115386962891 1.7262297868728637695 1.7815368175506591797 1.8553613424301147461 1.9533414840698242188 1.9590688943862915039 1.7745182514190673828 1.6499694585800170898 1.5294617414474487305 1.5773078203201293945 1.5142447948455810547 1.4567494392395019531 1.4782584905624389648 1.7193952798843383789 1.8508189916610717773 1.7775725126266479492 1.6084644794464111328 1.5414508581161499023 1.3662340641021728516 1.4448719024658203125 1.3246120214462280273 1.1927664279937744141 0.98903304338455200195 0.88400912284851074219 0.68504428863525390625 0.63321363925933837891 0.63654637336730957031 0.71919226646423339844 0.85484552383422851562 0.92613673210144042969 0.96961349248886108398
1.9017423391342163086 1.5934298038482666016 1.499581456184387207 1.56668853759765625 1.7800868749618530273 1.9611088037490844727 1.9557839632034301758 2.1846983432769775391 2.1073610782623291016 2.0200932025909423828 1.8699576854705810547 1.754372715950012207 1.7549265623092651367 1.6840232610702514648 1.6492934226989746094 1.716965794563293457 1.7388445138931274414 1.7385050058364868164 1.72308349609375 1.7824882268905639648 1.6737070083618164062 1.5499999523162841797 1.6028735637664794922 1.8815571069717407227 1.8993383646011352539 1.8176757097244262695 1.7324090003967285156 1.652233123779296875 1.6490244865417480469 1.6401084661483764648 1.5508739948272705078 1.3128840923309326172 1.106850743293762207 0.94240510463714599609 0.85903227329254150391 0.69413781166076660156 0.64053434133529663086 0.64741194248199462891 0.70641869306564331055 0.89557850360870361328
1.885123133659362793 1.762391209602355957 1.5823152065277099609 1.5650184154510498047 1.7331991195678710938 1.9098943471908569336 1.9227517843246459961 1.9619470834732055664 2.0275421142578125 2.1250164508819580078 2.0908818244934082031 1.9925459623336791992 1.9363768100738525391 1.9099123477935791016 1.7441720962524414062 1.7543635368347167969 1.8615335226058959961 1.8437408208847045898 1.8856447935104370117 1.8787238597869873047 1.8697952032089233398 1.7279714345932006836 1.7119157314300537109 1.8691709041595458984 2.0624954700469970703 2.1384651660919189453 1.9517766237258911133 1.8210648298263549805 1.8625552654266357422 1.8269933462142944336 1.7526686191558837891 1.6922914981842041016 1.4523398876190185547 1.2437312602996826172 1.1563699245452880859 0.96053534746170043945 0.8793392181396484375 0.71737825870513916016 0.63807290792465209961 0.56227821111679077148
1.8631038665771484375 1.8057600259780883789 1.6396360397338867188 1.6100747585296630859 1.6772754192352294922 1.7872489690780639648 1.9343410730361938477 1.9337939023971557617 1.9493677616119384766 2.0267055034637451172 2.0907835960388183594 2.0492877960205078125 2.0188622474670410156 1.9395335912704467773 1.7742879390716552734 1.7650666236877441406 1.8732515573501586914 1.7218514680862426758 1.7227305173873901367 1.7314243316650390625 1.7737497091293334961 1.6474201679229736328 1.6326541900634765625 1.7142555713653564453 1.9737313985824584961 2.1433043479919433594 2.0393550395965576172 1.9750385284423828125 2.0115528106689453125 2.0236878395080566406 1.949947357177734375 1.8453506231307983398 1.5847997665405273438 1.382821202278137207 1.2742086648941040039 1.0901329517364501953 1.0018171072006225586 0.76616227626800537109 0.64664119482040405273 0.55194228887557983398
