samples/et/map_et_2017-07-06.asc
ncols        322
nrows        306
xllcorner    -53.726171018035
yllcorner    -28.476684338117
cellsize     0.000269494585
NODATA_value  -1
[rows 198 to 215 of 306, columns 120 to 159 of 322]
0.26765769720077514648 0.36204373836517333984 0.3002650141716003418 0.3163076937198638916 0.21089307963848114014 0.056334115564823150635 0.038034275174140930176 0.049453023821115493774 0.057969257235527038574 -0.042134761810302734375 -0.050020605325698852539 -0.019702030345797538757 -0.10608135908842086792 -0.084323115646839141846 0.028587386012077331543 0.19117453694343566895 0.26536276936531066895 0.3723055720329284668 0.65208983421325683594 0.81897521018981933594 0.78909146785736083984 0.74941897392272949219 1.0307003259658813477 1.0300118923187255859 0.8937008976936340332 0.96043318510055541992 0.9239514470100402832 0.88302373886108398438 0.87490636110305786133 0.83782410621643066406 0.77992689609527587891 0.65489053726196289062 0.61464232206344604492 0.4994163215160369873 0.45852780342102050781 0.42468148469924926758 0.47920492291450500488 0.47530296444892883301 0.40021950006484985352 0.33455780148506164551
0.30281391739845275879 0.19620390236377716064 0.30894368886947631836 0.29628002643585205078 0.2943337857723236084 0.23333680629730224609 0.060158323496580123901 0.069881193339824676514 0.1746679842472076416 0.19853374361991882324 0.15888869762420654297 0.17567312717437744141 0.081092156469821929932 -0.075866378843784332275 -0.036122027784585952759 0.04224950447678565979 0.1276019662618637085 0.42974528670310974121 0.62270665168762207031 0.81238371133804321289 0.82318150997161865234 0.66195595264434814453 0.80401116609573364258 0.93495887517929077148 0.85346120595932006836 0.90029942989349365234 0.89874386787414550781 0.87884134054183959961 0.87115395069122314453 0.91266691684722900391 0.8553326725959777832 0.79440325498580932617 0.64092278480529785156 0.5395247340202331543 0.49778133630752563477 0.26993662118911743164 0.34473830461502075195 0.37544089555740356445 0.39802074432373046875 0.36064949631690979004
0.59913271665573120117 0.32317265868186950684 0.24697574973106384277 0.43502435088157653809 0.43093660473823547363 0.38278219103813171387 0.25894871354103088379 0.25870713591575622559 0.13856649398803710938 0.2606627345085144043 0.20669274032115936279 0.12488853186368942261 0.12418748438358306885 0.14123673737049102783 0.17951664328575134277 0.15292301774024963379 0.23311628401279449463 0.55057466030120849609 0.6909382939338684082 0.60690999031066894531 0.65099394321441650391 0.58166086673736572266 0.68854093551635742188 0.7886855006217956543 0.85642737150192260742 0.86039835214614868164 0.76083379983901977539 0.70146399736404418945 0.76174223423004150391 0.81210744380950927734 0.76332366466522216797 0.75512355566024780273 0.63989394903182983398 0.57588040828704833984 0.5252354741096496582 0.37995287775993347168 0.28590878844261169434 0.32492369413375854492 0.46148645877838134766 0.5285860896110534668
0.91012251377105712891 0.77363932132720947266 0.55391705036163330078 0.59621131420135498047 0.69016551971435546875 0.67447876930236816406 0.49819895625114440918 0.49242460727691650391 0.29776728153228759766 0.39250749349594116211 0.26503005623817443848 0.15554110705852508545 0.21349769830703735352 0.1712207496166229248 0.15410077571868896484 0.20762169361114501953 0.36997139453887939453 0.4577617943286895752 0.56914657354354858398 0.65659928321838378906 0.53237551450729370117 0.55104196071624755859 0.58720564842224121094 0.67640352249145507812 0.69850832223892211914 0.80524003505706787109 0.81350439786911010742 0.71395099163055419922 0.58952438831329345703 0.64285892248153686523 0.61701637506484985352 0.66355037689208984375 0.58990454673767089844 0.4422594606876373291 0.39288628101348876953 0.37892773747444152832 0.2900753021240234375 0.36280536651611328125 0.58201515674591064453 0.78300195932388305664
1.0774624347686767578 1.0446206331253051758 0.84498941898345947266 0.80613428354263305664 0.80175197124481201172 0.78769326210021972656 0.64847034215927124023 0.60357528924942016602 0.54015552997589111328 0.57715696096420288086 0.56000298261642456055 0.39620512723922729492 0.36426210403442382812 0.20125316083431243896 0.123700752854347229 0.28437462449073791504 0.38631963729858398438 0.43721121549606323242 0.44272291660308837891 0.63876324892044067383 0.70598775148391723633 0.7034829258918762207 0.67686247825622558594 0.68149012327194213867 0.58145964145660400391 0.58406716585159301758 0.7310759425163269043 0.66686677932739257812 0.61971515417098999023 0.61698228120803833008 0.6661834716796875 0.67391484975814819336 0.67049276828765869141 0.61612606048583984375 0.3893483281135559082 0.24403050541877746582 0.15487460792064666748 0.24402476847171783447 0.37407895922660827637 0.59725910425186157227
1.1432232856750488281 1.1532299518585205078 1.0336830615997314453 0.94457852840423583984 0.86822235584259033203 0.72916966676712036133 0.68555915355682373047 0.63364523649215698242 0.61376619338989257812 0.56689125299453735352 0.59536820650100708008 0.49053519964218139648 0.27460345625877380371 0.22946375608444213867 0.25432327389717102051 0.25305888056755065918 0.33120641112327575684 0.51182472705841064453 0.49700701236724853516 0.57443815469741821289 0.57953208684921264648 0.63478654623031616211 0.6480617523193359375 0.66306835412979125977 0.61088275909423828125 0.52103632688522338867 0.59963333606719970703 0.6351038813591003418 0.47697538137435913086 0.57165074348449707031 0.74658745527267456055 0.84680581092834472656 0.79204916954040527344 0.73209095001220703125 0.65779757499694824219 0.44283521175384521484 0.25264811515808105469 0.13565048575401306152 0.13325016200542449951 0.13722814619541168213
1.3129153251647949219 1.20413970947265625 1.2572810649871826172 1.19115447998046875 1.0589674711227416992 0.86760604381561279297 0.75380611419677734375 0.69981849193572998047 0.65865665674209594727 0.53504961729049682617 0.46626055240631103516 0.5329316258430480957 0.19875478744506835938 0.24321818351745605469 0.24830779433250427246 0.27443945407867431641 0.27164849638938903809 0.44890379905700683594 0.57590788602828979492 0.52810871601104736328 0.45141312479972839355 0.34788504242897033691 0.3256390690803527832 0.34894835948944091797 0.51318240165710449219 0.49800792336463928223 0.49394989013671875 0.62311857938766479492 0.53478318452835083008 0.47095978260040283203 0.61907792091369628906 0.73489916324615478516 0.79335409402847290039 0.74393576383590698242 0.67548173666000366211 0.56256330013275146484 0.41955825686454772949 0.29764005541801452637 0.099080517888069152832 0.072454884648323059082
1.4560689926147460938 1.3913602828979492188 1.3514350652694702148 1.3084590435028076172 1.2394231557846069336 1.0871425867080688477 0.92438519001007080078 0.86383849382400512695 0.63392210006713867188 0.49513205885887145996 0.42698299884796142578 0.5141289830207824707 0.5113048553466796875 0.27471691370010375977 0.2735691070556640625 0.22567088901996612549 0.17398598790168762207 0.31570696830749511719 0.51139962673187255859 0.54278081655502319336 0.53696358203887939453 0.37886074185371398926 0.31820115447044372559 0.31511923670768737793 0.37936267256736755371 0.55211794376373291016 0.54801869392395019531 0.62629646062850952148 0.71687501668930053711 0.60235846042633056641 0.57236760854721069336 0.66173452138900756836 0.73163270950317382812 0.67143112421035766602 0.63977652788162231445 0.52180975675582885742 0.43214085698127746582 0.43278977274894714355 0.23873299360275268555 0.086601912975311279297
1.5631920099258422852 1.3967424631118774414 1.3923975229263305664 1.4025064706802368164 1.3231409788131713867 1.1704427003860473633 1.0879509449005126953 0.99863934516906738281 0.79016858339309692383 0.61084961891174316406 0.56532847881317138672 0.49029576778411865234 0.62907999753952026367 0.3582916557788848877 0.3760274052619934082 0.35098385810852050781 0.29764968156814575195 0.42847800254821777344 0.53602939844131469727 0.58801591396331787109 0.59422314167022705078 0.58395820856094360352 0.58175718784332275391 0.57790774106979370117 0.50312328338623046875 0.62225812673568725586 0.71202772855758666992 0.81855636835098266602 0.81938081979751586914 0.80455768108367919922 0.70475280284881591797 0.81137216091156005859 0.79875111579895019531 0.75079733133316040039 0.64880269765853881836 0.43103399872779846191 0.28727456927299499512 0.15433196723461151123 0.27434977889060974121 0.17512124776840209961
1.6885430812835693359 1.4124840497970581055 1.3459134101867675781 1.3990256786346435547 1.4150291681289672852 1.3014560937881469727 1.1699807643890380859 1.1156233549118041992 0.92962098121643066406 0.84715330600738525391 0.72047823667526245117 0.71671175956726074219 0.47198608517646789551 0.38015592098236083984 0.29432862997055053711 0.44050636887550354004 0.33891227841377258301 0.43554148077964782715 0.67668956518173217773 0.73268187046051025391 0.76553708314895629883 0.69784724712371826172 0.74803972244262695312 0.7206179499626159668 0.68459117412567138672 0.68394935131072998047 0.70301270484924316406 0.8693040013313293457 0.88684362173080444336 0.81704467535018920898 0.7375742793083190918 0.72276216745376586914 0.81085431575775146484 0.72914999723434448242 0.49589216709136962891 0.15038599073886871338 0.14377477765083312988 -0.087755486369132995605 0.017150171101093292236 0.40058615803718566895
1.7510662078857421875 1.4467775821685791016 1.3791655302047729492 1.4294885396957397461 1.4453961849212646484 1.3342368602752685547 1.204031825065612793 1.1502820253372192383 1.0117909908294677734 0.94297391176223754883 0.7863788604736328125 0.78071945905685424805 0.52657526731491088867 0.4688682854175567627 0.33636677265167236328 0.48328876495361328125 0.41830149292945861816 0.51858896017074584961 0.82607352733612060547 0.89135175943374633789 0.87522226572036743164 0.79290241003036499023 0.87371617555618286133 0.81316661834716796875 0.78785938024520874023 0.75772565603256225586 0.77343440055847167969 0.89233785867691040039 0.87380605936050415039 0.84027975797653198242 0.7429669499397277832 0.73244482278823852539 0.73841899633407592773 0.53583955764770507812 0.30612725019454956055 0.053955610841512680054 0.052206747233867645264 -0.087533496320247650146 0.019474271684885025024 0.41863414645195007324
1.7486439943313598633 1.6671408414840698242 1.5269588232040405273 1.4822658300399780273 1.5739357471466064453 1.5399850606918334961 1.3683857917785644531 1.322444915771484375 1.2382795810699462891 1.0758997201919555664 0.92860198020935058594 0.75736600160598754883 0.71614241600036621094 0.58865278959274291992 0.51468873023986816406 0.50765424966812133789 0.50724530220031738281 0.58908331394195556641 0.9208164215087890625 1.1714595556259155273 1.1681445837020874023 1.1608887910842895508 0.99272924661636352539 0.93592780828475952148 0.87742131948471069336 0.8583247065544128418 0.75852000713348388672 0.70104098320007324219 0.73481655120849609375 0.6572539210319519043 0.6740214228630065918 0.58380454778671264648 0.35076934099197387695 0.35937300324440002441 0.14187295734882354736 0.1175363585352897644 -0.027270376682281494141 -0.086295716464519500732 0.038079764693975448608 0.23028111457824707031
1.5929981470108032227 1.7207310199737548828 1.6678285598754882812 1.5574396848678588867 1.5164976119995117188 1.5854527950286865234 1.5048917531967163086 1.4697629213333129883 1.4743733406066894531 1.2452573776245117188 1.159043431282043457 0.87353765964508056641 0.84970200061798095703 0.85201424360275268555 0.79185307025909423828 0.65950793027877807617 0.63137716054916381836 0.73382580280303955078 0.81603282690048217773 1.340910792350769043 1.4030760526657104492 1.2200783491134643555 1.1048111915588378906 1.0365155935287475586 0.96923673152923583984 0.87340199947357177734 0.67028844356536865234 0.57377231121063232422 0.4628124535083770752 0.4271869659423828125 0.39995300769805908203 0.33618327975273132324 0.18311452865600585938 0.14209532737731933594 0.10438738763332366943 0.15929830074310302734 0.17059288918972015381 0.22416105866432189941 0.24391950666904449463 0.14164923131465911865
1.6626867055892944336 1.5702457427978515625 1.689149022102355957 1.6144987344741821289 1.4335623979568481445 1.418648838996887207 1.5080711841583251953 1.5026736259460449219 1.4273929595947265625 1.5046665668487548828 1.3816370964050292969 1.3319454193115234375 1.0672678947448730469 1.020758509635925293 0.99346071481704711914 0.90041679143905639648 0.8022003173828125 0.83527421951293945312 0.90871196985244750977 1.2452315092086791992 1.4669299125671386719 1.195046544075012207 1.0111788511276245117 1.0166883468627929688 0.85281711816787719727 0.73839664459228515625 0.56651973724365234375 0.48189121484756469727 0.39285930991172790527 0.22600348293781280518 0.2370243072509765625 0.11712002009153366089 0.070401430130004882812 -0.061127327382564544678 -0.073991261422634124756 0.13283374905586242676 0.25011831521987915039 0.44407436251640319824 0.46856749057769775391 0.32422456145286560059
1.8134750127792358398 1.7450989484786987305 1.7087744474411010742 1.6685624122619628906 1.5840755701065063477 1.4338991641998291016 1.5498435497283935547 1.5117387771606445312 1.4545655250549316406 1.5045832395553588867 1.5678781270980834961 1.6027907133102416992 1.4197881221771240234 1.3145595788955688477 1.2176519632339477539 1.2041742801666259766 1.0825737714767456055 1.0870041847229003906 1.0662955045700073242 1.2567601203918457031 1.2100546360015869141 0.97199517488479614258 0.67915040254592895508 0.50720065832138061523 0.39571815729141235352 0.39456778764724731445 0.51696646213531494141 0.36381998658180236816 0.33695596456527709961 0.25358688831329345703 0.10949067026376724243 0.081457190215587615967 0.03652193024754524231 -0.038217410445213317871 -0.25426778197288513184 -0.031409971415996551514 0.18580682575702667236 0.27052614092826843262 0.37304189801216125488 0.22359313070774078369
1.9196784496307373047 1.9255310297012329102 1.8237437009811401367 1.7468283176422119141 1.6695266962051391602 1.5309342145919799805 1.6074749231338500977 1.5667281150817871094 1.5836006402969360352 1.5092138051986694336 1.4494286775588989258 1.5222023725509643555 1.5588687658309936523 1.5419738292694091797 1.4406378269195556641 1.3543190956115722656 1.2623959779739379883 1.1060748100280761719 1.0269410610198974609 0.98841375112533569336 0.9986972808837890625 0.84212744235992431641 0.68169748783111572266 0.52716106176376342773 0.25173640251159667969 0.20788340270519256592 0.32781037688255310059 0.37058466672897338867 0.37719190120697021484 0.27914705872535705566 0.061450693756341934204 -0.01969078555703163147 0.10814566910266876221 0.18517152965068817139 -0.050595052540302276611 -0.26984819769859313965 -0.11870745569467544556 0.11081988364458084106 0.22808252274990081787 0.18089717626571655273
1.8379397392272949219 1.9139226675033569336 1.8907697200775146484 1.8733193874359130859 1.6718916893005371094 1.5104216337203979492 1.4129149913787841797 1.3733621835708618164 1.3874914646148681641 1.434920191764831543 1.3448272943496704102 1.3377220630645751953 1.4496684074401855469 1.4243868589401245117 1.470629572868347168 1.2712728977203369141 1.1163398027420043945 0.94850748777389526367 0.82646042108535766602 0.66461861133575439453 0.80048203468322753906 0.83816540241241455078 0.61909961700439453125 0.55102807283401489258 0.3826554715633392334 0.22335608303546905518 0.29400134086608886719 0.32392320036888122559 0.3346245884895324707 0.31387871503829956055 0.14080308377742767334 -0.027796993032097816467 0.068481668829917907715 0.11642889678478240967 0.093003213405609130859 -0.050874810665845870972 -0.073307119309902191162 -0.0025409925729036331177 0.19193178415298461914 0.35455206036567687988
1.6976256370544433594 1.7566679716110229492 1.6876634359359741211 1.7616224288940429688 1.7300548553466796875 1.4309298992156982422 1.2728079557418823242 1.2397058010101318359 1.2555041313171386719 1.3187310695648193359 1.3882554769515991211 1.4231755733489990234 1.4399163722991943359 1.1951231956481933594 1.2000629901885986328 1.0978209972381591797 0.77504789829254150391 0.76393717527389526367 0.60499519109725952148 0.50797730684280395508 0.57064169645309448242 0.63667327165603637695 0.62083226442337036133 0.44962576031684875488 0.39537054300308227539 0.19739708304405212402 0.19930830597877502441 0.22948174178600311279 0.16474997997283935547 0.16588819026947021484 0.14286755025386810303 0.12874069809913635254 0.070121340453624725342 0.11725952476263046265 0.094846606254577636719 0.11515417695045471191 0.20456352829933166504 -0.035721667110919952393 0.095713235437870025635 0.23633170127868652344
