samples/et/map_et_2017-08-23.asc
ncols        322
nrows        306
xllcorner    -53.726171018035
yllcorner    -28.476684338117
cellsize     0.000269494585
NODATA_value  -1
[rows 288 to 305 of 306, columns 280 to 319 of 322]
1.9363573789596557617 2.116115570068359375 2.1987178325653076172 2.3212082386016845703 2.3215138912200927734 2.5579493045806884766 2.6618244647979736328 2.4677333831787109375 2.4280858039855957031 2.5604939460754394531 2.7684700489044189453 2.8403556346893310547 2.5494375228881835938 2.3044590950012207031 1.970862269401550293 1.9300794601440429688 1.9965167045593261719 2.2431254386901855469 2.0612654685974121094 1.6506133079528808594 1.2864006757736206055 1.2709825038909912109 1.1585559844970703125 1.2869040966033935547 1.4121738672256469727 1.348992466926574707 1.382420659065246582 1.1604903936386108398 1.1294863224029541016 0.92127573490142822266 0.88470703363418579102 1.0217592716217041016 0.92564213275909423828 0.81688082218170166016 1.2711495161056518555 1.7595868110656738281 1.9598325490951538086 2.1700992584228515625 2.6409621238708496094 2.7859807014465332031
1.6186248064041137695 2.1288409233093261719 1.9851889610290527344 2.338008880615234375 2.4306867122650146484 2.5266940593719482422 2.60492706298828125 2.6441943645477294922 2.4329917430877685547 2.3703026771545410156 2.4670026302337646484 2.816371917724609375 2.8307397365570068359 2.3273584842681884766 2.1146411895751953125 2.1345260143280029297 1.9550725221633911133 1.9511471986770629883 2.0688130855560302734 1.9402530193328857422 1.7421132326126098633 1.507315516471862793 1.4475313425064086914 1.2314673662185668945 1.1368591785430908203 1.2227020263671875 1.4126727581024169922 1.2409114837646484375 1.1888933181762695312 1.2539274692535400391 0.93783873319625854492 0.70215654373168945312 0.72542107105255126953 0.81064283847808837891 0.84144890308380126953 1.2449120283126831055 1.3749812841415405273 1.8752137422561645508 2.0216836929321289062 2.4460434913635253906
1.5502774715423583984 1.9905332326889038086 2.2522790431976318359 2.3318576812744140625 2.5508587360382080078 2.6330008506774902344 2.6441276073455810547 2.642490386962890625 2.5008554458618164062 2.34100341796875 2.1991314888000488281 2.173862457275390625 2.3960421085357666016 2.2108795642852783203 2.0975310802459716797 2.1100399494171142578 1.8949958086013793945 1.7899692058563232422 1.7827965021133422852 1.9992454051971435547 1.7862266302108764648 1.7651438713073730469 1.5903706550598144531 1.6503810882568359375 1.2858610153198242188 1.1324548721313476562 1.2414685487747192383 1.3387099504470825195 0.98698943853378295898 0.98641580343246459961 1.2503290176391601562 0.97965574264526367188 0.81693887710571289062 0.87584263086318969727 0.9469242095947265625 1.0464384555816650391 1.0816940069198608398 1.3128479719161987305 1.3441537618637084961 1.9121986627578735352
1.764805912971496582 1.9343690872192382812 2.1616363525390625 2.4337880611419677734 2.5224275588989257812 2.4843845367431640625 2.5376129150390625 2.7187237739562988281 2.5719373226165771484 2.4974813461303710938 2.4241976737976074219 2.3338022232055664062 2.1450214385986328125 2.1447157859802246094 2.2894213199615478516 2.2836201190948486328 2.0234913825988769531 1.8773317337036132812 1.7397309541702270508 1.8729037046432495117 1.7502658367156982422 1.7438044548034667969 1.8384151458740234375 1.7357262372970581055 1.6959662437438964844 1.4496446847915649414 1.6013070344924926758 1.5243569612503051758 1.4093397855758666992 1.1610234975814819336 1.170714259147644043 1.31690216064453125 1.3453212976455688477 1.1148676872253417969 1.1192301511764526367 1.3282419443130493164 1.4673579931259155273 1.4582129716873168945 1.6311689615249633789 1.6713216304779052734
1.6936507225036621094 1.8065516948699951172 1.9980816841125488281 2.1667950153350830078 2.3550925254821777344 2.3359754085540771484 2.2532403469085693359 2.4251759052276611328 2.5772020816802978516 2.7398982048034667969 2.5531401634216308594 2.3884336948394775391 2.3708055019378662109 2.0965044498443603516 2.0882542133331298828 2.077239990234375 1.987012028694152832 1.7884811162948608398 1.725589752197265625 1.6534206867218017578 1.7405480146408081055 1.5468323230743408203 1.6427140235900878906 1.5298138856887817383 1.5886342525482177734 1.4701941013336181641 1.3644123077392578125 1.4644274711608886719 1.6104779243469238281 1.6672141551971435547 1.3636958599090576172 1.222300410270690918 1.3006097078323364258 1.2633693218231201172 0.98006552457809448242 1.1875762939453125 1.7591824531555175781 1.9904898405075073242 2.0228159427642822266 2.0150322914123535156
1.6135193109512329102 1.697687983512878418 1.6730331182479858398 1.6728692054748535156 2.1662213802337646484 2.2098340988159179688 2.1484017372131347656 1.9493972063064575195 1.9395924806594848633 2.3280298709869384766 2.4778017997741699219 2.3313899040222167969 2.0782277584075927734 1.8261194229125976562 1.7278599739074707031 1.7311582565307617188 1.66571807861328125 1.6392987966537475586 1.6605932712554931641 1.4668934345245361328 1.4525872468948364258 1.4497901201248168945 1.4404865503311157227 1.3703540563583374023 1.3389775753021240234 1.5237128734588623047 1.4008045196533203125 1.3978567123413085938 1.3494545221328735352 1.6725524663925170898 1.5555914640426635742 1.3881944417953491211 1.0915513038635253906 1.2421307563781738281 1.102640986442565918 0.98168778419494628906 1.3678531646728515625 2.1968693733215332031 2.2121453285217285156 2.1556446552276611328
1.8530156612396240234 1.710005640983581543 1.5568121671676635742 1.3178731203079223633 1.5938687324523925781 1.9039995670318603516 1.9178926944732666016 1.5791631937026977539 1.3860049247741699219 1.6851459741592407227 1.8544850349426269531 1.9674335718154907227 1.7421724796295166016 1.5277067422866821289 1.4763514995574951172 1.4833152294158935547 1.5410366058349609375 1.5345901250839233398 1.7509992122650146484 1.7271027565002441406 1.704247593879699707 1.5934398174285888672 1.583674311637878418 1.4164516925811767578 1.2446182966232299805 1.4931027889251708984 1.4867006540298461914 1.4620853662490844727 1.3967299461364746094 1.4699996709823608398 1.5090868473052978516 1.4670536518096923828 1.3094593286514282227 1.3171399831771850586 1.2131804227828979492 0.98910737037658691406 1.1131018400192260742 1.8050503730773925781 2.0709052085876464844 1.9543503522872924805
1.8532364368438720703 1.6208283901214599609 1.7759310007095336914 1.5804167985916137695 1.5435006618499755859 1.5404009819030761719 1.6220749616622924805 1.4111722707748413086 1.1708799600601196289 1.3594901561737060547 1.4324578046798706055 1.4036128520965576172 1.3390955924987792969 1.4757606983184814453 1.4559656381607055664 1.4999029636383056641 1.6064656972885131836 1.5611698627471923828 1.5655075311660766602 1.8012434244155883789 1.9083636999130249023 2.0343656539916992188 1.8209822177886962891 1.6656253337860107422 1.2934828996658325195 1.2769162654876708984 1.4889649152755737305 1.4383356571197509766 1.5155518054962158203 1.3797258138656616211 1.5548337697982788086 1.5369725227355957031 1.6251090764999389648 1.6295534372329711914 1.5197844505310058594 1.1130329370498657227 1.2196934223175048828 1.4504493474960327148 1.942675471305847168 1.9773992300033569336
1.9348825216293334961 1.7266163825988769531 1.6809606552124023438 1.7710040807723999023 1.5838083028793334961 1.6432652473449707031 1.5848963260650634766 1.4346930980682373047 1.1142371892929077148 1.1362493038177490234 1.0917942523956298828 1.1169483661651611328 1.1493829488754272461 1.2564617395401000977 1.5499058961868286133 1.5729807615280151367 1.7527964115142822266 1.7300438880920410156 1.6031527519226074219 1.6059049367904663086 1.7114033699035644531 1.9684990644454956055 1.9485690593719482422 1.8871989250183105469 1.7181442975997924805 1.5072139501571655273 1.3131053447723388672 1.3191562891006469727 1.3346676826477050781 1.364670872688293457 1.3821159601211547852 1.3638169765472412109 1.3090585470199584961 1.535368800163269043 1.5664576292037963867 1.4523317813873291016 1.22261810302734375 1.4557355642318725586 1.9304327964782714844 2.1243569850921630859
2.1835219860076904297 2.1034722328186035156 1.9850046634674072266 1.8720518350601196289 1.5198667049407958984 1.6709897518157958984 1.7301104068756103516 1.3579708337783813477 1.0365724563598632812 0.80023109912872314453 0.82976061105728149414 0.93071675300598144531 0.99691694974899291992 1.420445561408996582 1.6008226871490478516 1.4560075998306274414 1.8136273622512817383 2.0164978504180908203 1.9097640514373779297 1.744899749755859375 1.6987029314041137695 1.8720978498458862305 1.8884508609771728516 1.9956012964248657227 2.0469353199005126953 1.9464772939682006836 1.7148920297622680664 1.4734969139099121094 1.5248254537582397461 1.4683194160461425781 1.3542306423187255859 1.1374161243438720703 1.0787223577499389648 1.1487370729446411133 1.2782663106918334961 1.249234318733215332 1.0240149497985839844 1.0746159553527832031 1.4617737531661987305 1.8326996564865112305
2.1030805110931396484 2.2088780403137207031 2.097415924072265625 1.9640817642211914062 1.5514787435531616211 1.3770576715469360352 1.509409785270690918 1.4490712881088256836 1.1882872581481933594 0.95478677749633789062 0.97412240505218505859 1.0362937450408935547 1.0502339601516723633 1.4143505096435546875 1.6781433820724487305 1.6193603277206420898 1.8344186544418334961 2.2717578411102294922 2.3154115676879882812 2.0553631782531738281 1.8878632783889770508 1.9515737295150756836 1.9731907844543457031 1.8815202713012695312 1.8649477958679199219 1.937070012092590332 1.8429501056671142578 1.7408404350280761719 1.6051776409149169922 1.7712166309356689453 1.7726203203201293945 1.3903216123580932617 1.2063832283020019531 1.0159906148910522461 1.0398122072219848633 0.98324888944625854492 1.018291473388671875 0.92010647058486938477 0.86822021007537841797 1.1186248064041137695
1.9315325021743774414 2.1127328872680664062 2.0921564102172851562 1.9043500423431396484 1.6201441287994384766 1.3809499740600585938 1.4935402870178222656 1.6444574594497680664 1.4837907552719116211 1.0998721122741699219 1.0717489719390869141 0.93350940942764282227 1.0163507461547851562 1.1260292530059814453 1.5299410820007324219 1.7351080179214477539 2.0713706016540527344 2.5107817649841308594 2.6651980876922607422 2.4435062408447265625 2.1813874244689941406 2.0320804119110107422 1.9669730663299560547 1.7668954133987426758 1.6551069021224975586 1.5495507717132568359 1.5890697240829467773 1.5784531831741333008 1.4528486728668212891 1.3810316324234008789 1.6754034757614135742 1.5464437007904052734 1.2966046333312988281 1.0338956117630004883 0.75308060646057128906 0.86567699909210205078 1.1039729118347167969 1.1358243227005004883 1.1295678615570068359 1.0208680629730224609
1.8258998394012451172 1.9213029146194458008 1.9683885574340820312 1.7683377265930175781 1.7699587345123291016 1.6300899982452392578 1.6503549814224243164 1.6675626039505004883 1.5834162235260009766 1.2548220157623291016 0.90178734064102172852 0.90285241603851318359 0.81595909595489501953 0.87092423439025878906 1.2499682903289794922 1.3792690038681030273 1.7795794010162353516 2.3314571380615234375 2.6537764072418212891 2.4475247859954833984 2.1888051033020019531 2.104465484619140625 2.0311295986175537109 1.819968104362487793 1.7588875293731689453 1.550395965576171875 1.4949806928634643555 1.3716499805450439453 1.2216445207595825195 1.2253282070159912109 1.2602186203002929688 1.4129683971405029297 1.2456583976745605469 1.0356496572494506836 0.7437012791633605957 0.82982218265533447266 1.0477499961853027344 1.2669340372085571289 1.5954908132553100586 1.4757554531097412109
1.5577559471130371094 1.6340545415878295898 1.7377223968505859375 1.7581329345703125 1.7755341529846191406 1.6498267650604248047 1.7960926294326782227 1.8246307373046875 1.4478476047515869141 1.3184802532196044922 1.1027427911758422852 1.2191674709320068359 0.94591516256332397461 0.84449684619903564453 0.76908636093139648438 0.91827535629272460938 1.2940411567687988281 1.670513153076171875 2.3485462665557861328 2.5318043231964111328 2.1216332912445068359 2.0084292888641357422 2.0701658725738525391 2.0870940685272216797 1.9240400791168212891 1.8442633152008056641 1.856259465217590332 1.7416597604751586914 1.4429470300674438477 1.3997353315353393555 1.2297263145446777344 1.3547154664993286133 1.5248343944549560547 1.464913487434387207 1.0921685695648193359 0.99393504858016967773 1.1049377918243408203 1.0989590883255004883 1.300290226936340332 1.3554425239562988281
1.4592304229736328125 1.4386082887649536133 1.5559420585632324219 1.6840174198150634766 1.7037042379379272461 1.6438997983932495117 1.5134139060974121094 1.617267608642578125 1.5714588165283203125 1.2713204622268676758 1.2225509881973266602 1.1457947492599487305 1.0039141178131103516 0.75333744287490844727 0.67978513240814208984 0.74938356876373291016 1.2707717418670654297 1.6153196096420288086 2.0754697322845458984 2.5714581012725830078 2.4345974922180175781 2.0919210910797119141 2.1664838790893554688 2.3302686214447021484 2.2244014739990234375 2.0574562549591064453 2.1379368305206298828 2.1569654941558837891 1.9528588056564331055 1.8371661901473999023 1.6700754165649414062 1.5944463014602661133 1.6946381330490112305 1.7098727226257324219 1.4440243244171142578 1.1407516002655029297 1.1499347686767578125 1.1773363351821899414 1.1011784076690673828 1.1755584478378295898
1.6009422540664672852 1.661790013313293457 1.633679509162902832 1.7546437978744506836 1.6102652549743652344 1.6596457958221435547 1.471459507942199707 1.4396049976348876953 1.4809277057647705078 1.3806954622268676758 1.2043870687484741211 1.0100476741790771484 1.1100701093673706055 0.91740238666534423828 0.93260407447814941406 1.0021253824234008789 1.3117433786392211914 1.8307291269302368164 2.0520305633544921875 2.4279043674468994141 2.5896489620208740234 2.3377676010131835938 2.2140414714813232422 2.3224794864654541016 2.4335589408874511719 2.2721724510192871094 2.1575543880462646484 2.1982626914978027344 2.2231283187866210938 2.0604562759399414062 2.0357391834259033203 1.8601391315460205078 1.7231415510177612305 1.8270466327667236328 1.866873621940612793 1.4434988498687744141 1.3059906959533691406 1.2432690858840942383 1.1589399576187133789 1.1454681158065795898
1.750563502311706543 1.8098409175872802734 1.8901250362396240234 1.8120244741439819336 1.6634054183959960938 1.5729823112487792969 1.5622551441192626953 1.4852091073989868164 1.4171124696731567383 1.3500760793685913086 1.2503761053085327148 1.1208071708679199219 1.2396911382675170898 0.97028064727783203125 1.0749365091323852539 1.2096842527389526367 1.3760941028594970703 1.7020956277847290039 1.9402365684509277344 2.2804412841796875 2.4222569465637207031 2.3754553794860839844 2.2888202667236328125 2.2841241359710693359 2.3773014545440673828 2.3569936752319335938 2.1701478958129882812 2.2830731868743896484 2.2800374031066894531 2.1585073471069335938 1.9896221160888671875 1.9274088144302368164 1.7529578208923339844 1.8855489492416381836 1.8446004390716552734 1.7337479591369628906 1.5063874721527099609 1.4376970529556274414 1.1943202018737792969 1.1872693300247192383
nan nan nan nan nan nan nan nan nan nan nan nan nan nan nan nan nan nan nan nan nan nan nan nan nan nan nan nan nan nan nan nan nan nan nan nan nan nan nan nan
