samples/et/map_et_2017-04-01.asc
ncols        322
nrows        306
xllcorner    -53.726171018035
yllcorner    -28.476684338117
cellsize     0.000269494585
NODATA_value  -1
[rows 198 to 215 of 306, columns 200 to 239 of 322]
0.76305627822875976562 0.39561629295349121094 0.40393787622451782227 0.52690118551254272461 0.51460558176040649414 0.39785662293434143066 0.46783745288848876953 0.53120923042297363281 0.47004407644271850586 0.36070847511291503906 0.33084005117416381836 0.2625948488712310791 0.097739405930042266846 -0.18969291448593139648 -0.18778941035270690918 -0.24116182327270507812 -0.42237505316734313965 -0.47554454207420349121 -0.21891888976097106934 0.13749296963214874268 0.88988530635833740234 1.9854433536529541016 2.8200471401214599609 3.0429062843322753906 3.2343006134033203125 3.231388092041015625 3.3464972972869873047 3.318401336669921875 3.0761168003082275391 2.8377137184143066406 2.6244709491729736328 2.3400850296020507812 1.9959148168563842773 2.0064797401428222656 1.8847850561141967773 1.8521741628646850586 2.0398335456848144531 2.2680583000183105469 2.8767118453979492188 3.301300048828125
0.9616489410400390625 0.64257317781448364258 0.39559686183929443359 0.41994163393974304199 0.58580994606018066406 0.5365784764289855957 0.47969177365303039551 0.61063677072525024414 0.60204535722732543945 0.49131613969802856445 0.38115128874778747559 0.22491055727005004883 0.22489286959171295166 -0.054571051150560379028 -0.16602194309234619141 -0.19891811907291412354 -0.26270598173141479492 -0.19187572598457336426 -0.13123247027397155762 0.051361292600631713867 0.7296702265739440918 1.6401861906051635742 2.5075330734252929688 3.1945226192474365234 3.5892882347106933594 3.6170597076416015625 3.7197935581207275391 3.3887693881988525391 2.9013948440551757812 2.6557159423828125 2.4240717887878417969 2.1728649139404296875 1.8911604881286621094 1.9931216239929199219 1.8904861211776733398 1.8455106019973754883 1.9327048063278198242 2.1886687278747558594 2.62790679931640625 2.9778544902801513672
0.76394218206405639648 0.7685216069221496582 0.65202784538269042969 0.55984187126159667969 0.59453749656677246094 0.54087412357330322266 0.54978251457214355469 0.61736863851547241211 0.86062657833099365234 0.54773849248886108398 0.45698317885398864746 0.28323304653167724609 0.30910003185272216797 0.12011343985795974731 -0.11907138675451278687 -0.32228231430053710938 -0.32147574424743652344 -0.081309363245964050293 0.17114968597888946533 0.51078724861145019531 1.0054488182067871094 1.5743421316146850586 2.2668476104736328125 3.1403982639312744141 3.3672432899475097656 3.8012790679931640625 3.9568810462951660156 3.4752440452575683594 2.8379986286163330078 2.5485594272613525391 2.4226272106170654297 2.1800351142883300781 1.9594790935516357422 1.9936406612396240234 2.0161623954772949219 1.9201635122299194336 1.914174199104309082 2.1035981178283691406 2.4195313453674316406 2.6780924797058105469
0.66432458162307739258 0.69192862510681152344 0.78197365999221801758 0.69198012351989746094 0.85325032472610473633 0.70794379711151123047 0.69923365116119384766 0.69968318939208984375 0.82850873470306396484 0.84382408857345581055 0.76103299856185913086 0.46714645624160766602 0.34778302907943725586 0.37204760313034057617 0.028849303722381591797 -0.1397472769021987915 -0.19735839962959289551 0.079230643808841705322 0.23224994540214538574 0.77720481157302856445 1.2940990924835205078 1.9510650634765625 2.6839165687561035156 3.1012310981750488281 3.1044940948486328125 3.5579955577850341797 3.8697726726531982422 3.5708260536193847656 2.7988591194152832031 2.4700715541839599609 2.2120764255523681641 2.2305767536163330078 2.1269097328186035156 1.8669594526290893555 1.8932034969329833984 1.8268743753433227539 1.8392328023910522461 1.9532021284103393555 2.2024402618408203125 2.3989477157592773438
0.66356641054153442383 0.81799334287643432617 0.77864217758178710938 0.93629872798919677734 0.94484543800354003906 1.0881779193878173828 0.94970053434371948242 0.86222153902053833008 0.93377667665481567383 1.0378079414367675781 1.126431584358215332 0.83512270450592041016 0.49217292666435241699 0.35932779312133789062 0.3664442598819732666 0.48553496599197387695 0.20428393781185150146 0.37281256914138793945 0.68404430150985717773 0.87278711795806884766 1.2978718280792236328 2.1221761703491210938 2.9373843669891357422 3.3647954463958740234 3.2066588401794433594 3.4141018390655517578 3.55382537841796875 3.4448640346527099609 2.7914090156555175781 2.4254524707794189453 2.1263480186462402344 1.9414669275283813477 1.9927402734756469727 1.8767869472503662109 1.857272028923034668 1.6641963720321655273 1.7211109399795532227 1.9201154708862304688 2.1303169727325439453 2.3331727981567382812
1.1310001611709594727 0.99351572990417480469 1.0260123014450073242 1.2017823457717895508 1.2486321926116943359 1.3531057834625244141 1.2987780570983886719 1.0282500982284545898 0.85734969377517700195 1.0130764245986938477 1.1820350885391235352 1.1876024007797241211 0.83128982782363891602 0.81954181194305419922 0.81044369935989379883 0.91861176490783691406 0.89414751529693603516 0.8732897639274597168 1.2458890676498413086 1.2388283014297485352 1.0398049354553222656 1.6441024541854858398 2.6766750812530517578 3.2234041690826416016 3.1821341514587402344 3.205509185791015625 3.1487562656402587891 2.9950950145721435547 2.6491122245788574219 2.5267565250396728516 2.2656679153442382812 2.0399653911590576172 2.030307769775390625 1.8938764333724975586 1.8812017440795898438 1.8739178180694580078 1.8375409841537475586 2.0579016208648681641 2.1147706508636474609 2.3428447246551513672
1.0838947296142578125 1.3191220760345458984 1.1628614664077758789 1.2007265090942382812 1.3216624259948730469 1.3366349935531616211 1.4522632360458374023 1.2193953990936279297 0.92266321182250976562 0.94892299175262451172 1.2507909536361694336 1.273639678955078125 1.0937834978103637695 1.1385082006454467773 1.3716155290603637695 1.4506106376647949219 1.5761724710464477539 1.5289345979690551758 1.738475799560546875 1.8647081851959228516 1.4153090715408325195 1.4201147556304931641 1.9765726327896118164 2.4494428634643554688 3.0725302696228027344 3.0941066741943359375 2.86357879638671875 2.4733099937438964844 2.2376966476440429688 2.1685028076171875 2.1318972110748291016 2.0705106258392333984 2.0050740242004394531 1.8911268711090087891 1.8326544761657714844 1.8490178585052490234 2.0170841217041015625 2.4083971977233886719 2.0687677860260009766 2.2337801456451416016
1.2712343931198120117 1.2977870702743530273 1.2823063135147094727 1.2192161083221435547 1.2284376621246337891 1.2705907821655273438 1.3993679285049438477 1.4120495319366455078 1.3333183526992797852 1.3200794458389282227 1.5654166936874389648 1.6691846847534179688 1.4433630704879760742 1.5068874359130859375 1.7906584739685058594 2.0383746623992919922 2.2729544639587402344 2.1747846603393554688 1.9531922340393066406 1.9429250955581665039 1.7451800107955932617 1.7740139961242675781 1.7953019142150878906 1.9903299808502197266 2.5779404640197753906 3.0522217750549316406 2.9230074882507324219 2.3309164047241210938 1.8951869010925292969 1.6571502685546875 1.7806738615036010742 1.7811021804809570312 1.7884147167205810547 1.4901121854782104492 1.6590102910995483398 1.7521188259124755859 1.9742114543914794922 2.2830061912536621094 2.11202239990234375 2.0384020805358886719
1.7168090343475341797 1.6999080181121826172 1.7031666040420532227 1.7060617208480834961 1.623870849609375 1.7161048650741577148 1.6962945461273193359 1.5849175453186035156 1.5709491968154907227 1.8908499479293823242 2.2024595737457275391 2.5748131275177001953 2.5206131935119628906 2.3142609596252441406 2.2889392375946044922 2.4668595790863037109 2.6159260272979736328 2.7095913887023925781 2.4667313098907470703 2.1204533576965332031 2.0379972457885742188 2.0038895606994628906 2.0312759876251220703 2.0441181659698486328 2.3298630714416503906 2.5923345088958740234 2.8090109825134277344 2.2115738391876220703 1.7472536563873291016 1.47566986083984375 1.4261295795440673828 1.5602165460586547852 1.4895659685134887695 1.2468644380569458008 1.3556128740310668945 1.4722120761871337891 1.7358105182647705078 2.1510787010192871094 2.1547770500183105469 2.1520824432373046875
2.2675390243530273438 2.2257490158081054688 2.1394336223602294922 2.0720348358154296875 1.8346962928771972656 1.9554083347320556641 2.0821542739868164062 2.0277299880981445312 1.8136190176010131836 2.3326573371887207031 3.0374653339385986328 3.4706721305847167969 3.4285259246826171875 3.4233465194702148438 3.3425288200378417969 3.0939664840698242188 3.1813168525695800781 3.4228174686431884766 3.3310916423797607422 3.0532734394073486328 2.7665798664093017578 2.63352203369140625 2.4005186557769775391 2.3227486610412597656 2.4589810371398925781 2.4889047145843505859 2.4867157936096191406 1.7283431291580200195 1.3884638547897338867 1.1302976608276367188 0.93515723943710327148 1.0133870840072631836 1.1625839471817016602 1.2491990327835083008 1.2360979318618774414 1.2323625087738037109 1.7644850015640258789 2.15575408935546875 2.1740863323211669922 2.28170013427734375
2.5456223487854003906 2.4631247520446777344 2.3347039222717285156 2.2225852012634277344 1.9867862462997436523 2.1249959468841552734 2.2550961971282958984 2.1557347774505615234 1.9949058294296264648 2.3113758563995361328 3.2562894821166992188 3.6534676551818847656 3.6112089157104492188 3.6827781200408935547 3.6746251583099365234 3.6320731639862060547 3.8179671764373779297 3.99512481689453125 3.9298384189605712891 3.6531212329864501953 3.2843225002288818359 2.9421031475067138672 2.7072558403015136719 2.6626935005187988281 2.6831390857696533203 2.3324081897735595703 1.9292775392532348633 1.31327056884765625 1.0087196826934814453 0.84257578849792480469 0.72176849842071533203 0.8026790618896484375 0.92934477329254150391 1.0793454647064208984 1.1184568405151367188 1.2705974578857421875 1.7480754852294921875 2.2547028064727783203 2.3563387393951416016 2.4565188884735107422
2.8895812034606933594 2.6926937103271484375 2.7094068527221679688 2.5980150699615478516 2.4148395061492919922 2.227207183837890625 2.3029894828796386719 2.4368011951446533203 2.4607391357421875 2.2918083667755126953 2.8826787471771240234 3.4479150772094726562 3.4305505752563476562 3.5916666984558105469 3.9011697769165039062 3.7832288742065429688 3.5294785499572753906 3.5862905979156494141 3.7249629497528076172 3.6653416156768798828 3.3529379367828369141 3.0151491165161132812 3.1184523105621337891 2.8490579128265380859 2.4501955509185791016 1.8382756710052490234 1.5442051887512207031 1.2261407375335693359 0.97094911336898803711 0.59173995256423950195 0.5405476689338684082 0.46875259280204772949 0.56387078762054443359 0.90373522043228149414 1.2084057331085205078 1.2686814069747924805 1.5668064355850219727 2.0413942337036132812 2.4799840450286865234 2.5651125907897949219
3.2699656486511230469 3.0569705963134765625 3.0401697158813476562 2.7955346107482910156 2.5994412899017333984 2.5672674179077148438 2.4016573429107666016 2.5065908432006835938 2.7683384418487548828 2.9210681915283203125 3.0702102184295654297 3.3942334651947021484 3.0152344703674316406 2.6563773155212402344 2.7190599441528320312 2.9085791110992431641 2.7699978351593017578 2.7521145343780517578 3.0695691108703613281 3.1465070247650146484 3.0934844017028808594 2.8941962718963623047 2.8694760799407958984 2.7286601066589355469 2.0604939460754394531 1.5456564426422119141 1.1334050893783569336 0.91021245718002319336 0.73570650815963745117 0.62983328104019165039 0.55897474288940429688 0.61137115955352783203 0.73864442110061645508 1.0371893644332885742 1.047448277473449707 1.3755483627319335938 1.6111563444137573242 2.0619957447052001953 2.6120877265930175781 2.7501819133758544922
3.9622449874877929688 3.9173748493194580078 3.7142517566680908203 3.5789053440093994141 3.3360359668731689453 3.3318774700164794922 3.0946238040924072266 2.8289678096771240234 3.1730377674102783203 3.4228291511535644531 3.4276134967803955078 3.2831211090087890625 2.5702612400054931641 2.4110476970672607422 2.0019321441650390625 1.8053051233291625977 1.5918722152709960938 1.4915469884872436523 1.6909426450729370117 1.961739659309387207 2.095874786376953125 1.8895343542098999023 1.8566316366195678711 1.6757563352584838867 1.5985534191131591797 1.0721254348754882812 0.73615449666976928711 0.60822200775146484375 0.51878792047500610352 0.54314970970153808594 0.54257249832153320312 0.68083333969116210938 1.0045915842056274414 1.0943100452423095703 1.2012168169021606445 1.4841811656951904297 1.7389576435089111328 2.1942613124847412109 2.7461142539978027344 2.9502837657928466797
4.3234677314758300781 4.502574920654296875 4.364223480224609375 4.3691458702087402344 4.0938243865966796875 4.0689702033996582031 3.9545865058898925781 3.6441442966461181641 3.6595184803009033203 3.6786985397338867188 3.5319979190826416016 3.0917162895202636719 2.2883429527282714844 2.1096453666687011719 1.7895998954772949219 1.4336962699890136719 1.0541884899139404297 0.7478936314582824707 0.57022917270660400391 0.77953135967254638672 1.0282269716262817383 0.83906668424606323242 0.69182050228118896484 0.65026044845581054688 0.7840404510498046875 0.85826581716537475586 0.51451778411865234375 0.30862858891487121582 0.34994727373123168945 0.47645422816276550293 0.65454405546188354492 0.75258278846740722656 1.038486480712890625 0.83901488780975341797 1.0739731788635253906 1.5283528566360473633 1.8391770124435424805 2.3139352798461914062 2.3830463886260986328 2.9962890148162841797
3.6198902130126953125 4.6060185432434082031 4.7792277336120605469 4.6877880096435546875 4.6124830245971679688 4.4903249740600585938 4.3844118118286132812 4.1852784156799316406 4.0674109458923339844 3.7943499088287353516 3.3797914981842041016 2.6387383937835693359 2.0151870250701904297 1.8577507734298706055 1.3141326904296875 1.247491002082824707 0.94611543416976928711 0.72177964448928833008 0.27953588962554931641 0.28879389166831970215 0.4585393071174621582 0.43563899397850036621 0.27026376128196716309 0.22735604643821716309 0.11931432783603668213 0.36355474591255187988 0.48489141464233398438 0.51363730430603027344 0.5401160120964050293 0.56829893589019775391 0.60010778903961181641 0.88447093963623046875 0.78885614871978759766 0.7008412480354309082 0.697666168212890625 1.1232492923736572266 1.6417969465255737305 2.2815415859222412109 2.4330017566680908203 3.2109720706939697266
2.4012696743011474609 3.6675400733947753906 4.5524983406066894531 4.7386159896850585938 4.5679268836975097656 4.5684561729431152344 4.4411687850952148438 4.2594079971313476562 3.9684641361236572266 3.6031739711761474609 2.9787817001342773438 2.304821014404296875 1.7685043811798095703 1.7572981119155883789 1.1770358085632324219 1.0126478672027587891 0.76482874155044555664 0.61991894245147705078 0.47285470366477966309 0.2143122255802154541 0.3695252835750579834 0.4468987584114074707 0.3905887305736541748 0.25751677155494689941 0.08377125859260559082 0.15551786124706268311 0.30280193686485290527 0.45167252421379089355 0.53709262609481811523 0.63146388530731201172 0.5820738673210144043 0.84565216302871704102 0.76036971807479858398 0.64198327064514160156 0.69304329156875610352 0.93558412790298461914 1.2785029411315917969 2.1868290901184082031 2.3999943733215332031 3.1180500984191894531
1.739119410514831543 2.6124007701873779297 3.7087750434875488281 4.4018659591674804688 4.403850555419921875 4.6216583251953125 4.6046609878540039062 4.2746062278747558594 3.7222864627838134766 3.4238209724426269531 2.7981724739074707031 2.3373482227325439453 1.7892856597900390625 1.6162427663803100586 1.0879740715026855469 0.76317858695983886719 0.73228013515472412109 0.50261956453323364258 0.33496025204658508301 0.16678726673126220703 0.23563747107982635498 0.3972644507884979248 0.43718689680099487305 0.26851236820220947266 -0.047857645899057388306 -0.097885854542255401611 0.093214459717273712158 0.2791023552417755127 0.39161252975463867188 0.50213068723678588867 0.90182501077651977539 0.68848592042922973633 0.51651966571807861328 0.57668900489807128906 0.54385852813720703125 0.77615308761596679688 1.0773738622665405273 1.673661351203918457 2.012996673583984375 2.9463660717010498047
