samples/et/map_et_2017-08-07.asc
ncols        322
nrows        306
xllcorner    -53.726171018035
yllcorner    -28.476684338117
cellsize     0.000269494585
NODATA_value  -1
[rows 108 to 125 of 306, columns 80 to 119 of 322]
2.8357746601104736328 2.8815732002258300781 2.8917286396026611328 2.6107072830200195312 2.3436176776885986328 2.2725591659545898438 2.0593893527984619141 1.7927930355072021484 1.5118657350540161133 1.2410385608673095703 1.1402411460876464844 0.96413367986679077148 0.73666244745254516602 0.57966989278793334961 0.57871812582015991211 0.70107215642929077148 0.69326984882354736328 0.83824872970581054688 1.2572809457778930664 1.2079588174819946289 0.9161834716796875 1.0175125598907470703 1.3246829509735107422 1.3381075859069824219 1.3597357273101806641 1.4142040014266967773 1.8850436210632324219 2.0987882614135742188 2.2811713218688964844 2.6140375137329101562 2.9196810722351074219 2.8998630046844482422 2.6433594226837158203 2.4040613174438476562 2.2646226882934570312 2.0893862247467041016 1.8563723564147949219 1.7948335409164428711 2.0840430259704589844 2.0268962383270263672
2.324554443359375 2.4567718505859375 2.4795730113983154297 2.3544721603393554688 1.9896414279937744141 2.0352277755737304688 2.0466458797454833984 1.7828676700592041016 1.5194638967514038086 1.2658174037933349609 0.97463583946228027344 1.0229673385620117188 1.0570670366287231445 0.9893016815185546875 0.73523432016372680664 0.67486757040023803711 0.84109842777252197266 0.89547210931777954102 1.0736948251724243164 1.3793995380401611328 0.99969965219497680664 0.90405178070068359375 1.3256886005401611328 1.1211018562316894531 1.0278360843658447266 1.1429140567779541016 1.141621708869934082 1.4830685853958129883 1.6955116987228393555 1.9721468687057495117 2.5550808906555175781 2.8904812335968017578 2.9054002761840820312 2.714694976806640625 2.6862604618072509766 2.3530809879302978516 2.1622791290283203125 1.883004307746887207 1.7461323738098144531 1.9870544672012329102
1.8175244331359863281 1.7979133129119873047 1.8915439844131469727 1.9492994546890258789 1.4864432811737060547 1.4762717485427856445 1.782809138298034668 1.7368900775909423828 1.8062496185302734375 1.8042594194412231445 1.4314007759094238281 1.0172377824783325195 0.92154008150100708008 0.85999280214309692383 0.7607352137565612793 0.66362309455871582031 1.1938850879669189453 1.3355073928833007812 1.2526007890701293945 1.3634697198867797852 1.2254043817520141602 1.003954768180847168 1.2307379245758056641 1.2054249048233032227 0.99652814865112304688 1.0992931127548217773 0.9462572932243347168 1.1640099287033081055 1.1058034896850585938 1.4061199426651000977 1.8457292318344116211 2.2987215518951416016 2.5938935279846191406 2.6145379543304443359 2.7629907131195068359 2.7102839946746826172 2.4438440799713134766 2.2094085216522216797 1.8817640542984008789 1.9102704524993896484
1.4915522336959838867 1.4946411848068237305 1.5168542861938476562 1.6195547580718994141 1.694066166877746582 1.3804186582565307617 1.419934391975402832 1.7291724681854248047 1.8107382059097290039 1.8406289815902709961 1.6753143072128295898 1.4212648868560791016 1.2177827358245849609 1.1390452384948730469 0.92881113290786743164 0.72066664695739746094 1.0717848539352416992 1.5935468673706054688 1.3758308887481689453 1.4887663125991821289 1.2791321277618408203 1.2118730545043945312 1.3727666139602661133 1.3666504621505737305 0.91774487495422363281 0.91224277019500732422 1.1583616733551025391 1.1846418380737304688 1.265807032585144043 1.0670366287231445312 1.6102845668792724609 1.965643763542175293 2.2212262153625488281 2.3898451328277587891 2.4417552947998046875 2.4613559246063232422 2.5239510536193847656 2.3715550899505615234 2.3308322429656982422 2.1108605861663818359
1.3385093212127685547 1.2870914936065673828 1.3900916576385498047 1.4517574310302734375 1.4497956037521362305 1.6224210262298583984 1.4110805988311767578 1.2717995643615722656 1.3571665287017822266 1.4973951578140258789 1.4798606634140014648 1.4901870489120483398 1.5306825637817382812 1.3826061487197875977 1.1681290864944458008 0.82557564973831176758 0.8269990086555480957 1.4800113439559936523 1.5835877656936645508 1.5582892894744873047 1.5338538885116577148 1.393549799919128418 1.3887685537338256836 1.6877081394195556641 1.4415770769119262695 0.89371842145919799805 1.1105293035507202148 1.1651957035064697266 1.3425114154815673828 1.4601062536239624023 1.38226318359375 1.7780202627182006836 1.975505828857421875 1.9754610061645507812 2.1738696098327636719 2.2763617038726806641 2.4519121646881103516 2.3854341506958007812 2.4872813224792480469 2.4399302005767822266
1.1344956159591674805 1.1914067268371582031 1.1735782623291015625 1.1178617477416992188 1.1835521459579467773 1.2910495996475219727 1.6003247499465942383 1.2346426248550415039 1.3261350393295288086 1.4327027797698974609 1.3096078634262084961 1.2572777271270751953 1.2773730754852294922 1.1985563039779663086 1.1965184211730957031 0.90448135137557983398 0.96709853410720825195 1.3474708795547485352 1.5716336965560913086 1.7551212310791015625 1.7456096410751342773 1.7681713104248046875 1.5781607627868652344 1.6370460987091064453 1.6861423254013061523 1.4070950746536254883 1.1655972003936767578 1.3038429021835327148 1.08316802978515625 1.4946358203887939453 1.5905393362045288086 1.3989051580429077148 1.7205634117126464844 1.8450570106506347656 1.7593549489974975586 2.0070588588714599609 2.1294403076171875 2.3076691627502441406 2.3837387561798095703 2.6218886375427246094
1.4313186407089233398 1.2695674896240234375 1.3251069784164428711 1.3855144977569580078 1.4034606218338012695 1.5419750213623046875 1.9027305841445922852 1.7593562602996826172 1.5662528276443481445 1.5546500682830810547 1.4869464635848999023 1.3491203784942626953 1.2379163503646850586 1.1630750894546508789 0.93238312005996704102 0.90239411592483520508 1.1232073307037353516 1.570580601692199707 1.756717681884765625 1.7441382408142089844 2.0625951290130615234 1.9525482654571533203 1.9616147279739379883 1.7124276161193847656 1.7777016162872314453 1.7259920835494995117 1.3953187465667724609 1.2861475944519042969 1.2793698310852050781 1.1744734048843383789 1.5292923450469970703 1.769116520881652832 1.7153060436248779297 1.941889643669128418 1.9390777349472045898 1.8983516693115234375 1.9835441112518310547 2.0317914485931396484 2.238193511962890625 2.4440858364105224609
1.4537725448608398438 1.5478048324584960938 1.350264430046081543 1.5041974782943725586 1.6650943756103515625 1.6867173910140991211 1.7954783439636230469 1.836878657341003418 1.7010483741760253906 1.4722841978073120117 1.2302612066268920898 1.255950927734375 1.3501046895980834961 1.3480904102325439453 1.1706503629684448242 1.0789730548858642578 1.4282040596008300781 1.8087235689163208008 2.0578289031982421875 1.9594836235046386719 2.1222362518310546875 2.1170041561126708984 2.0355255603790283203 1.7646859884262084961 1.6157516241073608398 1.7378624677658081055 1.7547192573547363281 1.5269159078598022461 1.4801980257034301758 1.5491580963134765625 1.4228368997573852539 1.6438562870025634766 1.745853424072265625 1.9053987264633178711 2.2535123825073242188 2.2175850868225097656 2.1683356761932373047 2.2021355628967285156 2.0753910541534423828 2.3577451705932617188
1.1295861005783081055 1.2301123142242431641 1.3100134134292602539 1.1454076766967773438 1.3376216888427734375 1.3231236934661865234 1.4328653812408447266 1.4880880117416381836 1.5328412055969238281 1.5105911493301391602 1.2399088144302368164 1.1539553403854370117 1.1752966642379760742 1.1736835241317749023 1.4295134544372558594 1.2914929389953613281 1.4525216817855834961 2.0858013629913330078 2.1668694019317626953 2.3225388526916503906 2.0897362232208251953 2.1599271297454833984 2.0506021976470947266 1.641470789909362793 1.5104554891586303711 1.7488220930099487305 1.911645054817199707 1.7635749578475952148 1.5629878044128417969 1.6553645133972167969 1.5334486961364746094 1.5104032754898071289 1.6322684288024902344 1.6546792984008789062 2.0310437679290771484 2.4134271144866943359 2.3653531074523925781 2.3719470500946044922 2.1978580951690673828 2.2883689403533935547
1.2706559896469116211 1.2512900829315185547 1.4529922008514404297 1.2254849672317504883 1.0966686010360717773 1.2131807804107666016 1.1847362518310546875 1.2660822868347167969 1.5295860767364501953 1.5724382400512695312 1.5149731636047363281 1.3062888383865356445 1.1637613773345947266 1.1625416278839111328 1.1920090913772583008 1.4263072013854980469 1.4444952011108398438 2.0786280632019042969 2.5592839717864990234 2.5738744735717773438 2.5289459228515625 2.2188749313354492188 2.1622045040130615234 2.1025147438049316406 1.7133994102478027344 1.7851266860961914062 1.8131698369979858398 1.9433706998825073242 1.692252039909362793 1.5592715740203857422 1.7382575273513793945 1.7246879339218139648 1.8364294767379760742 1.8794828653335571289 1.951977849006652832 2.1179111003875732422 2.2975521087646484375 2.1889843940734863281 2.15633392333984375 2.2108144760131835938
1.5242519378662109375 1.3927437067031860352 1.4670901298522949219 1.5239591598510742188 1.2236961126327514648 1.2053360939025878906 1.3834861516952514648 1.0711899995803833008 1.1158289909362792969 1.5551911592483520508 1.5789427757263183594 1.4784144163131713867 1.3615132570266723633 1.3618001937866210938 1.2102180719375610352 1.3121858835220336914 1.5543388128280639648 1.8547208309173583984 2.5296075344085693359 2.9102160930633544922 2.7497498989105224609 2.73564910888671875 2.33614349365234375 2.3302664756774902344 1.9881231784820556641 1.7101457118988037109 1.6049702167510986328 1.7091220617294311523 1.8406683206558227539 1.7247107028961181641 1.8574838638305664062 2.0445032119750976562 2.0375132560729980469 2.1541247367858886719 2.0490083694458007812 2.1458823680877685547 2.0514752864837646484 2.2315113544464111328 2.2295620441436767578 2.2595627307891845703
1.6175543069839477539 1.5201969146728515625 1.1604669094085693359 1.3580201864242553711 1.5332129001617431641 1.4303377866744995117 1.5182168483734130859 1.4793428182601928711 1.1582463979721069336 1.2894655466079711914 1.5345237255096435547 1.72739410400390625 1.6731386184692382812 1.6120449304580688477 1.5819240808486938477 1.4921982288360595703 1.6632822751998901367 1.8233124017715454102 2.4139804840087890625 3.1612138748168945312 3.1658215522766113281 2.9355099201202392578 2.7264702320098876953 2.46221160888671875 2.2695822715759277344 1.6517763137817382812 1.5939470529556274414 1.7309898138046264648 2.0606172084808349609 2.1879773139953613281 2.1804058551788330078 2.3261201381683349609 2.48230743408203125 2.2845063209533691406 2.2778270244598388672 2.2783985137939453125 2.4105377197265625 2.371368408203125 2.3704125881195068359 2.3376576900482177734
1.6271554231643676758 1.5354686975479125977 1.3423697948455810547 1.2414106130599975586 1.3689441680908203125 1.6445467472076416016 1.6833369731903076172 1.8763104677200317383 1.5880500078201293945 1.3524522781372070312 1.3348815441131591797 1.5760062932968139648 1.7918100357055664062 1.744349360466003418 1.729851841926574707 1.7040784358978271484 1.7853336334228515625 1.9411818981170654297 2.4046199321746826172 3.2270956039428710938 3.2643055915832519531 3.2166268825531005859 3.1918187141418457031 2.8879704475402832031 2.7976670265197753906 2.5753223896026611328 2.2265298366546630859 2.200855255126953125 2.3950624465942382812 2.6730945110321044922 2.749691009521484375 2.6470534801483154297 2.5709142684936523438 2.3760683536529541016 2.6318824291229248047 2.5085730552673339844 2.7030060291290283203 2.7027592658996582031 2.6278486251831054688 2.4948048591613769531
1.8643820285797119141 1.7082216739654541016 1.6664617061614990234 1.5523865222930908203 1.5432692766189575195 1.4023835659027099609 1.5986028909683227539 1.7288012504577636719 1.8709920644760131836 1.5983638763427734375 1.2899754047393798828 1.3573061227798461914 1.5566326379776000977 1.4758793115615844727 1.5716472864151000977 1.7204118967056274414 1.7359079122543334961 2.0198051929473876953 2.4662749767303466797 3.1327915191650390625 3.3551189899444580078 3.2527148723602294922 3.2131724357604980469 3.2139530181884765625 3.2732698917388916016 3.2883675098419189453 3.0944614410400390625 2.7835264205932617188 2.6690964698791503906 2.8142108917236328125 3.0460250377655029297 3.0232210159301757812 2.8311727046966552734 2.7669017314910888672 2.7662360668182373047 2.7693097591400146484 2.7028753757476806641 2.8431479930877685547 2.7184796333312988281 2.8130278587341308594
2.0475542545318603516 1.9987488985061645508 1.8435046672821044922 1.7331526279449462891 1.6621853113174438477 1.6458685398101806641 1.6568381786346435547 1.7035202980041503906 1.9539574384689331055 1.947704315185546875 1.5944184064865112305 1.6213040351867675781 1.4533536434173583984 1.4394109249114990234 1.2650629281997680664 1.4527888298034667969 1.4687949419021606445 1.7254852056503295898 2.2654294967651367188 3.0808901786804199219 3.3682196140289306641 3.2998807430267333984 3.2384867668151855469 3.2002890110015869141 3.222705841064453125 3.2109880447387695312 3.1618144512176513672 3.0575838088989257812 2.9119939804077148438 2.9859972000122070312 3.091053009033203125 3.0865194797515869141 3.0261077880859375 3.0566051006317138672 3.0028002262115478516 3.0013136863708496094 2.8459718227386474609 3.0194144248962402344 3.0980334281921386719 2.9133589267730712891
1.839453577995300293 1.8090550899505615234 1.7512990236282348633 1.8548824787139892578 1.6499409675598144531 1.7605026960372924805 1.771445155143737793 1.8963488340377807617 2.0509424209594726562 2.1137435436248779297 2.0260953903198242188 1.9418797492980957031 1.9411894083023071289 1.9325255155563354492 1.811396479606628418 1.6239811182022094727 1.3968513011932373047 1.5401761531829833984 1.756997227668762207 2.5343854427337646484 3.3043656349182128906 3.3719036579132080078 3.2783322334289550781 3.1585087776184082031 3.1763262748718261719 3.2044126987457275391 3.1690492630004882812 3.1142177581787109375 3.097820281982421875 3.0577013492584228516 2.9721028804779052734 2.8357138633728027344 2.9191334247589111328 3.0261018276214599609 3.0767612457275390625 3.0740473270416259766 3.0632185935974121094 3.080181121826171875 3.0875451564788818359 3.0906054973602294922
1.8494267463684082031 1.7784339189529418945 1.8520013093948364258 1.8369309902191162109 2.0068449974060058594 1.826205134391784668 1.983380436897277832 2.1031546592712402344 2.1811323165893554688 2.3337903022766113281 2.3315341472625732422 2.1649079322814941406 2.3647875785827636719 2.2964093685150146484 2.2905757427215576172 2.0768320560455322266 1.7608627080917358398 1.5686702728271484375 1.5371860265731811523 1.9407638311386108398 2.6986937522888183594 3.3554615974426269531 3.4096052646636962891 3.3091516494750976562 3.2662501335144042969 3.2384748458862304688 3.2677428722381591797 3.1990385055541992188 3.1255397796630859375 3.0524773597717285156 2.9589557647705078125 3.0418808460235595703 2.99764251708984375 3.0036349296569824219 3.1003901958465576172 3.1025099754333496094 3.1019344329833984375 3.1008265018463134766 3.1052577495574951172 3.1051425933837890625
2.0695846080780029297 2.0896804332733154297 2.2239272594451904297 2.1260535717010498047 2.0777924060821533203 1.9908540248870849609 1.9811747074127197266 2.1097292900085449219 2.3049986362457275391 2.5606470108032226562 2.6319952011108398438 2.5901329517364501953 2.5791258811950683594 2.573650360107421875 2.4929525852203369141 2.2183475494384765625 2.0928394794464111328 1.7119153738021850586 1.6340974569320678711 1.429607391357421875 2.0627942085266113281 2.7204492092132568359 3.2771372795104980469 3.275974273681640625 3.3194169998168945312 3.2302362918853759766 3.2887849807739257812 3.2076389789581298828 3.1056129932403564453 3.1142773628234863281 3.0992083549499511719 3.0911533832550048828 3.0932486057281494141 2.9583861827850341797 3.0180456638336181641 3.0237100124359130859 3.0652642250061035156 3.06970977783203125 3.1385746002197265625 3.1449956893920898438
