samples/et/map_et_2017-08-07.asc
ncols        322
nrows        306
xllcorner    -53.726171018035
yllcorner    -28.476684338117
cellsize     0.000269494585
NODATA_value  -1
[rows 234 to 251 of 306, columns 280 to 319 of 322]
2.2684519290924072266 2.3928976058959960938 2.21811676025390625 2.3390803337097167969 2.3508706092834472656 2.6196625232696533203 2.9209804534912109375 2.6693074703216552734 2.5609705448150634766 2.5811858177185058594 2.5596716403961181641 2.3179724216461181641 2.4963021278381347656 2.811832427978515625 2.5927486419677734375 2.5162515640258789062 2.2213144302368164062 2.0682082176208496094 2.0076265335083007812 1.7984811067581176758 1.6913814544677734375 1.674641728401184082 1.6279433965682983398 1.7643562555313110352 2.0799732208251953125 2.3806629180908203125 2.6559193134307861328 3.0868487358093261719 3.1096479892730712891 3.1171715259552001953 3.1022248268127441406 3.0415861606597900391 2.9762227535247802734 3.0669484138488769531 3.0982382297515869141 3.1050672531127929688 3.1557688713073730469 3.1353013515472412109 2.9342677593231201172 2.5183484554290771484
2.0918269157409667969 2.2288446426391601562 2.2222962379455566406 2.15937042236328125 2.3984091281890869141 2.5652029514312744141 2.6486437320709228516 2.7283546924591064453 2.7081000804901123047 2.7676103115081787109 2.6509571075439453125 2.3911347389221191406 2.3097026348114013672 2.5393342971801757812 2.6059744358062744141 2.6166234016418457031 2.2571663856506347656 1.8120201826095581055 1.8890088796615600586 1.7692257165908813477 1.7538480758666992188 1.5999687910079956055 1.4323199987411499023 1.400273442268371582 1.4200664758682250977 1.7106057405471801758 2.0552949905395507812 2.4834771156311035156 2.905498504638671875 3.1117825508117675781 3.1413204669952392578 3.0906603336334228516 2.9194278717041015625 3.1003279685974121094 3.2252662181854248047 3.2290184497833251953 3.2528424263000488281 3.2314240932464599609 3.1796362400054931641 2.7583739757537841797
2.1129853725433349609 2.1539125442504882812 2.3284296989440917969 2.1888957023620605469 2.2763073444366455078 2.5688462257385253906 2.7293002605438232422 2.625331878662109375 2.6392729282379150391 2.8239276409149169922 2.8020615577697753906 2.6496412754058837891 2.3057856559753417969 2.4685490131378173828 2.6107683181762695312 2.6263129711151123047 2.5726425647735595703 2.1561903953552246094 1.8828279972076416016 1.6639130115509033203 1.7743123769760131836 1.6803900003433227539 1.3663456439971923828 1.2262662649154663086 1.1056587696075439453 1.1261277198791503906 1.1825671195983886719 1.7362964153289794922 2.4116053581237792969 3.0161643028259277344 2.8973267078399658203 2.9164865016937255859 2.7193529605865478516 2.6922633647918701172 3.155956268310546875 3.2929806709289550781 3.3447961807250976562 3.3741884231567382812 3.3477621078491210938 3.3181729316711425781
2.2738883495330810547 2.2897751331329345703 2.3524651527404785156 2.4845662117004394531 2.1284604072570800781 2.2494723796844482422 2.3722798824310302734 2.6324534416198730469 2.6881678104400634766 2.6507287025451660156 2.9516539573669433594 2.9375450611114501953 2.5557353496551513672 2.4656133651733398438 2.8303053379058837891 2.778324127197265625 2.9346907138824462891 2.5405759811401367188 2.3728723526000976562 1.9468916654586791992 1.7908990383148193359 1.8900079727172851562 1.7099201679229736328 1.3683394193649291992 1.1864724159240722656 1.3200796842575073242 1.1300214529037475586 1.3427712917327880859 1.8758656978607177734 2.6560063362121582031 2.9674403667449951172 2.709583282470703125 2.9000153541564941406 2.8234500885009765625 3.1648492813110351562 3.2570557594299316406 3.3149254322052001953 3.3690364360809326172 3.3896114826202392578 3.3949372768402099609
2.3005671501159667969 2.3747191429138183594 2.1456773281097412109 2.2634234428405761719 2.0604619979858398438 2.1242356300354003906 2.3254802227020263672 2.4029886722564697266 2.4833157062530517578 2.5371317863464355469 2.5215818881988525391 2.6775174140930175781 2.6828758716583251953 2.4547052383422851562 2.7155551910400390625 2.6576635837554931641 3.0453896522521972656 2.8196642398834228516 2.5251653194427490234 2.3824746608734130859 1.909814000129699707 1.8909833431243896484 1.8913275003433227539 1.7831988334655761719 1.6187461614608764648 1.6171262264251708984 1.6719949245452880859 1.4913487434387207031 1.6461002826690673828 2.0263509750366210938 2.7694504261016845703 3.0108542442321777344 2.9606420993804931641 3.1108374595642089844 3.1768198013305664062 3.2704317569732666016 3.3145160675048828125 3.390522003173828125 3.4398515224456787109 3.4307534694671630859
2.2157659530639648438 1.9414514303207397461 1.9357984066009521484 1.9834239482879638672 2.1291942596435546875 2.0952329635620117188 2.38187408447265625 2.6128652095794677734 2.5314393043518066406 2.5178167819976806641 2.504184722900390625 2.5273129940032958984 2.594455718994140625 2.446178436279296875 2.4407143592834472656 2.3881990909576416016 2.5276062488555908203 2.763286590576171875 2.6193406581878662109 2.4733748435974121094 2.3907773494720458984 2.0814316272735595703 2.0104966163635253906 1.9367958307266235352 1.8650448322296142578 1.8288599252700805664 1.8317608833312988281 1.5978064537048339844 1.6302682161331176758 1.7196842432022094727 2.2789120674133300781 3.0230660438537597656 2.9226529598236083984 3.0266783237457275391 2.8864812850952148438 2.8715922832489013672 2.9996328353881835938 3.3077373504638671875 3.3686702251434326172 3.4453847408294677734
2.2082870006561279297 1.9728112220764160156 1.5698206424713134766 1.6805107593536376953 1.9903219938278198242 1.9282665252685546875 2.1946926116943359375 2.7341363430023193359 2.9229414463043212891 2.6295402050018310547 2.6284275054931640625 2.6122214794158935547 2.5958778858184814453 2.5694737434387207031 2.3142755031585693359 2.2636816501617431641 2.3709611892700195312 2.3924348354339599609 2.5850055217742919922 2.4857373237609863281 2.4844942092895507812 2.5379254817962646484 2.4359941482543945312 2.2069072723388671875 1.9447740316390991211 1.6895921230316162109 1.637562870979309082 1.5115190744400024414 1.5522454977035522461 1.8290680646896362305 2.2403101921081542969 2.8435661792755126953 2.7945871353149414062 2.6669256687164306641 2.6674454212188720703 2.4920291900634765625 2.409580230712890625 2.7419056892395019531 3.0613582134246826172 3.31877899169921875
2.1532344818115234375 1.9163658618927001953 1.5047488212585449219 1.6204893589019775391 1.9985738992691040039 1.9000343084335327148 2.1639199256896972656 2.7356972694396972656 2.9516735076904296875 2.6603922843933105469 2.6450240612030029297 2.6765165328979492188 2.6645882129669189453 2.5788896083831787109 2.3168995380401611328 2.3235967159271240234 2.4304294586181640625 2.4584896564483642578 2.6542809009552001953 2.5692441463470458984 2.5563337802886962891 2.6163184642791748047 2.5204603672027587891 2.3583369255065917969 2.0212810039520263672 1.7506326436996459961 1.6787580251693725586 1.5490571260452270508 1.5187050104141235352 1.8231711387634277344 2.3074424266815185547 2.8039317131042480469 2.7890772819519042969 2.6110849380493164062 2.5826134681701660156 2.4043731689453125 2.2910482883453369141 2.628086090087890625 2.9510493278503417969 3.1871707439422607422
2.0438024997711181641 2.2324676513671875 1.9105852842330932617 1.7463967800140380859 2.0023770332336425781 2.0716571807861328125 1.9331966638565063477 2.3790552616119384766 3.1743340492248535156 3.0909137725830078125 2.5757753849029541016 2.6844484806060791016 2.7319846153259277344 2.639980316162109375 2.5722637176513671875 2.5195496082305908203 2.6233868598937988281 2.6703133583068847656 2.5947663784027099609 2.6430635452270507812 2.5872356891632080078 2.6161966323852539062 2.6900351047515869141 2.6662528514862060547 2.1810255050659179688 1.8061797618865966797 1.4721673727035522461 1.4827506542205810547 1.1942250728607177734 1.5864983797073364258 2.1437189579010009766 2.5227863788604736328 2.89820098876953125 2.6622185707092285156 2.5598602294921875 2.6022129058837890625 2.4391732215881347656 2.5295352935791015625 2.6800646781921386719 2.6509611606597900391
1.8585934638977050781 2.2002127170562744141 2.2198395729064941406 2.1525783538818359375 1.9910720586776733398 2.2774031162261962891 2.1155717372894287109 2.3122448921203613281 3.0717618465423583984 3.1483819484710693359 3.1196892261505126953 2.8953034877777099609 3.0320634841918945312 2.8998789787292480469 2.7614102363586425781 2.7621047496795654297 2.7631649971008300781 3.0136592388153076172 3.0453953742980957031 2.9178009033203125 2.8387494087219238281 2.6330256462097167969 2.6245434284210205078 2.5454442501068115234 2.2921483516693115234 1.8039506673812866211 1.5463266372680664062 1.2099109888076782227 0.91043770313262939453 1.0247188806533813477 1.8233590126037597656 2.1556308269500732422 2.5113673210144042969 2.8282005786895751953 2.6261162757873535156 2.4607388973236083984 2.4425690174102783203 2.4880330562591552734 2.5155875682830810547 2.4200825691223144531
1.5828815698623657227 1.9282526969909667969 1.9176959991455078125 2.0297219753265380859 1.9763154983520507812 2.0436670780181884766 2.0341887474060058594 2.0784504413604736328 2.5762395858764648438 3.1395654678344726562 3.1270556449890136719 3.1001436710357666016 2.8837912082672119141 2.8353300094604492188 2.6376433372497558594 2.6312766075134277344 2.8790924549102783203 2.9419050216674804688 2.9764807224273681641 3.1504712104797363281 3.0806334018707275391 2.9081513881683349609 2.6927387714385986328 2.5681974887847900391 2.3715620040893554688 2.0644927024841308594 2.0347003936767578125 1.807913661003112793 1.3446947336196899414 1.1038321256637573242 1.3399639129638671875 1.9188871383666992188 2.1874239444732666016 2.3834226131439208984 2.6433589458465576172 2.3231031894683837891 2.1503915786743164062 2.0278713703155517578 2.1577460765838623047 2.0379338264465332031
1.5374954938888549805 1.51824188232421875 1.7084615230560302734 1.8915196657180786133 2.0344190597534179688 2.0695171356201171875 2.1181628704071044922 1.9929167032241821289 2.2781322002410888672 2.8609950542449951172 3.1610746383666992188 3.1389920711517333984 2.9748270511627197266 2.5275540351867675781 2.4642550945281982422 2.39405059814453125 2.7880110740661621094 2.7248463630676269531 2.8600385189056396484 3.0072729587554931641 3.025970458984375 2.733554840087890625 2.46002960205078125 2.50439453125 2.5287168025970458984 2.6461412906646728516 2.8036398887634277344 2.8308188915252685547 2.251026153564453125 1.7494318485260009766 1.5809187889099121094 1.7767903804779052734 1.954487919807434082 2.101230621337890625 2.3260252475738525391 2.2433159351348876953 2.0446035861968994141 1.8501147031784057617 1.6862939596176147461 1.6847780942916870117
1.9087116718292236328 1.5588079690933227539 1.7072501182556152344 1.7761281728744506836 2.0337266921997070312 2.1805033683776855469 2.0768995285034179688 2.0335736274719238281 2.0212216377258300781 2.2775423526763916016 3.2246344089508056641 3.2305366992950439453 3.1766993999481201172 3.020290374755859375 2.7751955986022949219 2.7608098983764648438 2.8152661323547363281 2.867542266845703125 2.941375732421875 3.1090390682220458984 3.0561347007751464844 2.7106206417083740234 2.4703719615936279297 2.4373729228973388672 2.5611300468444824219 2.6931450366973876953 3.0120069980621337891 3.5385658740997314453 3.0564568042755126953 2.2989742755889892578 2.12201690673828125 2.1103386878967285156 2.1432337760925292969 2.0333721637725830078 2.2633874416351318359 2.2723722457885742188 2.1165699958801269531 1.9195501804351806641 1.6262345314025878906 1.6705232858657836914
1.803955078125 1.5348572731018066406 1.6602771282196044922 1.7135294675827026367 1.8305561542510986328 1.8111957311630249023 1.8986886739730834961 1.913399815559387207 1.8879451751708984375 2.0941288471221923828 2.8099720478057861328 3.3538804054260253906 3.3001017570495605469 3.2449188232421875 3.1805670261383056641 3.1504709720611572266 3.1138336658477783203 3.1232080459594726562 3.00716400146484375 3.033786773681640625 3.1210639476776123047 3.0220887660980224609 2.7064909934997558594 2.5636796951293945312 2.5599143505096435547 2.5585699081420898438 2.7224736213684082031 3.3768141269683837891 3.5550019741058349609 3.1308350563049316406 2.749847412109375 2.6196966171264648438 2.4578287601470947266 2.3239853382110595703 2.2774868011474609375 2.3861131668090820312 2.1493771076202392578 2.0620813369750976562 1.875084996223449707 1.7003507614135742188
1.1288878917694091797 0.94845986366271972656 1.1059703826904296875 1.3839669227600097656 1.8384897708892822266 1.8833129405975341797 1.8481940031051635742 1.864722132682800293 1.7149567604064941406 1.8743014335632324219 2.3032889366149902344 2.9563987255096435547 3.2611222267150878906 3.238353729248046875 3.1825237274169921875 3.1649432182312011719 3.1610400676727294922 3.1353192329406738281 3.0248925685882568359 2.8677022457122802734 2.8820056915283203125 2.9007232189178466797 2.7192194461822509766 2.5825369358062744141 2.4678730964660644531 2.4378948211669921875 2.6209461688995361328 2.8607327938079833984 3.5151319503784179688 3.3984837532043457031 3.0960187911987304688 2.6412897109985351562 2.5692741870880126953 2.4434752464294433594 2.2115526199340820312 2.0143985748291015625 1.9528591632843017578 1.8685320615768432617 1.9489548206329345703 1.8593671321868896484
0.41412958502769470215 0.060796312987804412842 0.25930437445640563965 0.84074723720550537109 1.5571900606155395508 1.9721660614013671875 2.0329182147979736328 2.0782938003540039062 1.6191017627716064453 1.535908818244934082 1.7771849632263183594 2.1566529273986816406 2.4136474132537841797 2.7106130123138427734 2.7054553031921386719 2.748561859130859375 2.7497961521148681641 2.7444415092468261719 2.8031756877899169922 2.8343019485473632812 2.9966070652008056641 2.9251115322113037109 2.8202376365661621094 2.5408098697662353516 2.2302258014678955078 2.2759172916412353516 2.2955253124237060547 2.3487563133239746094 2.9308567047119140625 3.2796490192413330078 3.1291370391845703125 2.6433451175689697266 2.5996296405792236328 2.5176725387573242188 2.3652184009552001953 1.9875085353851318359 1.7500586509704589844 1.7644964456558227539 1.7663968801498413086 1.8706296682357788086
-0.055568024516105651855 -0.36839625239372253418 -0.5833809971809387207 0.220911368727684021 0.94476675987243652344 1.4239659309387207031 1.8632606267929077148 2.1503276824951171875 1.8978822231292724609 1.4848171472549438477 1.5325856208801269531 1.9503682851791381836 1.963976740837097168 2.1495053768157958984 2.3536601066589355469 2.4153356552124023438 2.4063615798950195312 2.4086441993713378906 2.5393872261047363281 2.6933188438415527344 2.8516345024108886719 3.0272574424743652344 2.9593896865844726562 2.7267549037933349609 2.1749401092529296875 2.1597058773040771484 1.8813261985778808594 1.8763506412506103516 2.1404376029968261719 2.7815654277801513672 3.0797626972198486328 2.9552023410797119141 2.7812554836273193359 2.7604305744171142578 2.4736859798431396484 2.2194354534149169922 1.9170343875885009766 1.783321380615234375 1.8753527402877807617 1.7824424505233764648
-0.015936337411403656006 -0.27743375301361083984 -0.83182746171951293945 -0.78396302461624145508 0.022807888686656951904 0.39226579666137695312 1.1736582517623901367 1.7817716598510742188 1.6979273557662963867 1.8069814443588256836 1.7871623039245605469 1.9253008365631103516 2.012012481689453125 1.977360844612121582 2.2273170948028564453 2.2787232398986816406 2.4131064414978027344 2.4241614341735839844 2.4926428794860839844 2.5732953548431396484 2.7895486354827880859 2.7796301841735839844 2.8854720592498779297 2.7747285366058349609 2.5274975299835205078 2.0498147010803222656 1.7615543603897094727 1.5265024900436401367 1.8728040456771850586 2.3542850017547607422 2.6549494266510009766 2.7751131057739257812 2.7321345806121826172 2.9316287040710449219 2.7518985271453857422 2.2933893203735351562 2.1831078529357910156 1.8935475349426269531 1.9451777935028076172 1.945110321044921875
