samples/et/map_et_2017-04-17.asc
ncols        322
nrows        306
xllcorner    -53.726171018035
yllcorner    -28.476684338117
cellsize     0.000269494585
NODATA_value  -1
[rows 136 to 152 of 306, columns 40 to 79 of 322]
-0.309726715087890625 -0.1939649730920791626 0.14786285161972045898 0.36981487274169921875 0.35654160380363464355 0.35006538033485412598 0.47228473424911499023 0.44929075241088867188 0.61210894584655761719 0.85793501138687133789 0.78917968273162841797 0.8105316162109375 0.70490366220474243164 0.64382004737854003906 0.66301304101943969727 0.60332953929901123047 0.54871314764022827148 0.44960379600524902344 0.38144868612289428711 0.34782230854034423828 0.33392319083213806152 0.40239754319190979004 0.47164082527160644531 0.5315945744514465332 0.53377908468246459961 0.74286550283432006836 0.89296573400497436523 1.1517486572265625 1.3086934089660644531 1.3934682607650756836 1.4941920042037963867 1.5583071708679199219 1.6983088254928588867 1.9245238304138183594 2.051738739013671875 2.0039668083190917969 1.5558154582977294922 1.149325251579284668 1.039033055305480957 1.0155442953109741211
-0.055585935711860656738 0.033895399421453475952 0.27173554897308349609 0.47927722334861755371 0.50111281871795654297 0.42269554734230041504 0.48395201563835144043 0.71516823768615722656 0.87038248777389526367 1.0933490991592407227 1.0561252832412719727 1.0051125288009643555 0.85670250654220581055 0.7049815058708190918 0.71964907646179199219 0.65749353170394897461 0.61400204896926879883 0.54909569025039672852 0.38477140665054321289 0.27628037333488464355 0.25807592272758483887 0.23153975605964660645 0.18996730446815490723 0.29433411359786987305 0.40222543478012084961 0.57241702079772949219 0.80291408300399780273 1.0106567144393920898 1.2598687410354614258 1.4118611812591552734 1.4232741594314575195 1.4098718166351318359 1.4084829092025756836 1.5128329992294311523 1.7875343561172485352 1.8941948413848876953 1.8201069831848144531 1.4612832069396972656 1.2786800861358642578 1.1046930551528930664
0.083750851452350616455 0.22345602512359619141 0.4385738670825958252 0.62378621101379394531 0.69313889741897583008 0.63240855932235717773 0.64483147859573364258 0.91775989532470703125 1.0429494380950927734 1.1766858100891113281 1.1159567832946777344 1.0165743827819824219 0.92219632863998413086 0.83559006452560424805 0.75721418857574462891 0.76632934808731079102 0.67844861745834350586 0.67859238386154174805 0.62040019035339355469 0.40055060386657714844 0.45011299848556518555 0.33551970124244689941 0.15665273368358612061 0.1339915543794631958 0.194211617112159729 0.26831135153770446777 0.4722442626953125 0.75941431522369384766 1.0871450901031494141 1.270394444465637207 1.1639288663864135742 1.1233206987380981445 1.1340627670288085938 1.2826360464096069336 1.4078142642974853516 1.5841389894485473633 1.6115088462829589844 1.5394955873489379883 1.4066411256790161133 1.3200727701187133789
0.10396896302700042725 0.29501041769981384277 0.55531471967697143555 0.76627647876739501953 0.9448795318603515625 0.87290900945663452148 0.76284873485565185547 0.99041664600372314453 1.1886570453643798828 1.2227421998977661133 1.1001567840576171875 1.1472144126892089844 1.0987539291381835938 1.0339552164077758789 0.91549408435821533203 0.87623673677444458008 0.79403579235076904297 0.80005544424057006836 0.92115700244903564453 0.8400554656982421875 0.8496875762939453125 0.61537116765975952148 0.49340316653251647949 0.49721497297286987305 0.33935287594795227051 0.22718253731727600098 0.20210617780685424805 0.42840218544006347656 0.90697705745697021484 1.1161581277847290039 0.99132895469665527344 0.72005993127822875977 0.81214594841003417969 0.99576371908187866211 1.1480848789215087891 1.3688069581985473633 1.3993500471115112305 1.3947093486785888672 1.3401401042938232422 1.4014261960983276367
0.17235922813415527344 0.30670496821403503418 0.60380738973617553711 0.84779709577560424805 1.0225683450698852539 0.92734187841415405273 0.82243871688842773438 1.0927513837814331055 1.3315982818603515625 1.3524090051651000977 1.2146586179733276367 1.2827042341232299805 1.2034984827041625977 1.1586507558822631836 1.0276643037796020508 1.0113559961318969727 0.93575018644332885742 0.95930677652359008789 1.1370691061019897461 1.0724807977676391602 1.0855841636657714844 0.89597284793853759766 0.72735613584518432617 0.71867913007736206055 0.53174012899398803711 0.24455270171165466309 0.20519360899925231934 0.34391623735427856445 0.81253755092620849609 1.0173000097274780273 0.91565948724746704102 0.65240913629531860352 0.75141227245330810547 0.94935375452041625977 1.1414583921432495117 1.3601647615432739258 1.3841418027877807617 1.3759005069732666016 1.3445705175399780273 1.4046329259872436523
0.28095966577529907227 0.32961156964302062988 0.48496776819229125977 0.75954800844192504883 1.1164801120758056641 1.1523038148880004883 1.0289231538772583008 1.1845926046371459961 1.404511570930480957 1.6185889244079589844 1.6011979579925537109 1.5303527116775512695 1.4827576875686645508 1.2488362789154052734 1.0969597101211547852 1.0971186161041259766 1.0174028873443603516 0.95049721002578735352 1.2005972862243652344 1.2626193761825561523 1.2870512008666992188 1.1505620479583740234 1.0384124517440795898 0.89450991153717041016 0.72332102060317993164 0.52421855926513671875 0.32597491145133972168 0.31555858254432678223 0.73132479190826416016 1.1475659608840942383 0.89481472969055175781 0.49990808963775634766 0.38353121280670166016 0.56082975864410400391 0.93504887819290161133 1.1255090236663818359 1.2547169923782348633 1.3605501651763916016 1.3648957014083862305 1.3617792129516601562
0.35955372452735900879 0.33474814891815185547 0.44053453207015991211 0.56519210338592529297 0.90680348873138427734 1.131319880485534668 1.2379999160766601562 1.372088313102722168 1.4394448995590209961 1.5815565586090087891 1.7464739084243774414 1.8130627870559692383 1.8490309715270996094 1.6479381322860717773 1.3363144397735595703 1.2050443887710571289 1.1040152311325073242 1.0417859554290771484 1.2596325874328613281 1.29074859619140625 1.3851759433746337891 1.3764501810073852539 1.3259679079055786133 1.0911402702331542969 1.0320502519607543945 0.90964716672897338867 0.56634235382080078125 0.37685430049896240234 0.58873397111892700195 1.3680952787399291992 1.236584782600402832 0.63044434785842895508 0.34991496801376342773 0.32272577285766601562 0.69739443063735961914 1.1003803014755249023 1.2352746725082397461 1.2956444025039672852 1.3512817621231079102 1.3570358753204345703
0.50442069768905639648 0.41058680415153503418 0.53370344638824462891 0.47239640355110168457 0.71921777725219726562 1.0291832685470581055 1.3470338582992553711 1.5336455106735229492 1.5094457864761352539 1.5877685546875 1.7398655414581298828 1.9832918643951416016 2.1706130504608154297 2.0897667407989501953 1.8096410036087036133 1.5316191911697387695 1.3783758878707885742 1.2610757350921630859 1.6192116737365722656 1.5199720859527587891 1.5425750017166137695 1.5078852176666259766 1.53006744384765625 1.3522446155548095703 1.3217278718948364258 1.1951526403427124023 0.97187840938568115234 0.62295168638229370117 0.61293363571166992188 1.2619588375091552734 1.7886582612991333008 1.3346382379531860352 0.78408271074295043945 0.43834376335144042969 0.43426263332366943359 0.80998188257217407227 1.2558932304382324219 1.3464131355285644531 1.3086113929748535156 1.321117401123046875
0.66068679094314575195 0.71067738533020019531 0.961765289306640625 0.92623096704483032227 0.7837435603141784668 0.84988808631896972656 1.3859151601791381836 1.6403367519378662109 1.6134467124938964844 1.5711138248443603516 1.8129433393478393555 2.1259684562683105469 2.2804555892944335938 2.3108797073364257812 2.2523055076599121094 2.0061819553375244141 1.7937672138214111328 1.6976826190948486328 1.6806101799011230469 1.7491242885589599609 1.7400995492935180664 1.6211721897125244141 1.6361839771270751953 1.4559633731842041016 1.2920094728469848633 1.1650537252426147461 1.0623582601547241211 0.97749209403991699219 0.90787261724472045898 1.3659895658493041992 2.0686914920806884766 2.0029256343841552734 1.4808433055877685547 0.80588883161544799805 0.49255967140197753906 0.59126573801040649414 0.93495571613311767578 1.1568846702575683594 1.2114226818084716797 1.140834808349609375
0.7756792902946472168 0.80771142244338989258 1.0391725301742553711 1.3854310512542724609 1.2187474966049194336 0.97802346944808959961 1.069422602653503418 1.4543681144714355469 1.593339085578918457 1.6389418840408325195 1.9307312965393066406 2.1815438270568847656 2.3029372692108154297 2.1810665130615234375 2.3056688308715820312 2.3041796684265136719 2.0874986648559570312 1.9252095222473144531 1.9071143865585327148 1.9282768964767456055 1.9622619152069091797 1.8953276872634887695 1.8253030776977539062 1.7029821872711181641 1.4078806638717651367 1.1554460525512695312 1.0591893196105957031 1.1701246500015258789 1.189631342887878418 1.5019538402557373047 2.0943903923034667969 2.3136668205261230469 1.868401646614074707 1.2616338729858398438 0.84214365482330322266 0.71108657121658325195 0.79947143793106079102 0.95415610074996948242 1.0551569461822509766 1.0326526165008544922
0.80273211002349853516 0.91752290725708007812 1.2160439491271972656 1.4646154642105102539 1.3986690044403076172 1.2732635736465454102 1.075133204460144043 1.3246226310729980469 1.5648387670516967773 1.6249134540557861328 1.9620242118835449219 2.3099427223205566406 2.5621004104614257812 2.2727961540222167969 2.2375161647796630859 2.3402984142303466797 2.3650360107421875 2.1471488475799560547 2.0559048652648925781 2.1093571186065673828 2.1344804763793945312 2.1683895587921142578 2.0002086162567138672 1.9451428651809692383 1.7495197057723999023 1.5303555727005004883 1.3847566843032836914 1.2367968559265136719 1.2482661008834838867 1.2490127086639404297 1.6013772487640380859 2.1287314891815185547 2.0728249549865722656 1.6973224878311157227 1.2618248462677001953 1.0018056631088256836 0.95860898494720458984 1.0898883342742919922 1.1456046104431152344 1.1162134408950805664
0.87903034687042236328 0.94695490598678588867 1.1930574178695678711 1.3853359222412109375 1.3356534242630004883 1.262804865837097168 1.2252959012985229492 1.3514723777770996094 1.469946742057800293 1.5317087173461914062 1.7504312992095947266 2.2431087493896484375 2.5579178333282470703 2.5432753562927246094 2.4428937435150146484 2.4767565727233886719 2.5098130702972412109 2.4946978092193603516 2.4012656211853027344 2.3153886795043945312 2.3255901336669921875 2.2933831214904785156 2.2498378753662109375 2.1014685630798339844 1.9687359333038330078 1.8697029352188110352 1.7553637027740478516 1.5136425495147705078 1.3007435798645019531 1.284077763557434082 1.299039006233215332 1.6454201936721801758 1.903500676155090332 1.8647555112838745117 1.4712849855422973633 1.2155267000198364258 1.0464817285537719727 1.097286224365234375 1.2481368780136108398 1.2628725767135620117
0.94134569168090820312 1.021022796630859375 1.2342481613159179688 1.4281468391418457031 1.2936486005783081055 1.3118060827255249023 1.2481118440628051758 1.3820806741714477539 1.4388155937194824219 1.6060943603515625 1.5170439481735229492 1.9364500045776367188 2.2637419700622558594 2.4915015697479248047 2.5230286121368408203 2.500335693359375 2.53189849853515625 2.5489096641540527344 2.6034693717956542969 2.4473240375518798828 2.4978160858154296875 2.3501989841461181641 2.3178572654724121094 2.1843228340148925781 2.02172088623046875 1.9276580810546875 1.8496851921081542969 1.7464402914047241211 1.5534348487854003906 1.4873491525650024414 1.3374187946319580078 1.5162163972854614258 1.7505816221237182617 1.723369598388671875 1.533556818962097168 1.1753166913986206055 1.0944689512252807617 1.14189910888671875 1.2086673974990844727 1.3988796472549438477
0.84803295135498046875 1.0540034770965576172 1.1988492012023925781 1.3937757015228271484 1.3667980432510375977 1.3339749574661254883 1.2969257831573486328 1.2405277490615844727 1.435161590576171875 1.5374616384506225586 1.4576822519302368164 1.5671255588531494141 1.8916592597961425781 2.1948192119598388672 2.282283782958984375 2.51757049560546875 2.5907213687896728516 2.5822701454162597656 2.6805646419525146484 2.5334944725036621094 2.5572998523712158203 2.3886969089508056641 2.2888188362121582031 2.1633977890014648438 2.0166471004486083984 1.8588361740112304688 1.8239874839782714844 1.6880724430084228516 1.6493729352951049805 1.6540092229843139648 1.6298303604125976562 1.5853568315505981445 1.7824300527572631836 1.7434811592102050781 1.7330446243286132812 1.364092707633972168 1.0953552722930908203 1.0093562602996826172 1.1078333854675292969 1.26589202880859375
0.92957663536071777344 1.0255712270736694336 1.0435512065887451172 1.0160166025161743164 1.2593572139739990234 1.3379933834075927734 1.234935760498046875 0.99141019582748413086 1.2199164628982543945 1.3867998123168945312 1.3959680795669555664 1.4187401533126831055 1.5504717826843261719 1.8160257339477539062 1.9383077621459960938 1.956282496452331543 2.3096935749053955078 2.5747981071472167969 2.699321746826171875 2.7599155902862548828 2.6406013965606689453 2.5206201076507568359 2.3131995201110839844 2.2747828960418701172 2.1234116554260253906 1.9845070838928222656 1.8820191621780395508 1.8126329183578491211 1.740375518798828125 1.8922574520111083984 1.9057041406631469727 1.8967194557189941406 2.0545475482940673828 2.1605939865112304688 1.9711370468139648438 1.9219837188720703125 1.6607384681701660156 1.3612352609634399414 1.0994489192962646484 1.1392633914947509766
1.0141751766204833984 0.97149753570556640625 0.91488051414489746094 0.86058843135833740234 0.844417572021484375 0.98223745822906494141 0.86786162853240966797 0.67272496223449707031 0.74903398752212524414 1.1441096067428588867 1.1930602788925170898 1.2838634252548217773 1.3574397563934326172 1.6734540462493896484 1.868361353874206543 1.8713362216949462891 1.9217208623886108398 2.2859795093536376953 2.5668020248413085938 2.7939836978912353516 2.6549768447875976562 2.6406116485595703125 2.4178378582000732422 2.2849369049072265625 2.1257669925689697266 2.1454126834869384766 2.0324385166168212891 1.8869420289993286133 1.8255345821380615234 2.0327179431915283203 2.1133284568786621094 2.0507423877716064453 2.2114379405975341797 2.3427138328552246094 2.2297224998474121094 2.0633771419525146484 2.0221364498138427734 1.818301081657409668 1.4066675901412963867 1.2627297639846801758
0.90665203332901000977 0.90223729610443115234 0.79130500555038452148 0.71076017618179321289 0.64915889501571655273 0.51770126819610595703 0.35893309116363525391 0.31372588872909545898 0.49265620112419128418 0.70805794000625610352 0.93151426315307617188 1.0419661998748779297 1.0886881351470947266 1.4888395071029663086 1.7371993064880371094 1.8343797922134399414 1.8646664619445800781 1.9378507137298583984 2.2727618217468261719 2.5129196643829345703 2.4059314727783203125 2.5324280261993408203 2.3958075046539306641 2.1788630485534667969 2.0601909160614013672 2.0449748039245605469 1.9992523193359375 1.8618946075439453125 1.787772059440612793 1.8985687494277954102 1.9149810075759887695 1.8469736576080322266 1.9938402175903320312 2.2830171585083007812 2.2937986850738525391 2.2971723079681396484 2.2731800079345703125 2.0808615684509277344 1.6919953823089599609 1.4096583127975463867
