samples/et/map_et_2017-08-07.asc
ncols        322
nrows        306
xllcorner    -53.726171018035
yllcorner    -28.476684338117
cellsize     0.000269494585
NODATA_value  -1
[rows 36 to 53 of 306, columns 0 to 39 of 322]
nan 1.2105467319488525391 1.4027329683303833008 1.1749362945556640625 1.4503091573715209961 1.4989205598831176758 1.6771408319473266602 1.7501376867294311523 1.5437887907028198242 1.3713195323944091797 1.2068706750869750977 0.91088974475860595703 0.37511911988258361816 0.41625893115997314453 0.58356082439422607422 1.0333483219146728516 1.3877151012420654297 2.1025936603546142578 2.9782729148864746094 3.1133182048797607422 3.1457638740539550781 3.1112952232360839844 2.8159432411193847656 2.6562662124633789062 2.4208300113677978516 2.0967583656311035156 1.9914362430572509766 1.76305389404296875 1.9623874425888061523 2.2977018356323242188 2.3169040679931640625 2.2992048263549804688 2.3680315017700195312 2.7168865203857421875 2.8589417934417724609 3.0813159942626953125 3.1533234119415283203 3.2401361465454101562 3.1829817295074462891 3.1752383708953857422
nan 0.37747612595558166504 0.45445084571838378906 0.80940568447113037109 0.93625485897064208984 1.2639406919479370117 1.3430360555648803711 1.2912806272506713867 1.2167255878448486328 1.055755615234375 0.82516229152679443359 0.57018184661865234375 0.28451481461524963379 0.20836548507213592529 0.52683699131011962891 1.0665403604507446289 1.3701533079147338867 1.9131941795349121094 2.6068642139434814453 2.8722417354583740234 3.0515410900115966797 3.1175861358642578125 3.0850481986999511719 2.7220709323883056641 2.5449059009552001953 1.9021257162094116211 1.7976477146148681641 1.6392819881439208984 1.7609635591506958008 2.0693912506103515625 2.2429397106170654297 2.4211556911468505859 2.3107049465179443359 2.6273665428161621094 2.890224456787109375 3.0556511878967285156 3.1251537799835205078 3.3695721626281738281 3.3592634201049804688 3.3395376205444335938
nan 0.25306007266044616699 0.078181922435760498047 0.28459051251411437988 0.41020935773849487305 0.55778944492340087891 0.71582323312759399414 0.80199611186981201172 0.76623868942260742188 0.73459851741790771484 0.62684363126754760742 0.72914201021194458008 0.71531832218170166016 0.68515306711196899414 0.79408907890319824219 1.1735857725143432617 1.6173895597457885742 1.9359029531478881836 2.4204392433166503906 2.6600558757781982422 2.6585192680358886719 2.8056132793426513672 2.7677242755889892578 2.4649498462677001953 2.2755119800567626953 2.1285316944122314453 2.03841400146484375 1.8013353347778320312 1.8477579355239868164 2.0029225349426269531 2.2676913738250732422 2.4307360649108886719 2.485172271728515625 2.3922107219696044922 2.7255480289459228516 2.7428481578826904297 2.7525670528411865234 2.9431707859039306641 3.0238924026489257812 3.0196139812469482422
nan 0.25172594189643859863 0.26066121459007263184 0.26860156655311584473 0.35450956225395202637 0.51947325468063354492 0.56360149383544921875 0.82231354713439941406 0.83882790803909301758 0.51167833805084228516 0.65220111608505249023 0.90902191400527954102 1.0510488748550415039 1.0546654462814331055 1.1305255889892578125 1.1788667440414428711 1.728243708610534668 1.8813822269439697266 2.4324471950531005859 2.4729578495025634766 2.5382027626037597656 2.5959126949310302734 2.5589244365692138672 2.3101227283477783203 2.1900992393493652344 1.9592460393905639648 1.8599716424942016602 1.8834192752838134766 1.9109694957733154297 2.1402559280395507812 2.4422495365142822266 2.3994221687316894531 2.4208629131317138672 2.4821314811706542969 2.4520819187164306641 2.4493911266326904297 2.3898127079010009766 2.3762941360473632812 2.5004885196685791016 2.4716091156005859375
nan 0.27246296405792236328 0.28116017580032348633 0.28163278102874755859 0.36622133851051330566 0.52023667097091674805 0.63428747653961181641 0.80579018592834472656 0.82797098159790039062 0.58083903789520263672 0.71971875429153442383 0.95705282688140869141 1.0581301450729370117 1.1807569265365600586 1.274251103401184082 1.3449877500534057617 1.8123428821563720703 1.9409641027450561523 2.2882981300354003906 2.3951070308685302734 2.4100890159606933594 2.5043807029724121094 2.4621422290802001953 2.3095338344573974609 2.1919908523559570312 1.8725969791412353516 1.8293941020965576172 1.8691958189010620117 1.9538284540176391602 2.1902244091033935547 2.4551384449005126953 2.3452079296112060547 2.3754155635833740234 2.459224700927734375 2.4120323657989501953 2.4108090400695800781 2.4131324291229248047 2.4316713809967041016 2.4319467544555664062 2.3426616191864013672
nan 0.72171950340270996094 0.68793624639511108398 0.69202411174774169922 0.5410448908805847168 0.83074671030044555664 0.76963746547698974609 0.91541439294815063477 1.0901381969451904297 0.97803473472595214844 0.92529159784317016602 1.1883462667465209961 1.2996098995208740234 1.4212952852249145508 1.5121858119964599609 1.4224337339401245117 1.7516946792602539062 2.0620269775390625 2.1726410388946533203 2.2509706020355224609 2.4095320701599121094 2.5121123790740966797 2.8059334754943847656 2.8028693199157714844 2.2527344226837158203 1.8209855556488037109 1.7771315574645996094 1.6659915447235107422 1.7674535512924194336 2.2469668388366699219 2.3809528350830078125 2.2852084636688232422 2.2454404830932617188 2.3201508522033691406 2.4382760524749755859 2.440746307373046875 2.4643251895904541016 2.384876251220703125 2.1790983676910400391 2.1767561435699462891
nan 1.2187931537628173828 1.0795407295227050781 0.99407273530960083008 1.0020135641098022461 1.0245833396911621094 1.0920183658599853516 1.1819211244583129883 1.0793834924697875977 1.2119733095169067383 0.94546163082122802734 0.91766452789306640625 1.3562471866607666016 1.5422369241714477539 1.5964694023132324219 1.5526590347290039062 1.5475685596466064453 1.968333125114440918 2.1097235679626464844 2.2369062900543212891 2.2401039600372314453 2.3547379970550537109 2.6463878154754638672 2.8021817207336425781 2.276897430419921875 1.9768184423446655273 1.9299601316452026367 1.6214710474014282227 1.7148621082305908203 1.8682656288146972656 2.0622746944427490234 2.1447162628173828125 2.2813899517059326172 2.3631610870361328125 2.5158865451812744141 2.5727403163909912109 2.5264503955841064453 2.3148722648620605469 1.91216278076171875 1.9443720579147338867
nan 1.655223846435546875 1.3787609338760375977 1.2647844552993774414 1.2787768840789794922 1.1816085577011108398 1.4458395242691040039 1.4026578664779663086 1.3462899923324584961 1.2739055156707763672 1.2265636920928955078 0.81343746185302734375 0.96941959857940673828 1.3054395914077758789 1.4015974998474121094 1.5378792285919189453 1.3793299198150634766 1.6993305683135986328 2.0091338157653808594 2.4815509319305419922 2.4093210697174072266 2.198360443115234375 2.2427093982696533203 2.3280010223388671875 2.1285574436187744141 1.8148289918899536133 1.7899572849273681641 1.6210623979568481445 1.5885518789291381836 1.6474753618240356445 1.9131999015808105469 2.0350344181060791016 2.1327459812164306641 2.5387141704559326172 2.5629746913909912109 2.4291617870330810547 2.45587921142578125 2.1749765872955322266 1.9388242959976196289 1.7243571281433105469
nan 1.6761684417724609375 1.5538563728332519531 1.5360168218612670898 1.3130936622619628906 1.3487008810043334961 1.2892645597457885742 1.3055313825607299805 1.2933040857315063477 1.050113677978515625 0.98836457729339599609 0.97007256746292114258 0.69910669326782226562 0.95814418792724609375 1.2400826215744018555 1.3892496824264526367 1.5034345388412475586 1.4625346660614013672 1.9207681417465209961 2.5558075904846191406 2.5080027580261230469 2.3505649566650390625 2.0727229118347167969 2.0970468521118164062 2.0427105426788330078 1.8647197484970092773 1.8553041219711303711 1.5668663978576660156 1.6603550910949707031 1.7117370367050170898 1.950888514518737793 2.1777939796447753906 1.9363000392913818359 2.1700177192687988281 2.2536618709564208984 2.2415986061096191406 1.9764159917831420898 1.9035851955413818359 1.7286896705627441406 1.6119141578674316406
nan 1.7069519758224487305 1.742768406867980957 1.6418358087539672852 1.5671731233596801758 1.4739955663681030273 1.3142889738082885742 1.2485316991806030273 1.1320948600769042969 1.0629600286483764648 0.85438126325607299805 0.83644682168960571289 0.82357496023178100586 0.85382544994354248047 1.2015498876571655273 1.4088932275772094727 1.6479754447937011719 1.6399278640747070312 1.7380158901214599609 2.3247201442718505859 2.6728713512420654297 2.3673739433288574219 2.2507252693176269531 2.0812020301818847656 1.9929634332656860352 1.8875572681427001953 1.8761457204818725586 1.9518795013427734375 2.0443072319030761719 2.0521328449249267578 1.9934009313583374023 2.1206369400024414062 1.9088299274444580078 1.9345420598983764648 1.9406706094741821289 2.2503428459167480469 2.1361055374145507812 1.9893581867218017578 1.7437896728515625 1.5417040586471557617
nan 1.8434619903564453125 1.9257624149322509766 1.8003979921340942383 1.7448906898498535156 1.6716299057006835938 1.4059609174728393555 1.4068359136581420898 1.1924803256988525391 1.1585041284561157227 1.1078739166259765625 0.85445404052734375 0.91834110021591186523 0.84844356775283813477 1.2956364154815673828 1.4720392227172851562 1.8007057905197143555 1.9811741113662719727 2.1595532894134521484 2.287822723388671875 2.7567894458770751953 2.6084616184234619141 2.4205579757690429688 2.2239558696746826172 2.0645904541015625 1.9746707677841186523 1.9486191272735595703 2.1735970973968505859 2.3544292449951171875 2.5770554542541503906 2.0856790542602539062 1.9290672540664672852 2.0693619251251220703 2.0128438472747802734 1.9751408100128173828 2.1497430801391601562 2.3641409873962402344 2.1649045944213867188 2.0242266654968261719 2.0022091865539550781
nan 1.3719677925109863281 1.9782834053039550781 2.2297098636627197266 1.9169476032257080078 1.8811508417129516602 1.6994571685791015625 1.4478234052658081055 1.5581232309341430664 1.3620363473892211914 1.0838046073913574219 0.78854203224182128906 0.63848382234573364258 0.82619452476501464844 1.2252188920974731445 1.6780748367309570312 1.8174535036087036133 2.03845977783203125 2.3537328243255615234 2.6382405757904052734 2.914928436279296875 3.0465843677520751953 2.9104170799255371094 2.7318608760833740234 2.5602395534515380859 2.3588185310363769531 2.1926796436309814453 2.0151181221008300781 2.2452578544616699219 2.6152234077453613281 2.3482375144958496094 1.8584102392196655273 2.0140681266784667969 2.2080097198486328125 2.2603738307952880859 2.0516698360443115234 2.3545713424682617188 2.3162560462951660156 2.2222383022308349609 2.0663633346557617188
nan 0.90558981895446777344 1.2844176292419433594 1.9617387056350708008 2.1456444263458251953 1.9520227909088134766 2.0423254966735839844 1.9010865688323974609 1.7607195377349853516 1.4101277589797973633 0.96823114156723022461 0.62293457984924316406 0.53173452615737915039 0.84982830286026000977 1.2758747339248657227 1.6595530509948730469 1.791897892951965332 1.8895639181137084961 2.3315701484680175781 2.6505556106567382812 2.9365551471710205078 3.1621966361999511719 3.1988832950592041016 3.3330521583557128906 3.0655312538146972656 2.6284387111663818359 2.4343652725219726562 2.0401399135589599609 2.0406756401062011719 2.2686169147491455078 2.3051400184631347656 2.0764622688293457031 1.8513103723526000977 2.1452500820159912109 2.4730875492095947266 2.2201287746429443359 2.2652337551116943359 2.40798187255859375 2.3302366733551025391 2.1451258659362792969
nan 0.60026055574417114258 0.95275640487670898438 1.3351935148239135742 1.7635245323181152344 1.7331446409225463867 1.7849967479705810547 2.0186038017272949219 1.7275917530059814453 1.4878985881805419922 1.0274608135223388672 0.74592214822769165039 0.57135152816772460938 0.91288292407989501953 1.4829554557800292969 1.5557744503021240234 1.8167308568954467773 1.9858444929122924805 2.0748608112335205078 2.3015413284301757812 2.6393887996673583984 2.8842725753784179688 2.9542460441589355469 3.1178357601165771484 2.8960719108581542969 2.494495391845703125 2.3040866851806640625 1.9293873310089111328 1.7974752187728881836 2.0761089324951171875 2.0013990402221679688 2.2128593921661376953 2.2411820888519287109 2.3809552192687988281 2.5223774909973144531 2.5941820144653320312 2.3297677040100097656 2.3386194705963134766 2.3781392574310302734 2.1286823749542236328
nan -0.015459074638783931732 0.6119868159294128418 0.88040572404861450195 1.2163923978805541992 1.3184201717376708984 1.3782163858413696289 1.5922125577926635742 1.7662222385406494141 1.681232452392578125 1.430848240852355957 1.2729122638702392578 1.086121678352355957 0.99698275327682495117 1.2771813869476318359 1.5461608171463012695 1.5582509040832519531 2.0042889118194580078 2.0612709522247314453 2.0618619918823242188 2.2211530208587646484 2.5362370014190673828 2.5312705039978027344 2.4853045940399169922 2.4505639076232910156 2.1680269241333007812 1.9706245660781860352 1.6027479171752929688 1.7667398452758789062 1.8850722312927246094 2.01746368408203125 2.1687040328979492188 2.3998420238494873047 2.5587518215179443359 2.7777042388916015625 2.5810463428497314453 2.4056122303009033203 2.3092708587646484375 2.1740725040435791016 2.114543914794921875
nan -0.12008459866046905518 -0.062004942446947097778 0.25320211052894592285 0.68618994951248168945 0.97448897361755371094 1.0264679193496704102 1.2390491962432861328 1.5714844465255737305 1.7003538608551025391 1.5736889839172363281 1.5393512248992919922 1.7880560159683227539 1.5645967721939086914 1.268010258674621582 1.5347288846969604492 1.6213080883026123047 1.769600987434387207 2.0148034095764160156 2.1007444858551025391 2.0967485904693603516 2.5644168853759765625 2.6060788631439208984 2.3947329521179199219 2.3260567188262939453 2.3091249465942382812 2.1670124530792236328 1.8761408329010009766 1.873690485954284668 2.0342037677764892578 2.1479241847991943359 2.3014430999755859375 2.3178305625915527344 2.2355432510375976562 2.4416089057922363281 2.4870202541351318359 2.0770242214202880859 2.2458281517028808594 2.1507563591003417969 2.0475852489471435547
nan 0.46154120564460754395 0.24351897835731506348 0.0063350326381623744965 0.26148575544357299805 0.63846063613891601562 0.77457946538925170898 1.1173818111419677734 1.6945869922637939453 1.7596197128295898438 1.6628644466400146484 1.6749300956726074219 1.8668792247772216797 2.0701162815093994141 1.8564363718032836914 1.6518551111221313477 1.7261790037155151367 1.773281097412109375 2.0111126899719238281 2.0727276802062988281 2.0517897605895996094 2.3134906291961669922 2.3760139942169189453 2.3672087192535400391 2.3402242660522460938 2.2897291183471679688 2.0675506591796875 1.9833409786224365234 2.0003309249877929688 2.0252740383148193359 2.0777428150177001953 2.1088814735412597656 2.1747217178344726562 2.2720541954040527344 2.447383880615234375 2.5701379776000976562 2.353000640869140625 2.0656392574310302734 2.3283758163452148438 2.1621477603912353516
nan 0.9269707798957824707 1.0002571344375610352 0.32814466953277587891 0.16014482080936431885 0.33919999003410339355 0.41239094734191894531 0.67234283685684204102 1.3204667568206787109 1.7863073348999023438 1.7567385435104370117 1.8642530441284179688 1.863185882568359375 2.0143096446990966797 1.9434711933135986328 1.702511906623840332 1.6894334554672241211 2.0094015598297119141 1.9933837652206420898 2.1428713798522949219 2.0747854709625244141 2.102886199951171875 2.2247159481048583984 2.2419726848602294922 2.21619415283203125 1.9709448814392089844 1.7738521099090576172 1.7182649374008178711 1.8010991811752319336 1.7214357852935791016 1.7426718473434448242 1.6993858814239501953 1.9455699920654296875 2.3007214069366455078 2.4505107402801513672 2.481586456298828125 2.5897545814514160156 2.4700570106506347656 2.5437183380126953125 2.3479847908020019531
