samples/et/map_et_2017-04-01.asc
ncols        322
nrows        306
xllcorner    -53.726171018035
yllcorner    -28.476684338117
cellsize     0.000269494585
NODATA_value  -1
[rows 270 to 287 of 306, columns 80 to 119 of 322]
3.5924839973449707031 3.6807165145874023438 3.6958935260772705078 3.6948561668395996094 3.6764256954193115234 3.9203069210052490234 4.2413625717163085938 4.329204559326171875 4.3343214988708496094 4.2454209327697753906 4.1045942306518554688 4.1193432807922363281 4.0112638473510742188 4.0729341506958007812 3.9562757015228271484 3.9375665187835693359 3.9704735279083251953 4.0634531974792480469 3.8999013900756835938 3.7029545307159423828 3.625385284423828125 3.6039953231811523438 3.5930166244506835938 3.56182861328125 3.546268463134765625 2.9756808280944824219 2.7139973640441894531 2.4860861301422119141 2.5749745368957519531 2.2638397216796875 2.1625640392303466797 1.968082427978515625 1.5692375898361206055 1.2148648500442504883 0.85543221235275268555 0.52660077810287475586 0.48234486579895019531 0.52460646629333496094 0.85301154851913452148 1.3649102449417114258
3.5616941452026367188 3.4883174896240234375 3.5268929004669189453 3.6331067085266113281 3.6407423019409179688 3.8490464687347412109 4.00931549072265625 4.2843260765075683594 4.2896084785461425781 4.1637511253356933594 4.0782518386840820312 4.0292768478393554688 4.1005635261535644531 4.1617875099182128906 4.106761932373046875 3.864765167236328125 3.9550602436065673828 4.0646510124206542969 3.7793307304382324219 3.6606123447418212891 3.3912093639373779297 3.1101975440979003906 3.1621885299682617188 3.3135690689086914062 3.2145509719848632812 3.0352804660797119141 2.5787041187286376953 2.3663365840911865234 2.5359935760498046875 2.3458206653594970703 2.1121609210968017578 1.9440304040908813477 1.6085361242294311523 1.2500143051147460938 1.083408355712890625 0.8294073939323425293 0.6873760223388671875 0.59231418371200561523 0.86196994781494140625 1.3568109273910522461
3.4657447338104248047 3.2224719524383544922 3.1446576118469238281 3.2623839378356933594 3.4111835956573486328 3.7381384372711181641 3.9095811843872070312 4.1139988899230957031 4.1704144477844238281 4.3074021339416503906 4.1606702804565429688 4.0730404853820800781 3.9706892967224121094 3.9758038520812988281 4.0968747138977050781 3.9915590286254882812 3.8017940521240234375 3.9137094020843505859 3.831085205078125 3.4845204353332519531 3.1955308914184570312 2.9954149723052978516 2.7514424324035644531 2.8635509014129638672 2.8792765140533447266 2.3734805583953857422 2.2117984294891357422 2.0911500453948974609 2.2156021595001220703 2.0707693099975585938 1.8335427045822143555 1.7482953071594238281 1.6364579200744628906 1.4398962259292602539 1.2742202281951904297 1.2498923540115356445 1.0584479570388793945 0.98352849483489990234 1.1328214406967163086 1.572249293327331543
2.8635854721069335938 2.9161512851715087891 2.7858850955963134766 2.8417005538940429688 3.0756189823150634766 3.3455536365509033203 3.6502780914306640625 3.8885533809661865234 3.9032068252563476562 3.9755854606628417969 3.9403536319732666016 3.8801007270812988281 3.875415802001953125 3.9295563697814941406 3.8209490776062011719 3.9242458343505859375 3.7950203418731689453 3.5726673603057861328 3.5272035598754882812 3.3551435470581054688 2.9892971515655517578 2.7743055820465087891 2.7245659828186035156 2.5027608871459960938 2.324859619140625 2.0042176246643066406 1.8466742038726806641 1.848597407341003418 1.6206600666046142578 1.5897628068923950195 1.4916609525680541992 1.4701639413833618164 1.4018775224685668945 1.5489853620529174805 1.4687238931655883789 1.4118058681488037109 1.4286603927612304688 1.2983117103576660156 1.4539884328842163086 1.7884230613708496094
2.4530913829803466797 2.6730287075042724609 2.5237412452697753906 2.7986025810241699219 3.0488018989562988281 3.2758817672729492188 3.2457685470581054688 3.3469972610473632812 3.5833001136779785156 3.5513031482696533203 3.6129634380340576172 3.5321106910705566406 3.6007087230682373047 3.5538578033447265625 3.5131621360778808594 3.4715862274169921875 3.5232014656066894531 3.4364159107208251953 3.30063629150390625 3.23915863037109375 2.9781231880187988281 2.9069685935974121094 2.7096259593963623047 2.4449920654296875 2.2570688724517822266 2.1536545753479003906 1.7749673128128051758 1.6826605796813964844 1.4177353382110595703 1.3004240989685058594 1.3229326009750366211 1.2573049068450927734 1.2746628522872924805 1.2878774404525756836 1.5191783905029296875 1.4915777444839477539 1.4667381048202514648 1.4393125772476196289 1.6971566677093505859 2.0278310775756835938
2.2718920707702636719 2.4814026355743408203 2.3460135459899902344 2.7023630142211914062 2.9506165981292724609 3.1837797164916992188 3.1136777400970458984 3.0396566390991210938 3.1999456882476806641 3.1184434890747070312 3.2122564315795898438 3.2097048759460449219 3.2666029930114746094 3.28714752197265625 3.2022120952606201172 3.1468672752380371094 3.1925075054168701172 3.1109409332275390625 3.0152037143707275391 2.9738624095916748047 2.7438907623291015625 2.747272491455078125 2.5880951881408691406 2.46562957763671875 2.1084382534027099609 1.9292467832565307617 1.5966947078704833984 1.5045887231826782227 1.2299923896789550781 1.2143357992172241211 1.2561514377593994141 1.1746568679809570312 1.1953895092010498047 1.2235807180404663086 1.5113763809204101562 1.4866031408309936523 1.5680639743804931641 1.6293107271194458008 2.0215687751770019531 2.2394874095916748047
2.0820584297180175781 2.4018466472625732422 2.4679715633392333984 2.8867390155792236328 3.1687006950378417969 3.2140648365020751953 3.2636137008666992188 3.0344424247741699219 2.8608419895172119141 2.9278981685638427734 3.1099464893341064453 3.1804127693176269531 2.9975812435150146484 3.0049161911010742188 2.9956543445587158203 2.9911820888519287109 2.9442093372344970703 2.8935198783874511719 2.9232087135314941406 2.9897320270538330078 2.8059639930725097656 2.6563565731048583984 2.5740036964416503906 2.3947248458862304688 2.0885624885559082031 1.795180201530456543 1.7079584598541259766 1.7796369791030883789 1.5994241237640380859 1.4823806285858154297 1.4001277685165405273 1.0999972820281982422 1.0990897417068481445 1.221226811408996582 1.3242233991622924805 1.4192866086959838867 1.559833526611328125 1.9491045475006103516 2.5419657230377197266 2.5364639759063720703
2.3574457168579101562 2.2832825183868408203 2.5507383346557617188 2.9222109317779541016 3.2691743373870849609 3.4261631965637207031 3.3201670646667480469 3.0612447261810302734 2.8722922801971435547 2.7147350311279296875 2.7915015220642089844 3.0179922580718994141 2.9694409370422363281 2.9637560844421386719 2.6698110103607177734 2.9299333095550537109 2.9540605545043945312 2.855113983154296875 2.6037044525146484375 2.4836678504943847656 2.5432248115539550781 2.3948323726654052734 2.571929931640625 2.2927048206329345703 2.1500294208526611328 1.8033541440963745117 1.6948570013046264648 1.6569986343383789062 1.6260228157043457031 1.485233306884765625 1.4121619462966918945 1.214400172233581543 1.1509654521942138672 1.396840214729309082 1.5033745765686035156 1.3646980524063110352 1.5102502107620239258 1.9823267459869384766 2.7268915176391601562 2.783084869384765625
2.6308932304382324219 2.3916764259338378906 2.5642292499542236328 2.7721614837646484375 2.9549624919891357422 3.3724222183227539062 3.2977988719940185547 2.9927885532379150391 2.5699717998504638672 2.5919244289398193359 2.5015306472778320312 2.529132843017578125 2.5954074859619140625 2.5633764266967773438 2.3892385959625244141 2.3171396255493164062 2.635833740234375 2.4986643791198730469 2.4862382411956787109 2.2250483036041259766 2.2666487693786621094 2.2942409515380859375 2.4687588214874267578 2.4146454334259033203 2.0469462871551513672 1.9782139062881469727 1.9077999591827392578 1.7175714969635009766 1.5978503227233886719 1.5974698066711425781 1.3870391845703125 1.2117975950241088867 1.0784424543380737305 1.2195796966552734375 1.5848675966262817383 1.5642963647842407227 1.5059806108474731445 1.9103401899337768555 2.7680690288543701172 2.9104421138763427734
2.6999714374542236328 2.621555328369140625 2.6536872386932373047 2.8822798728942871094 2.6829257011413574219 2.9014441967010498047 2.986358642578125 2.9218018054962158203 2.5398256778717041016 2.2817351818084716797 2.162994384765625 2.2785511016845703125 2.3714399337768554688 2.328746795654296875 2.2926337718963623047 2.0197017192840576172 2.2643342018127441406 2.1585781574249267578 2.2868788242340087891 2.2329337596893310547 2.1312685012817382812 2.0756144523620605469 2.2364952564239501953 2.3711256980895996094 2.2642765045166015625 2.1648657321929931641 2.1785480976104736328 2.0435914993286132812 2.0180215835571289062 1.9627393484115600586 1.7258466482162475586 1.3985251188278198242 1.1668248176574707031 1.2259517908096313477 1.3442106246948242188 1.6351010799407958984 1.7214108705520629883 2.1372373104095458984 2.6562757492065429688 2.7881345748901367188
2.5907886028289794922 2.8886272907257080078 2.7952229976654052734 2.8331165313720703125 2.7412562370300292969 2.6508045196533203125 2.5413250923156738281 2.5543045997619628906 2.5438473224639892578 2.3134744167327880859 2.05881500244140625 2.0259587764739990234 2.1918292045593261719 2.1197938919067382812 2.2038974761962890625 2.0975401401519775391 2.0700981616973876953 2.1031763553619384766 2.1033370494842529297 2.1706697940826416016 2.0966362953186035156 2.0229601860046386719 2.0976798534393310547 2.1728785037994384766 2.3187592029571533203 2.2272458076477050781 2.2350802421569824219 2.0349903106689453125 2.0764014720916748047 2.034046173095703125 2.0584051609039306641 1.8204371929168701172 1.5084013938903808594 1.5968276262283325195 1.6249349117279052734 1.7859150171279907227 2.0227231979370117188 2.4499297142028808594 2.8498461246490478516 2.5948519706726074219
3.1066009998321533203 3.2958135604858398438 3.0859999656677246094 2.9433603286743164062 2.8632204532623291016 2.7498648166656494141 2.2965295314788818359 2.2465929985046386719 2.2895870208740234375 2.2874560356140136719 2.0378594398498535156 2.0745127201080322266 2.2308015823364257812 2.2374870777130126953 2.1128787994384765625 1.9766768217086791992 2.0840637683868408203 2.1583974361419677734 2.0280625820159912109 2.2366602420806884766 2.3258142471313476562 2.1634030342102050781 2.2361333370208740234 2.1893432140350341797 2.1645255088806152344 2.2181828022003173828 2.2243180274963378906 2.1598067283630371094 1.955769658088684082 2.0584347248077392578 2.0984492301940917969 2.1952223777770996094 2.1989896297454833984 2.1654183864593505859 2.1055884361267089844 2.2065904140472412109 2.4463043212890625 2.5848858356475830078 2.6679749488830566406 2.4305028915405273438
3.5426523685455322266 3.7401568889617919922 3.6020388603210449219 3.2031292915344238281 3.0674796104431152344 2.9225144386291503906 2.4280464649200439453 2.1318833827972412109 2.1552877426147460938 2.3410315513610839844 2.0364234447479248047 2.0417094230651855469 2.2430772781372070312 2.3948390483856201172 2.4472761154174804688 2.2821481227874755859 2.2517278194427490234 2.3958818912506103516 2.3312032222747802734 2.3041939735412597656 2.3639230728149414062 2.3743855953216552734 2.4515891075134277344 2.3028318881988525391 2.1618618965148925781 2.16064453125 2.1900429725646972656 2.2129013538360595703 2.0416738986968994141 2.0467822551727294922 2.0308063030242919922 2.2498278617858886719 2.6130161285400390625 2.7789890766143798828 2.4861111640930175781 2.5059187412261962891 2.3027801513671875 2.2983560562133789062 2.26903533935546875 2.0988805294036865234
3.3790271282196044922 3.8490092754364013672 3.7157056331634521484 3.5783846378326416016 3.2527248859405517578 2.9301755428314208984 2.5543766021728515625 2.2494957447052001953 2.1339201927185058594 2.3068032264709472656 2.2041485309600830078 1.9721809625625610352 2.1301927566528320312 2.1936631202697753906 2.4771363735198974609 2.3555192947387695312 2.1370718479156494141 2.2274794578552246094 2.3226060867309570312 2.486064910888671875 2.5514104366302490234 2.4594042301177978516 2.4707167148590087891 2.2042229175567626953 2.0477349758148193359 2.1238679885864257812 2.1233913898468017578 2.0765159130096435547 2.1757090091705322266 2.219272613525390625 2.2207672595977783203 2.1125285625457763672 2.3485605716705322266 2.6663615703582763672 2.7368123531341552734 2.4513497352600097656 2.2147502899169921875 2.1888468265533447266 2.2342915534973144531 2.1586439609527587891
3.5871739387512207031 3.8394827842712402344 3.7907552719116210938 3.7422707080841064453 3.4029397964477539062 3.1723301410675048828 2.8352510929107666016 2.5913038253784179688 2.4003627300262451172 2.2499675750732421875 2.3145999908447265625 2.2718625068664550781 2.2393281459808349609 2.2527203559875488281 2.2733373641967773438 2.3470141887664794922 2.1748080253601074219 2.0760743618011474609 2.0204358100891113281 1.9530450105667114258 1.8779492378234863281 1.7584604024887084961 1.8907115459442138672 1.8823821544647216797 1.5983216762542724609 1.6007509231567382812 1.7062829732894897461 1.7873988151550292969 2.0898694992065429688 2.2839226722717285156 2.0881736278533935547 2.2559659481048583984 2.4058537483215332031 2.5809373855590820312 2.7846198081970214844 2.5993785858154296875 2.4940028190612792969 2.4879884719848632812 2.6711404323577880859 2.3876190185546875
4.07106781005859375 3.9691019058227539062 4.0880975723266601562 4.052947998046875 3.7210745811462402344 3.3263254165649414062 3.134922027587890625 3.0273709297180175781 2.9788072109222412109 2.6349585056304931641 2.5438528060913085938 2.4841635227203369141 2.6006722450256347656 2.5213618278503417969 2.2823784351348876953 2.1982681751251220703 2.0528459548950195312 1.8297243118286132812 1.7559427022933959961 1.5692398548126220703 1.2501289844512939453 1.1162892580032348633 1.1858600378036499023 1.0634580850601196289 0.92064940929412841797 0.85904920101165771484 0.98465865850448608398 1.3414695262908935547 1.5324511528015136719 1.8386541604995727539 2.0591280460357666016 2.4285039901733398438 2.7736146450042724609 2.8261516094207763672 2.7175462245941162109 2.5520789623260498047 2.4574503898620605469 2.3836817741394042969 2.6476416587829589844 2.6114385128021240234
4.4238224029541015625 4.4458169937133789062 4.4547905921936035156 4.515094757080078125 4.4006967544555664062 3.9235072135925292969 3.3259258270263671875 3.0353560447692871094 3.1475923061370849609 2.8170444965362548828 2.7617945671081542969 2.4473245143890380859 2.3408291339874267578 2.3249123096466064453 2.1467165946960449219 1.8499047756195068359 1.7745188474655151367 1.7094615697860717773 1.6792280673980712891 1.4140908718109130859 1.2343584299087524414 0.95316284894943237305 0.89738953113555908203 0.83665192127227783203 0.67084199190139770508 0.64431136846542358398 0.70040398836135864258 1.0923759937286376953 1.2734109163284301758 1.7103981971740722656 2.1434082984924316406 2.4765980243682861328 2.81853485107421875 2.9142825603485107422 2.6922876834869384766 2.4151730537414550781 2.2744798660278320312 2.3050611019134521484 2.3381040096282958984 2.3857338428497314453
4.6710658073425292969 4.5518536567687988281 4.7721090316772460938 4.7617778778076171875 4.7261681556701660156 4.4391031265258789062 3.9317159652709960938 3.6857051849365234375 3.1032648086547851562 2.8028137683868408203 2.6386270523071289062 2.4808185100555419922 2.3082439899444580078 2.1594996452331542969 1.9890877008438110352 1.6616926193237304688 1.666983485221862793 1.4729768037796020508 1.5250811576843261719 1.5397511720657348633 1.4122501611709594727 1.3516205549240112305 1.0551760196685791016 0.81240069866180419922 0.82319951057434082031 0.78950911760330200195 0.79849129915237426758 1.0828374624252319336 1.334285736083984375 1.5932370424270629883 1.9047684669494628906 2.516796112060546875 2.5593292713165283203 2.7145311832427978516 2.6977179050445556641 2.2999491691589355469 2.0709412097930908203 2.3174204826354980469 2.3056354522705078125 2.3447535037994384766
