samples/et/map_et_2017-07-06.asc
ncols        322
nrows        306
xllcorner    -53.726171018035
yllcorner    -28.476684338117
cellsize     0.000269494585
NODATA_value  -1
[rows 270 to 287 of 306, columns 0 to 39 of 322]
nan 1.6690001487731933594 1.7455353736877441406 1.7419023513793945312 1.7078801393508911133 1.5802167654037475586 1.5339498519897460938 1.6620857715606689453 1.900750279426574707 2.0139641761779785156 2.0585842132568359375 2.0250744819641113281 1.9093631505966186523 1.8993425369262695312 2.067012786865234375 2.0300812721252441406 1.8204299211502075195 1.9026780128479003906 2.0794196128845214844 2.1121964454650878906 2.1374521255493164062 2.3637995719909667969 2.3903784751892089844 2.3056375980377197266 2.2880673408508300781 2.2899994850158691406 2.2982752323150634766 2.3531818389892578125 2.3721356391906738281 2.4000763893127441406 2.4134759902954101562 2.4111828804016113281 2.4061331748962402344 2.4169175624847412109 2.4169936180114746094 2.3748526573181152344 2.3153994083404541016 2.3855004310607910156 2.3541498184204101562 2.3488097190856933594
nan 1.7412871122360229492 1.6470934152603149414 1.6288346052169799805 1.7256805896759033203 1.6111760139465332031 1.7088989019393920898 1.8082978725433349609 2.1051764488220214844 2.2771954536437988281 2.3579668998718261719 2.2103829383850097656 1.9958497285842895508 2.0054178237915039062 2.2343451976776123047 2.4143099784851074219 2.3812379837036132812 2.1938161849975585938 2.087276458740234375 2.1454362869262695312 2.1176474094390869141 2.3415822982788085938 2.3777585029602050781 2.3088850975036621094 2.286956787109375 2.2919709682464599609 2.2807395458221435547 2.3708782196044921875 2.3601968288421630859 2.3935742378234863281 2.4262189865112304688 2.4468581676483154297 2.4371492862701416016 2.4238035678863525391 2.4161329269409179688 2.3786332607269287109 2.3308718204498291016 2.3546330928802490234 2.3502638339996337891 2.3145697116851806641
nan 2.0180239677429199219 1.7799584865570068359 1.7612379789352416992 1.799203038215637207 1.7622716426849365234 1.7734531164169311523 1.9163542985916137695 2.0811419486999511719 2.2535493373870849609 2.3494269847869873047 2.2946121692657470703 2.0420982837677001953 2.0317592620849609375 2.2098793983459472656 2.4324765205383300781 2.4709229469299316406 2.3899958133697509766 2.1724042892456054688 2.1256046295166015625 2.1176826953887939453 2.2523207664489746094 2.4436364173889160156 2.3940227031707763672 2.2916574478149414062 2.2748312950134277344 2.2807593345642089844 2.2232201099395751953 2.3319735527038574219 2.3600347042083740234 2.3956561088562011719 2.4482672214508056641 2.4511377811431884766 2.4081490039825439453 2.3802940845489501953 2.3902838230133056641 2.3331012725830078125 2.3375670909881591797 2.3485934734344482422 2.3323180675506591797
nan 2.2875292301177978516 2.2186610698699951172 2.1808388233184814453 2.1653091907501220703 2.2403454780578613281 2.0894603729248046875 2.1089181900024414062 2.0879204273223876953 2.0017094612121582031 1.9034965038299560547 1.893260955810546875 1.8571784496307373047 1.8198125362396240234 1.9179528951644897461 2.1800198554992675781 2.2232172489166259766 2.243896484375 2.1817679405212402344 2.0731837749481201172 2.0930600166320800781 2.1835465431213378906 2.3882279396057128906 2.3914163112640380859 2.2919187545776367188 2.2602159976959228516 2.2740352153778076172 2.2100267410278320312 2.2915096282958984375 2.3581259250640869141 2.3769357204437255859 2.4001562595367431641 2.4090445041656494141 2.3938767910003662109 2.386898040771484375 2.4247632026672363281 2.3786213397979736328 2.3319392204284667969 2.2918972969055175781 2.2867753505706787109
nan 2.3291416168212890625 2.3344347476959228516 2.3348712921142578125 2.3682115077972412109 2.3513927459716796875 2.2915163040161132812 2.2088449001312255859 2.0808317661285400391 2.0098421573638916016 1.7571554183959960938 1.4452300071716308594 1.4614189863204956055 1.4718111753463745117 1.5788084268569946289 1.7612966299057006836 1.8783022165298461914 1.7756373882293701172 1.835872650146484375 1.9909536838531494141 2.0453269481658935547 2.1302561759948730469 2.3687574863433837891 2.4304888248443603516 2.3352921009063720703 2.2705450057983398438 2.2608184814453125 2.2875621318817138672 2.3351879119873046875 2.3686385154724121094 2.3889746665954589844 2.4138936996459960938 2.4306082725524902344 2.4174082279205322266 2.3838276863098144531 2.3928632736206054688 2.3829548358917236328 2.3485105037689208984 2.2962670326232910156 2.2797186374664306641
nan 2.3962423801422119141 2.3855936527252197266 2.3811843395233154297 2.3639929294586181641 2.3490991592407226562 2.2964997291564941406 2.2248415946960449219 2.0642001628875732422 1.9746009111404418945 1.6686201095581054688 1.2790303230285644531 1.2718489170074462891 1.2818391323089599609 1.4431002140045166016 1.6194868087768554688 1.6892675161361694336 1.6212372779846191406 1.8062585592269897461 1.9351744651794433594 1.9956694841384887695 2.0656445026397705078 2.3199014663696289062 2.4510214328765869141 2.3956723213195800781 2.3252556324005126953 2.3201398849487304688 2.3258240222930908203 2.3103053569793701172 2.3255450725555419922 2.3675560951232910156 2.4076154232025146484 2.43698883056640625 2.4317994117736816406 2.3769123554229736328 2.3583562374114990234 2.3828115463256835938 2.3461067676544189453 2.3394877910614013672 2.2698397636413574219
nan 2.3816218376159667969 2.3363096714019775391 2.2522323131561279297 2.0323596000671386719 1.9025461673736572266 1.9878396987915039062 1.9599875211715698242 1.861340641975402832 1.7353281974792480469 1.5523521900177001953 1.1649647951126098633 0.95894736051559448242 1.0596299171447753906 1.0934240818023681641 1.204378962516784668 1.4475060701370239258 1.5913411378860473633 1.7924705743789672852 1.8245692253112792969 1.9052127599716186523 2.0216050148010253906 2.2171680927276611328 2.3963818550109863281 2.4259421825408935547 2.3657453060150146484 2.3871178627014160156 2.3832094669342041016 2.3007643222808837891 2.2858285903930664062 2.2947843074798583984 2.2975556850433349609 2.3068773746490478516 2.3357918262481689453 2.3578665256500244141 2.3449819087982177734 2.3742322921752929688 2.3288550376892089844 2.3276898860931396484 2.2188568115234375
nan 2.1180863380432128906 1.9667677879333496094 1.7243291139602661133 1.5876319408416748047 1.4889049530029296875 1.5896620750427246094 1.645811915397644043 1.5331592559814453125 1.4186167716979980469 1.3957909345626831055 1.247044682502746582 0.99906206130981445312 1.0690404176712036133 1.1497286558151245117 1.2290025949478149414 1.4548456668853759766 1.5784838199615478516 1.7292951345443725586 1.8265014886856079102 1.8179155588150024414 1.9831620454788208008 2.1475024223327636719 2.3707566261291503906 2.4262125492095947266 2.4090449810028076172 2.3841888904571533203 2.3666059970855712891 2.323879241943359375 2.2286596298217773438 2.2294447422027587891 2.0750191211700439453 1.9167449474334716797 2.0659940242767333984 2.2973446846008300781 2.2710416316986083984 2.3087999820709228516 2.3021819591522216797 2.2004632949829101562 2.0633151531219482422
nan 1.8988267183303833008 1.5962041616439819336 1.5239950418472290039 1.312327265739440918 1.1675301790237426758 1.2827757596969604492 1.4011598825454711914 1.3634427785873413086 1.3533902168273925781 1.3309119939804077148 1.3291659355163574219 1.2549256086349487305 1.3212314844131469727 1.3238251209259033203 1.4315326213836669922 1.5403871536254882812 1.6641585826873779297 1.7368321418762207031 1.8136162757873535156 1.8995778560638427734 1.8927679061889648438 1.9961591958999633789 2.0494747161865234375 2.0635876655578613281 2.1227157115936279297 2.0852961540222167969 2.0236907005310058594 1.9254913330078125 1.742663264274597168 1.7176305055618286133 1.7741725444793701172 1.6318671703338623047 1.6310822963714599609 2.0967075824737548828 2.2576739788055419922 2.3066346645355224609 2.2644569873809814453 2.1018047332763671875 1.9009177684783935547
nan 2.0568583011627197266 1.6814303398132324219 1.541515350341796875 1.4087117910385131836 1.2785730361938476562 1.1953057050704956055 1.2656118869781494141 1.4068269729614257812 1.5264672040939331055 1.5784124135971069336 1.5676952600479125977 1.6143392324447631836 1.6099038124084472656 1.6262938976287841797 1.7587419748306274414 1.9557203054428100586 1.9734289646148681641 1.999772191047668457 1.9908493757247924805 1.9664901494979858398 1.9976186752319335938 1.9224600791931152344 1.7929165363311767578 1.7765477895736694336 1.7437328100204467773 1.7096810340881347656 1.6808081865310668945 1.5137952566146850586 1.4977029561996459961 1.4858791828155517578 1.5917097330093383789 1.4799464941024780273 1.3230695724487304688 1.728196263313293457 1.9263547658920288086 2.0725586414337158203 2.1134715080261230469 1.9050481319427490234 1.6329188346862792969
nan 2.2365741729736328125 2.0374493598937988281 1.7249916791915893555 1.7044312953948974609 1.7386070489883422852 1.6597807407379150391 1.5514544248580932617 1.6371842622756958008 1.6456854343414306641 1.8436464071273803711 1.8457828760147094727 1.9324038028717041016 2.0063345432281494141 2.0556406974792480469 2.1187796592712402344 2.3220040798187255859 2.3255031108856201172 2.2351841926574707031 2.1622724533081054688 2.0294165611267089844 1.8736532926559448242 1.8305234909057617188 1.7005305290222167969 1.8399471044540405273 1.9457422494888305664 1.9661042690277099609 2.0121066570281982422 1.9073474407196044922 1.7088453769683837891 1.5513383150100708008 1.5949752330780029297 1.4344301223754882812 1.1915854215621948242 1.1841459274291992188 1.4988815784454345703 1.7007367610931396484 1.8556504249572753906 1.8860400915145874023 1.5466074943542480469
nan 2.2411618232727050781 2.0405275821685791016 1.8885414600372314453 1.7400455474853515625 1.759795069694519043 1.7697193622589111328 1.8300926685333251953 1.8177087306976318359 1.8789397478103637695 2.0009150505065917969 2.0769722461700439453 2.1448130607604980469 2.2580926418304443359 2.3432853221893310547 2.3575499057769775391 2.358791351318359375 2.4398317337036132812 2.4015452861785888672 2.1923818588256835938 2.0099308490753173828 1.766451716423034668 1.7283955812454223633 1.7341991662979125977 1.8391591310501098633 2.1092271804809570312 2.1213619709014892578 2.1118781566619873047 2.1178328990936279297 2.06533050537109375 1.979147791862487793 1.8889081478118896484 1.651950836181640625 1.2627874612808227539 0.97115141153335571289 1.0582122802734375 1.2412424087524414062 1.5132305622100830078 1.6799030303955078125 1.6075659990310668945
nan 2.2506487369537353516 2.0170810222625732422 1.8091455698013305664 1.6498600244522094727 1.622845768928527832 1.6289197206497192383 1.7762438058853149414 1.903451085090637207 2.1145775318145751953 2.2920634746551513672 2.29669952392578125 2.2304761409759521484 2.2227632999420166016 2.3598597049713134766 2.335498809814453125 2.2113993167877197266 2.2702934741973876953 2.2271709442138671875 2.3408529758453369141 2.2160680294036865234 1.940338134765625 1.7777242660522460938 1.8560891151428222656 1.8228600025177001953 1.801459193229675293 1.7397803068161010742 1.8037129640579223633 1.8664138317108154297 1.8081873655319213867 1.7281171083450317383 1.636960148811340332 1.399155735969543457 1.0960786342620849609 0.85654914379119873047 0.77063995599746704102 0.83610069751739501953 0.97325247526168823242 1.0511204004287719727 1.2735464572906494141
nan 2.3359937667846679688 2.2200181484222412109 2.0071263313293457031 1.8267790079116821289 1.7989116907119750977 1.656598210334777832 1.7645237445831298828 1.9704737663269042969 2.2761006355285644531 2.336452484130859375 2.3442575931549072266 2.2151317596435546875 2.0579717159271240234 2.0174539089202880859 1.9607906341552734375 1.8134639263153076172 1.6576839685440063477 1.7025024890899658203 1.932274937629699707 2.1912338733673095703 2.018802642822265625 1.8818762302398681641 1.8245660066604614258 1.750872492790222168 1.6073638200759887695 1.5355238914489746094 1.5007922649383544922 1.5374022722244262695 1.425541996955871582 1.3134601116180419922 1.2708020210266113281 1.0236469507217407227 0.82168352603912353516 0.61091917753219604492 0.55236464738845825195 0.62135004997253417969 0.66672521829605102539 0.73792821168899536133 0.67348515987396240234
nan 2.3789999485015869141 2.3708102703094482422 2.357631683349609375 2.3392660617828369141 2.3031508922576904297 2.0531129837036132812 2.0274856090545654297 2.1445567607879638672 2.2820723056793212891 2.359134674072265625 2.3645427227020263672 2.2038919925689697266 2.0568344593048095703 1.9295508861541748047 1.7904543876647949219 1.6265093088150024414 1.4133591651916503906 1.2519180774688720703 1.3342915773391723633 1.7234843969345092773 1.6995700597763061523 1.5924059152603149414 1.558148503303527832 1.4986931085586547852 1.3947433233261108398 1.3557431697845458984 1.3360476493835449219 1.2151911258697509766 1.3060398101806640625 1.2544274330139160156 1.1340198516845703125 0.87190443277359008789 0.66523772478103637695 0.63857066631317138672 0.49691364169120788574 0.43155294656753540039 0.54080092906951904297 0.53556174039840698242 0.53630864620208740234
nan 2.39705657958984375 2.4197661876678466797 2.4693338871002197266 2.4923074245452880859 2.4642930030822753906 2.400257110595703125 2.3336513042449951172 2.2568960189819335938 2.1943838596343994141 2.1682195663452148438 2.2764971256256103516 2.1137342453002929688 1.9282281398773193359 1.6867882013320922852 1.6699236631393432617 1.5780295133590698242 1.3944460153579711914 1.232440948486328125 1.1248198747634887695 1.1243902444839477539 1.3197554349899291992 1.1226000785827636719 1.1138923168182373047 1.0609155893325805664 1.0631681680679321289 1.0911000967025756836 1.1090683937072753906 1.0829186439514160156 1.1548405885696411133 1.1599220037460327148 1.0785086154937744141 0.74686700105667114258 0.54749310016632080078 0.45556062459945678711 0.60138809680938720703 0.44859001040458679199 0.49017101526260375977 0.47604063153266906738 0.48253962397575378418
nan 2.3730089664459228516 2.3839588165283203125 2.4299490451812744141 2.4637901782989501953 2.4669370651245117188 2.4254512786865234375 2.3079383373260498047 2.2116343975067138672 2.1096339225769042969 2.0385110378265380859 2.1094598770141601562 2.0002994537353515625 1.8450266122817993164 1.5746833086013793945 1.4205228090286254883 1.4245125055313110352 1.2766346931457519531 1.1876215934753417969 1.065093994140625 0.93956834077835083008 1.0703535079956054688 1.0031715631484985352 0.94013309478759765625 0.85672295093536376953 0.95667976140975952148 0.99428558349609375 0.9599132537841796875 1.0127277374267578125 1.0676456689834594727 1.181019902229309082 1.2326259613037109375 1.055619359016418457 0.75783509016036987305 0.63645309209823608398 0.65873986482620239258 0.80652928352355957031 0.77193874120712280273 0.76822906732559204102 0.75944310426712036133
nan 2.2706267833709716797 2.2797682285308837891 2.1978313922882080078 2.2188799381256103516 2.2072584629058837891 2.2835574150085449219 2.1826155185699462891 2.0578999519348144531 2.0089008808135986328 1.9106948375701904297 1.8895838260650634766 1.9289755821228027344 1.741782069206237793 1.6155211925506591797 1.4040715694427490234 1.3242812156677246094 1.2996181249618530273 1.2326980829238891602 1.0826755762100219727 0.95889359712600708008 1.0291244983673095703 1.0319447517395019531 0.85809665918350219727 0.79175025224685668945 0.96442335844039916992 0.94966655969619750977 1.0666961669921875 0.9906190037727355957 1.000349879264831543 1.1188865900039672852 1.2349740266799926758 1.3450258970260620117 1.1987056732177734375 1.0545142889022827148 0.97875165939331054688 1.0290360450744628906 1.0327653884887695312 1.024075627326965332 0.99340033531188964844
