samples/et/map_et_2017-11-11.asc
ncols        322
nrows        306
xllcorner    -53.726171018035
yllcorner    -28.476684338117
cellsize     0.000269494585
NODATA_value  -1
[rows 144 to 161 of 306, columns 200 to 239 of 322]
3.8981287479400634766 3.9719719886779785156 3.7660124301910400391 3.7406942844390869141 3.8141701221466064453 3.8095707893371582031 3.9375412464141845703 4.0310888290405273438 4.3175153732299804688 4.8156933784484863281 4.9273405075073242188 4.9258565902709960938 5.1098661422729492188 5.366420745849609375 5.1598196029663085938 4.7470774650573730469 4.4482121467590332031 4.5411739349365234375 4.5611324310302734375 4.675289154052734375 4.9920544624328613281 5.0810112953186035156 5.1493482589721679688 4.9485030174255371094 4.8983893394470214844 4.9807577133178710938 5.0096201896667480469 4.8525533676147460938 4.8474988937377929688 4.7047419548034667969 4.71856689453125 4.7346668243408203125 4.7015786170959472656 4.7286024093627929688 4.6848344802856445312 4.7302923202514648438 5.0559620857238769531 5.1534047126770019531 5.4030013084411621094 5.503391265869140625
3.9676501750946044922 3.9397170543670654297 3.92598724365234375 3.8856616020202636719 3.8826375007629394531 3.8084039688110351562 3.8907010555267333984 3.9358987808227539062 4.0228109359741210938 4.574802398681640625 4.9190244674682617188 4.8697805404663085938 4.9695720672607421875 5.3238158226013183594 5.3976421356201171875 4.9302310943603515625 4.5058045387268066406 4.39698028564453125 4.3774690628051757812 4.3815326690673828125 4.6001648902893066406 5.0299196243286132812 5.0538797378540039062 4.8548607826232910156 4.6761941909790039062 4.7404489517211914062 4.7881221771240234375 4.7011294364929199219 4.548374176025390625 4.3574280738830566406 4.4663357734680175781 4.5100398063659667969 4.40174102783203125 4.4855408668518066406 4.6562795639038085938 4.9218268394470214844 5.2763533592224121094 5.2731566429138183594 5.5731191635131835938 5.6902751922607421875
4.0589971542358398438 3.9600670337677001953 4.0132617950439453125 4.1161360740661621094 3.9985167980194091797 3.7901005744934082031 3.7037541866302490234 3.8567860126495361328 4.015041351318359375 4.4478859901428222656 4.9225516319274902344 4.8840627670288085938 4.9318485260009765625 5.1695818901062011719 5.4132456779479980469 4.9606595039367675781 4.3915133476257324219 4.1457118988037109375 4.2599539756774902344 4.2792277336120605469 4.446933746337890625 5.0408844947814941406 5.1360797882080078125 4.8061671257019042969 4.6750388145446777344 4.5615315437316894531 4.5354008674621582031 4.4460268020629882812 4.4257702827453613281 4.3148598670959472656 4.3579697608947753906 4.2580342292785644531 3.9872813224792480469 4.0990238189697265625 4.3824567794799804688 4.6883907318115234375 5.0444989204406738281 4.9696140289306640625 5.2465639114379882812 5.48877716064453125
4.0640048980712890625 3.9135091304779052734 3.8617658615112304688 4.0388045310974121094 4.050205230712890625 3.8312461376190185547 3.6362035274505615234 3.8691997528076171875 4.2209014892578125 4.4632077217102050781 4.4949464797973632812 4.7566041946411132812 4.92413330078125 5.2234492301940917969 5.2702035903930664062 4.9900727272033691406 4.5791883468627929688 4.2718133926391601562 4.0426764488220214844 4.1403398513793945312 4.4508624076843261719 4.958820343017578125 4.9625439643859863281 4.7357311248779296875 4.6940565109252929688 4.5084257125854492188 4.566097259521484375 4.4586124420166015625 4.4467759132385253906 4.1684498786926269531 4.1165742874145507812 3.8709697723388671875 3.7836854457855224609 3.8373918533325195312 3.9417624473571777344 4.2418456077575683594 4.4675149917602539062 4.4941439628601074219 4.6387257575988769531 4.835254669189453125
4.229114532470703125 4.0687384605407714844 3.8631727695465087891 3.9455599784851074219 4.0571894645690917969 3.9595797061920166016 3.8982918262481689453 3.9555337429046630859 4.1026673316955566406 4.2186160087585449219 4.2902035713195800781 4.3844370841979980469 4.8812580108642578125 5.1950860023498535156 5.127796173095703125 4.8738884925842285156 4.5272531509399414062 4.3292174339294433594 4.3101544380187988281 4.2996807098388671875 4.4012470245361328125 4.53658294677734375 4.7751564979553222656 4.8596529960632324219 4.7230749130249023438 4.6316924095153808594 4.6738748550415039062 4.5158934593200683594 4.4981060028076171875 4.1977062225341796875 3.9948105812072753906 3.8154020309448242188 3.7479426860809326172 3.5036940574645996094 3.5446391105651855469 3.6129922866821289062 3.8398647308349609375 3.9562318325042724609 3.78875732421875 4.023715972900390625
4.3749189376831054688 4.1922163963317871094 3.8278300762176513672 3.8833806514739990234 4.0859379768371582031 4.1034016609191894531 4.0625486373901367188 3.9360394477844238281 3.8834054470062255859 4.0560631752014160156 4.1773009300231933594 4.3612818717956542969 4.7049241065979003906 4.9319982528686523438 4.87591552734375 4.7258696556091308594 4.5450868606567382812 4.2486972808837890625 4.2127766609191894531 4.2277879714965820312 4.2087030410766601562 4.3301377296447753906 4.6815152168273925781 4.9032945632934570312 4.7713837623596191406 4.7567038536071777344 4.7463717460632324219 4.600940704345703125 4.5949087142944335938 4.287761688232421875 3.9520699977874755859 3.8097531795501708984 3.8118581771850585938 3.5001606941223144531 3.3416514396667480469 3.3654561042785644531 3.3694410324096679688 3.4810128211975097656 3.6035935878753662109 3.7352802753448486328
4.4049181938171386719 4.3620562553405761719 4.0314769744873046875 3.9569509029388427734 4.2204813957214355469 4.077831268310546875 3.9110765457153320312 3.9795048236846923828 3.8661036491394042969 3.8218100070953369141 4.1041998863220214844 4.3057599067687988281 4.5607237815856933594 4.86624908447265625 4.8022503852844238281 4.4912843704223632812 4.5119495391845703125 4.5317096710205078125 4.2003021240234375 4.1775565147399902344 4.1799101829528808594 4.1179976463317871094 4.28392791748046875 4.7175450325012207031 4.8517003059387207031 4.7407331466674804688 4.7041721343994140625 4.4665217399597167969 4.488948822021484375 4.2533121109008789062 4.0695319175720214844 3.8658492565155029297 3.7433259487152099609 3.6443743705749511719 3.400508880615234375 3.1437144279479980469 3.0194318294525146484 3.0858519077301025391 3.2297956943511962891 3.5768237113952636719
4.4878702163696289062 4.3528227806091308594 4.2600870132446289062 4.0612006187438964844 4.0017580986022949219 4.0531148910522460938 3.9611606597900390625 4.0477366447448730469 3.8621773719787597656 3.7659993171691894531 4.0848574638366699219 4.2458620071411132812 4.2648181915283203125 4.4420080184936523438 4.5551753044128417969 4.50746917724609375 4.4362282752990722656 4.3849253654479980469 4.2185049057006835938 4.1209473609924316406 4.1414160728454589844 4.1400160789489746094 4.1714715957641601562 4.5039992332458496094 4.7316679954528808594 4.7517457008361816406 4.6169962882995605469 4.3609709739685058594 4.28470611572265625 4.1194348335266113281 4.168292999267578125 3.9326000213623046875 3.5945012569427490234 3.4995226860046386719 3.2954516410827636719 3.2245354652404785156 3.1350264549255371094 2.9179091453552246094 3.0719745159149169922 3.2886147499084472656
4.3501710891723632812 4.3596706390380859375 4.2625327110290527344 4.202213287353515625 4.0583276748657226562 4.0445842742919921875 4.0882477760314941406 4.0625333786010742188 3.8218986988067626953 3.8975996971130371094 4.0527110099792480469 3.9964869022369384766 4.1725983619689941406 4.4051980972290039062 4.2292637825012207031 4.2179913520812988281 4.2666120529174804688 4.24542999267578125 4.2630748748779296875 4.1134858131408691406 4.0013718605041503906 4.0492200851440429688 4.1212916374206542969 4.4709410667419433594 4.6141300201416015625 4.5604033470153808594 4.4696803092956542969 4.2443156242370605469 4.225551605224609375 3.9817433357238769531 3.8752703666687011719 3.8804736137390136719 3.6580796241760253906 3.2205650806427001953 3.0930571556091308594 3.2807447910308837891 3.0301368236541748047 2.8252589702606201172 2.8943834304809570312 2.8927004337310791016
4.054851531982421875 4.0365977287292480469 4.0478954315185546875 4.1163482666015625 4.0988512039184570312 4.0937547683715820312 4.0737090110778808594 3.9558751583099365234 3.8454275131225585938 3.9045584201812744141 3.9103610515594482422 3.9633226394653320312 4.203826904296875 4.2805399894714355469 4.3250946998596191406 4.1343111991882324219 3.8937776088714599609 3.9781715869903564453 4.0900707244873046875 3.9736158847808837891 3.9293134212493896484 3.9706304073333740234 4.0332212448120117188 4.4135608673095703125 4.7055420875549316406 4.2710156440734863281 4.2239823341369628906 4.2434935569763183594 4.2152619361877441406 3.8560149669647216797 3.6205303668975830078 3.6133334636688232422 3.3863384723663330078 3.2975752353668212891 3.1283161640167236328 3.1112637519836425781 2.9447689056396484375 2.7243833541870117188 2.8003313541412353516 2.9017925262451171875
3.8006875514984130859 3.5576100349426269531 3.5464231967926025391 3.7184858322143554688 3.918994903564453125 3.7731113433837890625 3.7293763160705566406 3.9574644565582275391 3.8765661716461181641 3.7874517440795898438 3.7370858192443847656 3.8243472576141357422 4.0573720932006835938 4.16596221923828125 4.226825714111328125 4.1117830276489257812 3.835422515869140625 3.8144822120666503906 3.9486496448516845703 3.9679138660430908203 3.8411817550659179688 3.8737590312957763672 4.01053619384765625 4.1702446937561035156 4.4381699562072753906 4.0751972198486328125 4.1307687759399414062 4.314823150634765625 4.1483201980590820312 4.0404186248779296875 3.6572556495666503906 3.2673661708831787109 3.1114368438720703125 3.1709935665130615234 3.2725071907043457031 3.2703354358673095703 2.9787034988403320312 2.8894798755645751953 2.8782129287719726562 2.9146506786346435547
3.5385653972625732422 3.4369454383850097656 3.5401661396026611328 3.4810163974761962891 3.3880565166473388672 3.4032588005065917969 3.4991512298583984375 3.5685863494873046875 3.6796171665191650391 3.6773126125335693359 3.4961283206939697266 3.5611786842346191406 3.7065947055816650391 3.8861775398254394531 4.0587263107299804688 4.1135015487670898438 3.8380157947540283203 3.7072052955627441406 3.7677299976348876953 3.7639601230621337891 3.6807627677917480469 3.7131073474884033203 3.9440720081329345703 4.0247464179992675781 4.0455775260925292969 3.8894701004028320312 3.9608831405639648438 4.2675576210021972656 4.0645489692687988281 4.0086579322814941406 3.5688493251800537109 3.3143029212951660156 3.1034932136535644531 2.9345710277557373047 3.0420794486999511719 3.0761954784393310547 2.8371455669403076172 2.8368756771087646484 3.0087969303131103516 3.2665655612945556641
3.4542720317840576172 3.3841319084167480469 3.5367081165313720703 3.5043687820434570312 3.4216465950012207031 3.28238677978515625 3.2444486618041992188 3.4323284626007080078 3.4993681907653808594 3.5143575668334960938 3.4737315177917480469 3.3694159984588623047 3.3006389141082763672 3.3409333229064941406 3.6292943954467773438 3.7949235439300537109 3.6046240329742431641 3.5589025020599365234 3.6196455955505371094 3.624378204345703125 3.5574500560760498047 3.5976238250732421875 3.6052236557006835938 3.7696311473846435547 3.8819472789764404297 3.8460972309112548828 3.9296009540557861328 4.0270800590515136719 3.7516140937805175781 3.8124408721923828125 3.5789697170257568359 3.1213588714599609375 2.873126983642578125 2.9703395366668701172 2.8987314701080322266 2.7489550113677978516 2.7500023841857910156 2.8442177772521972656 3.0361986160278320312 3.3572680950164794922
3.6226487159729003906 3.4411072731018066406 3.3524184226989746094 3.5698409080505371094 3.3742425441741943359 3.3477225303649902344 3.5194249153137207031 3.3886799812316894531 3.3805024623870849609 3.4932503700256347656 3.5072035789489746094 3.4003458023071289062 3.2889680862426757812 3.1380357742309570312 3.1320233345031738281 3.4305057525634765625 3.4355442523956298828 3.3303163051605224609 3.2492394447326660156 3.1294410228729248047 3.2847082614898681641 3.4229693412780761719 3.4520509243011474609 3.4919307231903076172 3.4803283214569091797 3.7025139331817626953 3.7129006385803222656 3.9012510776519775391 3.7242465019226074219 3.6547143459320068359 3.413330078125 3.048091888427734375 2.9121372699737548828 2.850528717041015625 2.6846599578857421875 2.6766760349273681641 2.7229607105255126953 2.8805165290832519531 2.9379513263702392578 3.3276174068450927734
3.7632074356079101562 3.4429590702056884766 3.3472793102264404297 3.4815087318420410156 3.5264692306518554688 3.5615658760070800781 3.6140730381011962891 3.5120458602905273438 3.3110661506652832031 3.2583305835723876953 3.4615087509155273438 3.4339144229888916016 3.2800812721252441406 3.1787993907928466797 3.2148976325988769531 3.2038528919219970703 3.2949223518371582031 3.1134324073791503906 2.8986420631408691406 2.8094217777252197266 2.8925807476043701172 3.0235211849212646484 3.1190690994262695312 3.2602643966674804688 3.2703800201416015625 3.5507051944732666016 3.6078579425811767578 3.7866029739379882812 3.6884152889251708984 3.5039703845977783203 3.2157306671142578125 3.1235394477844238281 2.9458053112030029297 2.774875640869140625 2.7301185131072998047 2.7459807395935058594 2.7937474250793457031 2.8775055408477783203 2.9837708473205566406 3.2870583534240722656
3.6923224925994873047 3.4464550018310546875 3.3208968639373779297 3.4540693759918212891 3.4399149417877197266 3.5728526115417480469 3.7405977249145507812 3.67678070068359375 3.4674167633056640625 3.3677890300750732422 3.5237743854522705078 3.4270632266998291016 3.3567304611206054688 3.3319480419158935547 3.3344879150390625 3.3020541667938232422 3.1631777286529541016 3.1220593452453613281 2.9151232242584228516 2.7815129756927490234 2.6814153194427490234 2.8922822475433349609 2.8535044193267822266 3.0291676521301269531 3.2344837188720703125 3.2125606536865234375 3.2746345996856689453 3.3909204006195068359 3.3253664970397949219 3.3893520832061767578 3.2869153022766113281 3.1140151023864746094 3.02919769287109375 2.7753856182098388672 2.7234799861907958984 2.9252500534057617188 3.1657891273498535156 3.1197719573974609375 2.9711346626281738281 3.1247766017913818359
3.6120481491088867188 3.4494748115539550781 3.3992321491241455078 3.4233841896057128906 3.3700993061065673828 3.4404399394989013672 3.7010731697082519531 3.764430999755859375 3.5548410415649414062 3.4455718994140625 3.5901927947998046875 3.4983358383178710938 3.3270654678344726562 3.3687992095947265625 3.3907656669616699219 3.4433207511901855469 3.2084081172943115234 3.2101521492004394531 3.1298224925994873047 2.8626151084899902344 2.6949000358581542969 2.7045791149139404297 2.8972539901733398438 3.0236239433288574219 3.2419695854187011719 3.3171508312225341797 3.3451356887817382812 3.3962666988372802734 3.3913545608520507812 3.2850012779235839844 3.1586279869079589844 3.1741042137145996094 3.0790722370147705078 2.6784002780914306641 2.6409754753112792969 2.9206390380859375 3.1196825504302978516 3.1400511264801025391 3.1312770843505859375 3.0041239261627197266
3.4320476055145263672 3.5193686485290527344 3.6917338371276855469 3.4623692035675048828 3.3890044689178466797 3.511432647705078125 3.6955556869506835938 3.7443823814392089844 3.5616657733917236328 3.5220189094543457031 3.5607473850250244141 3.5648405551910400391 3.4380977153778076172 3.375034332275390625 3.3428659439086914062 3.4088892936706542969 3.3615369796752929688 3.3250515460968017578 3.2823503017425537109 3.0740873813629150391 2.8843698501586914062 2.7146260738372802734 2.6859269142150878906 2.9862947463989257812 3.4478673934936523438 3.5001127719879150391 3.5187535285949707031 3.5164144039154052734 3.4909405708312988281 3.4799175262451171875 3.2493646144866943359 3.1087365150451660156 2.9866137504577636719 2.8218464851379394531 2.6350471973419189453 2.8670887947082519531 3.1120760440826416016 3.0076265335083007812 2.8531055450439453125 2.836383819580078125
