samples/et/map_et_2017-07-06.asc
ncols        322
nrows        306
xllcorner    -53.726171018035
yllcorner    -28.476684338117
cellsize     0.000269494585
NODATA_value  -1
[rows 252 to 269 of 306, columns 80 to 119 of 322]
0.51053828001022338867 0.52393418550491333008 0.41013789176940917969 0.22737902402877807617 0.35210669040679931641 0.6686420440673828125 1.0684201717376708984 1.4001053571701049805 1.5898792743682861328 1.6754724979400634766 1.597584843635559082 1.6932004690170288086 1.8068114519119262695 1.8213229179382324219 1.8980302810668945312 1.808240056037902832 1.7253350019454956055 1.7133879661560058594 1.6599423885345458984 1.5463626384735107422 1.3563280105590820312 1.1806679964065551758 1.3070038557052612305 1.2878317832946777344 1.3459696769714355469 1.197045445442199707 1.1739892959594726562 1.2681660652160644531 1.2072452306747436523 0.99173080921173095703 0.9739812016487121582 1.2467027902603149414 1.5100084543228149414 1.6481612920761108398 1.7229758501052856445 1.7471699714660644531 1.8715276718139648438 1.9602347612380981445 1.8211988210678100586 1.8428938388824462891
0.62497657537460327148 0.54075545072555541992 0.41576838493347167969 0.37997725605964660645 0.52486884593963623047 0.69904351234436035156 1.0776735544204711914 1.1783046722412109375 1.5348622798919677734 1.6591070890426635742 1.6912610530853271484 1.6832141876220703125 1.7882745265960693359 1.7901284694671630859 1.8522564172744750977 1.8314725160598754883 1.7038645744323730469 1.6848318576812744141 1.7256066799163818359 1.6793541908264160156 1.5319218635559082031 1.401423335075378418 1.3032145500183105469 1.4009232521057128906 1.4595929384231567383 1.369713902473449707 1.2019987106323242188 1.2613815069198608398 1.3472381830215454102 1.2598108053207397461 1.2774920463562011719 1.3748897314071655273 1.4924951791763305664 1.7239446640014648438 1.6752512454986572266 1.5987373590469360352 1.7537213563919067383 1.871181488037109375 1.962268829345703125 1.9134731292724609375
0.75521361827850341797 0.6317208409309387207 0.58682388067245483398 0.56399834156036376953 0.68926590681076049805 0.8159649968147277832 0.89327991008758544922 0.93358129262924194336 1.244476318359375 1.4798755645751953125 1.6575330495834350586 1.6904799938201904297 1.7057714462280273438 1.7394570112228393555 1.8415217399597167969 1.952480316162109375 1.8626921176910400391 1.7245682477951049805 1.7534056901931762695 1.8259856700897216797 1.8146190643310546875 1.6757321357727050781 1.4782623052597045898 1.3987320661544799805 1.3933631181716918945 1.3834013938903808594 1.2452242374420166016 1.250025629997253418 1.3581165075302124023 1.285954594612121582 1.3057817220687866211 1.3906892538070678711 1.4363846778869628906 1.6108776330947875977 1.6755962371826171875 1.5126278400421142578 1.5580576658248901367 1.6531983613967895508 1.7019959688186645508 1.7964965105056762695
0.91756379604339599609 0.86296534538269042969 0.70583105087280273438 0.69467616081237792969 0.61863720417022705078 0.77351850271224975586 0.66275650262832641602 0.75052934885025024414 0.96943020820617675781 1.1581027507781982422 1.3575098514556884766 1.488927006721496582 1.6508238315582275391 1.6916549205780029297 1.8069716691970825195 1.9908106327056884766 1.9610041379928588867 1.8218870162963867188 1.8117357492446899414 1.8049454689025878906 1.8674989938735961914 1.7080596685409545898 1.6258087158203125 1.4324384927749633789 1.3731578588485717773 1.3908621072769165039 1.2776015996932983398 1.2271555662155151367 1.2968622446060180664 1.3114386796951293945 1.2499872446060180664 1.2196123600006103516 1.3157274723052978516 1.3908078670501708984 1.4884382486343383789 1.4624344110488891602 1.3956151008605957031 1.581084132194519043 1.5762162208557128906 1.6070914268493652344
1.0081640481948852539 1.0465319156646728516 0.88216865062713623047 0.71301621198654174805 0.74332147836685180664 0.66983371973037719727 0.77814370393753051758 0.89964848756790161133 1.0877892971038818359 1.1581475734710693359 1.2503423690795898438 1.2769248485565185547 1.4085772037506103516 1.4090148210525512695 1.5276296138763427734 1.6767371892929077148 1.8127360343933105469 1.7526515722274780273 1.7300053834915161133 1.7496278285980224609 1.6475480794906616211 1.6956201791763305664 1.6790589094161987305 1.7108533382415771484 1.5510239601135253906 1.5645221471786499023 1.4848710298538208008 1.3020395040512084961 1.2311472892761230469 1.2635771036148071289 1.1128182411193847656 1.0524511337280273438 1.1230559349060058594 1.1844840049743652344 1.1858168840408325195 1.1630663871765136719 1.297547459602355957 1.4623622894287109375 1.7253296375274658203 1.8916771411895751953
1.1214585304260253906 1.1136367321014404297 1.0960397720336914062 0.96425235271453857422 1.0301463603973388672 1.0712127685546875 1.1217881441116333008 1.2701408863067626953 1.2845783233642578125 1.4035010337829589844 1.3496439456939697266 1.360937952995300293 1.2639578580856323242 1.2204364538192749023 1.1758912801742553711 1.2356089353561401367 1.416077733039855957 1.5222278833389282227 1.5169787406921386719 1.5686293840408325195 1.5777697563171386719 1.6131261587142944336 1.6836733818054199219 1.8144222497940063477 1.8345335721969604492 1.699208378791809082 1.6522815227508544922 1.4524556398391723633 1.2767903804779052734 1.1133518218994140625 0.94031542539596557617 0.80772489309310913086 0.83047258853912353516 0.91748309135437011719 0.96719264984130859375 1.0573693513870239258 1.2301765680313110352 1.3921556472778320312 1.7109965085983276367 1.9547728300094604492
1.3551506996154785156 1.2313749790191650391 1.1980502605438232422 1.2340284585952758789 1.2281001806259155273 1.347194671630859375 1.4554587602615356445 1.596619725227355957 1.5353502035140991211 1.4882699251174926758 1.4005949497222900391 1.3507155179977416992 1.3070405721664428711 1.2371544837951660156 1.0751973390579223633 1.0727275609970092773 1.218232274055480957 1.3224226236343383789 1.3874379396438598633 1.5347350835800170898 1.5953732728958129883 1.7651243209838867188 1.7017035484313964844 1.6556679010391235352 1.7877132892608642578 1.7607924938201904297 1.5971802473068237305 1.5046062469482421875 1.3363780975341796875 1.1579755544662475586 0.98698943853378295898 0.92905074357986450195 0.75863236188888549805 0.82765418291091918945 0.89173948764801025391 0.90640902519226074219 1.213855743408203125 1.3615449666976928711 1.5764296054840087891 1.6661914587020874023
1.3241547346115112305 1.429293513298034668 1.3528779745101928711 1.3462744951248168945 1.3900560140609741211 1.3953224420547485352 1.4889291524887084961 1.6825078725814819336 1.6637492179870605469 1.6730085611343383789 1.5007385015487670898 1.3115662336349487305 1.2745089530944824219 1.2548364400863647461 1.2351083755493164062 1.0814163684844970703 1.1182419061660766602 1.1961427927017211914 1.2314791679382324219 1.3296514749526977539 1.4491621255874633789 1.6048423051834106445 1.7455167770385742188 1.6550077199935913086 1.5984504222869873047 1.7075949907302856445 1.6818217039108276367 1.5753422975540161133 1.4567924737930297852 1.2724378108978271484 1.1919690370559692383 1.0588028430938720703 0.94826430082321166992 0.97756528854370117188 0.94000464677810668945 0.92109048366546630859 1.0682778358459472656 1.3282434940338134766 1.4500517845153808594 1.5038685798645019531
1.3969507217407226562 1.5139030218124389648 1.4432501792907714844 1.3389891386032104492 1.3330976963043212891 1.3557631969451904297 1.386386871337890625 1.5036909580230712891 1.6138489246368408203 1.726906895637512207 1.6976226568222045898 1.413126826286315918 1.2933045625686645508 1.2352408170700073242 1.2163621187210083008 1.1432834863662719727 1.021268010139465332 1.0568990707397460938 1.1194051504135131836 1.1089491844177246094 1.2104058265686035156 1.2499228715896606445 1.4089089632034301758 1.6619089841842651367 1.596655726432800293 1.5887250900268554688 1.7297637462615966797 1.6342111825942993164 1.5422809123992919922 1.3628844022750854492 1.2566968202590942383 1.1482071876525878906 1.1951428651809692383 0.98442488908767700195 0.96330922842025756836 0.9083277583122253418 1.0106484889984130859 1.3907393217086791992 1.6579375267028808594 1.7855343818664550781
1.4593192338943481445 1.5021090507507324219 1.4516866207122802734 1.4518415927886962891 1.3640494346618652344 1.3699322938919067383 1.5303846597671508789 1.4589546918869018555 1.5244281291961669922 1.6725053787231445312 1.659863591194152832 1.5720859766006469727 1.3744547367095947266 1.362799525260925293 1.3030375242233276367 1.2289180755615234375 1.0118678808212280273 0.97743713855743408203 1.0062154531478881836 1.0600519180297851562 1.1829534769058227539 1.2828900814056396484 1.3270685672760009766 1.573466181755065918 1.7262212038040161133 1.6030770540237426758 1.6257402896881103516 1.5841734409332275391 1.4876673221588134766 1.3730169534683227539 1.1938302516937255859 1.1409456729888916016 1.3052628040313720703 1.2032923698425292969 1.0796964168548583984 0.7715606689453125 0.89434534311294555664 1.2037140130996704102 1.5836576223373413086 2.0540063381195068359
1.309197545051574707 1.3195039033889770508 1.4028401374816894531 1.4644291400909423828 1.548161625862121582 1.5446562767028808594 1.6986695528030395508 1.7334845066070556641 1.5297325849533081055 1.6008803844451904297 1.5136530399322509766 1.5154585838317871094 1.4185628890991210938 1.4075293540954589844 1.3914171457290649414 1.2584525346755981445 1.1553223133087158203 1.0259099006652832031 0.92362171411514282227 1.1246384382247924805 1.2775068283081054688 1.3969007730484008789 1.4332078695297241211 1.5072157382965087891 1.6727715730667114258 1.6585400104522705078 1.5446074008941650391 1.5755780935287475586 1.4152649641036987305 1.360113978385925293 1.1569112539291381836 1.0911022424697875977 1.0837320089340209961 1.3945257663726806641 1.0236624479293823242 0.79338830709457397461 0.85288274288177490234 1.1551033258438110352 1.4093989133834838867 1.9983277320861816406
1.1755540370941162109 1.1830885410308837891 1.3538537025451660156 1.446261286735534668 1.6093555688858032227 1.6796337366104125977 1.7721586227416992188 1.8509550094604492188 1.7349513769149780273 1.6459881067276000977 1.527451634407043457 1.3912192583084106445 1.4122648239135742188 1.4047514200210571289 1.261981964111328125 1.2835838794708251953 1.2040160894393920898 1.1474715471267700195 0.94292521476745605469 1.0873602628707885742 1.1745500564575195312 1.2606028318405151367 1.3304843902587890625 1.3939719200134277344 1.4446753263473510742 1.5699809789657592773 1.5744466781616210938 1.5852277278900146484 1.5035752058029174805 1.4590346813201904297 1.3104059696197509766 1.0604796409606933594 0.95693075656890869141 1.0844837427139282227 0.85840833187103271484 0.89554232358932495117 0.96854960918426513672 1.2367722988128662109 1.3859544992446899414 1.830263972282409668
1.2276731729507446289 1.1624611616134643555 1.2768775224685668945 1.3718775510787963867 1.4644829034805297852 1.7226678133010864258 1.8662877082824707031 1.8659518957138061523 1.7824640274047851562 1.8110715150833129883 1.6743952035903930664 1.455170750617980957 1.4258861541748046875 1.4177119731903076172 1.3694446086883544922 1.2751394510269165039 1.2095348834991455078 1.1458170413970947266 1.0301192998886108398 0.93002307415008544922 1.0434420108795166016 1.1291983127593994141 1.2339909076690673828 1.3452160358428955078 1.3676205873489379883 1.4121631383895874023 1.4585468769073486328 1.5119762420654296875 1.4871516227722167969 1.5379854440689086914 1.4959794282913208008 1.1426223516464233398 0.96904319524765014648 0.80375421047210693359 0.75089055299758911133 0.71177136898040771484 0.94344758987426757812 1.2324124574661254883 1.4632815122604370117 1.9348783493041992188
1.3938641548156738281 1.3969013690948486328 1.3206634521484375 1.4177070856094360352 1.4531970024108886719 1.7184813022613525391 1.8823323249816894531 1.8257960081100463867 1.7833647727966308594 1.8328787088394165039 1.7956647872924804688 1.5345017910003662109 1.5028121471405029297 1.4571158885955810547 1.5055482387542724609 1.3943518400192260742 1.1840938329696655273 1.1592572927474975586 1.1173549890518188477 0.97108048200607299805 1.0356274843215942383 1.109686732292175293 1.2428114414215087891 1.4681088924407958984 1.4182730913162231445 1.4220682382583618164 1.4861518144607543945 1.4568576812744140625 1.4267867803573608398 1.4811382293701171875 1.3989961147308349609 1.1872775554656982422 1.052903294563293457 0.8324349522590637207 0.73369073867797851562 0.72727876901626586914 0.82539343833923339844 1.4299234151840209961 1.7317817211151123047 2.2115635871887207031
1.2782860994338989258 1.4059348106384277344 1.518672943115234375 1.5785801410675048828 1.6566159725189208984 1.8082708120346069336 1.886525273323059082 1.8297194242477416992 1.7695697546005249023 1.7944171428680419922 1.7880222797393798828 1.6240985393524169922 1.5877444744110107422 1.5463466644287109375 1.4696168899536132812 1.4277179241180419922 1.1966848373413085938 1.1372561454772949219 1.2944284677505493164 1.1933919191360473633 1.1075471639633178711 0.95282530784606933594 1.1509114503860473633 1.3796970844268798828 1.6049952507019042969 1.6528884172439575195 1.6082065105438232422 1.5308325290679931641 1.4931867122650146484 1.4820955991744995117 1.4553207159042358398 1.2772915363311767578 1.1142828464508056641 0.84467476606369018555 0.85157287120819091797 0.9091593623161315918 1.0520836114883422852 1.3123137950897216797 1.8040975332260131836 2.2467868328094482422
1.2384266853332519531 1.2071599960327148438 1.4006417989730834961 1.5965436697006225586 1.7612450122833251953 1.9103530645370483398 1.8923212289810180664 1.8695300817489624023 1.8364732265472412109 1.7325025796890258789 1.727671504020690918 1.6262731552124023438 1.5522282123565673828 1.5148125886917114258 1.5029530525207519531 1.4649168252944946289 1.3832646608352661133 1.2260671854019165039 1.2628539800643920898 1.1973326206207275391 1.0534315109252929688 0.98670059442520141602 0.97266912460327148438 1.1881761550903320312 1.5424084663391113281 1.6534023284912109375 1.6135927438735961914 1.5990968942642211914 1.6573061943054199219 1.5907648801803588867 1.6516859531402587891 1.4631673097610473633 1.2819608449935913086 1.0235433578491210938 1.0187668800354003906 1.1167168617248535156 1.1026289463043212891 1.2962782382965087891 1.5450979471206665039 1.8888987302780151367
1.1505191326141357422 1.1578766107559204102 1.167910456657409668 1.3590961694717407227 1.6850200891494750977 1.871294856071472168 1.9252282381057739258 1.8655289411544799805 1.7852110862731933594 1.7405813932418823242 1.7440042495727539062 1.5732982158660888672 1.5536158084869384766 1.5160719156265258789 1.4820713996887207031 1.5335845947265625 1.4914960861206054688 1.2842639684677124023 1.1674026250839233398 1.151157379150390625 1.0751689672470092773 1.17806243896484375 1.2280986309051513672 1.1788250207901000977 1.3417592048645019531 1.4279448986053466797 1.4665199518203735352 1.5232729911804199219 1.5205070972442626953 1.5352056026458740234 1.5525506734848022461 1.4005569219589233398 1.2825300693511962891 1.1559299230575561523 1.0051367282867431641 1.0607243776321411133 1.0203397274017333984 1.0398867130279541016 1.2561844587326049805 1.4401415586471557617
1.0876199007034301758 1.1720457077026367188 1.2129657268524169922 1.2191689014434814453 1.462253570556640625 1.8084688186645507812 1.9066208600997924805 1.8901638984680175781 1.7815684080123901367 1.7055158615112304688 1.6425701379776000977 1.5143958330154418945 1.4739317893981933594 1.4324810504913330078 1.4649589061737060547 1.5467215776443481445 1.6317524909973144531 1.4220986366271972656 1.2373584508895874023 1.2890949249267578125 1.3748267889022827148 1.3802074193954467773 1.4396749734878540039 1.5042431354522705078 1.4404815435409545898 1.2868902683258056641 1.3407689332962036133 1.4011567831039428711 1.34442901611328125 1.3766397237777709961 1.4010498523712158203 1.3114768266677856445 1.2574836015701293945 1.2336792945861816406 1.0195946693420410156 0.9695084691047668457 1.0377016067504882812 0.95265507698059082031 1.0360482931137084961 1.139757990837097168
