samples/et/map_et_2017-11-11.asc
ncols        322
nrows        306
xllcorner    -53.726171018035
yllcorner    -28.476684338117
cellsize     0.000269494585
NODATA_value  -1
[rows 288 to 305 of 306, columns 40 to 79 of 322]
3.2966783046722412109 3.2680804729461669922 3.2174775600433349609 3.2690541744232177734 3.259006500244140625 3.1528794765472412109 2.9077267646789550781 2.9260976314544677734 3.0173919200897216797 3.1457927227020263672 3.4381341934204101562 3.7370724678039550781 3.7016592025756835938 3.9595422744750976562 4.1564221382141113281 4.0115008354187011719 3.4382157325744628906 3.1845028400421142578 3.0157217979431152344 2.7302641868591308594 2.6621205806732177734 2.7121396064758300781 2.7190997600555419922 2.9925251007080078125 3.2504699230194091797 3.6032276153564453125 3.8470075130462646484 3.8345508575439453125 3.8363866806030273438 3.9294631481170654297 4.1684217453002929688 4.1258878707885742188 4.4497351646423339844 4.6915793418884277344 4.8261361122131347656 5.3409495353698730469 6.0806207656860351562 6.4276642799377441406 6.8134794235229492188 6.8481392860412597656
3.1614582538604736328 3.2480893135070800781 3.13756561279296875 3.1775982379913330078 3.3253521919250488281 3.3005161285400390625 3.2522759437561035156 3.0523178577423095703 3.2116847038269042969 3.1248445510864257812 3.1728188991546630859 3.5863428115844726562 3.4884436130523681641 3.6128661632537841797 3.9821972846984863281 4.2595663070678710938 3.9556653499603271484 3.4935932159423828125 3.3092336654663085938 2.9647271633148193359 2.8907456398010253906 2.6437106132507324219 2.5341448783874511719 2.8356988430023193359 3.3129420280456542969 3.5631165504455566406 3.6681456565856933594 3.9189531803131103516 4.1334810256958007812 4.36006927490234375 4.3026299476623535156 4.6374750137329101562 4.8041434288024902344 5.2191491127014160156 5.644062042236328125 6.1214056015014648438 6.5770087242126464844 6.7554650306701660156 6.9877901077270507812 7.1011815071105957031
3.1853499412536621094 3.0909645557403564453 3.1346929073333740234 3.14418792724609375 3.3946187496185302734 3.5863561630249023438 3.4251253604888916016 3.2525670528411865234 3.1705157756805419922 3.2024221420288085938 3.1892361640930175781 3.5467019081115722656 3.6069743633270263672 3.8147754669189453125 4.0695505142211914062 4.228549957275390625 4.1817889213562011719 3.8396227359771728516 3.5333218574523925781 3.2803297042846679688 3.1898708343505859375 2.8487865924835205078 2.7898800373077392578 2.9578490257263183594 3.4049730300903320312 3.8805208206176757812 3.8012378215789794922 3.9453175067901611328 4.2964224815368652344 4.71469879150390625 4.737213134765625 5.0960335731506347656 5.5759387016296386719 5.8745646476745605469 6.1307988166809082031 6.4789090156555175781 6.8274288177490234375 7.178623199462890625 7.0449719429016113281 6.9505763053894042969
3.3635680675506591797 3.2808618545532226562 3.3118686676025390625 3.2901129722595214844 3.2700033187866210938 3.5616784095764160156 3.4829220771789550781 3.2099015712738037109 3.3233432769775390625 3.324481964111328125 3.3820230960845947266 3.6545312404632568359 3.6928179264068603516 3.8073909282684326172 4.1665568351745605469 4.2887620925903320312 4.4371695518493652344 4.069744110107421875 3.7517116069793701172 3.4642727375030517578 3.3560276031494140625 3.0777649879455566406 2.9137420654296875 3.1099026203155517578 3.6226749420166015625 4.0652456283569335938 4.2988338470458984375 4.4162611961364746094 4.7891111373901367188 4.9261260032653808594 5.0141439437866210938 5.6486639976501464844 6.1302971839904785156 6.500667572021484375 6.688201904296875 6.9354634284973144531 7.1158080101013183594 7.2575016021728515625 7.2368831634521484375 6.9709291458129882812
3.4409322738647460938 3.4721558094024658203 3.4891920089721679688 3.5893571376800537109 3.5931749343872070312 3.6235995292663574219 3.7112536430358886719 3.4243206977844238281 3.4754700660705566406 3.5273504257202148438 3.5431993007659912109 3.8070404529571533203 4.0151724815368652344 4.0236420631408691406 4.2672328948974609375 4.373195648193359375 4.4917931556701660156 4.2827863693237304688 4.0416254997253417969 3.6630413532257080078 3.4122507572174072266 3.0994443893432617188 2.8622214794158935547 3.0838005542755126953 3.8873288631439208984 4.4467678070068359375 4.79052734375 5.0317068099975585938 5.1718425750732421875 5.56832122802734375 5.45174407958984375 5.7424359321594238281 6.2681722640991210938 6.728588104248046875 7.1507630348205566406 7.2921457290649414062 7.2970752716064453125 7.3276309967041015625 7.3087282180786132812 7.0383281707763671875
3.4296751022338867188 3.520092010498046875 3.6298823356628417969 3.7614181041717529297 3.7643821239471435547 3.7861044406890869141 3.8328990936279296875 3.8096985816955566406 3.4758334159851074219 3.5400724411010742188 3.7228929996490478516 3.9744052886962890625 4.4082522392272949219 4.3582415580749511719 4.5346846580505371094 4.4832434654235839844 4.4834451675415039062 4.4314508438110351562 4.2276415824890136719 4.1054258346557617188 3.8620386123657226562 3.4721789360046386719 3.0747523307800292969 3.1036858558654785156 3.7838237285614013672 4.5712208747863769531 5.0896158218383789062 5.4984025955200195312 5.8191089630126953125 5.5613698959350585938 5.8140540122985839844 6.1065359115600585938 6.4108328819274902344 6.6770167350769042969 7.227664947509765625 7.3215212821960449219 7.276752471923828125 7.2866220474243164062 7.2790775299072265625 7.0089850425720214844
3.5838408470153808594 3.6214795112609863281 3.8354845046997070312 3.9310162067413330078 3.8616080284118652344 3.8718721866607666016 3.8683185577392578125 3.8306789398193359375 3.6674664020538330078 3.6834769248962402344 3.8268036842346191406 4.00634002685546875 4.175998687744140625 4.6960906982421875 4.6469349861145019531 4.5758819580078125 4.6295957565307617188 4.7708783149719238281 4.6732087135314941406 4.5822644233703613281 4.3859157562255859375 4.1602663993835449219 3.7834506034851074219 3.6176495552062988281 4.0066285133361816406 4.6964192390441894531 5.3289980888366699219 5.7879438400268554688 6.1517572402954101562 5.9689760208129882812 6.1564245223999023438 6.4350905418395996094 6.6264948844909667969 6.8191285133361816406 7.2735438346862792969 7.3134832382202148438 7.29158782958984375 7.2843356132507324219 7.1575460433959960938 7.0209784507751464844
3.7418673038482666016 3.9284050464630126953 4.05620574951171875 4.08582305908203125 4.2048459053039550781 4.2823662757873535156 4.1727247238159179688 4.0905423164367675781 3.8779804706573486328 3.7986922264099121094 3.8661515712738037109 4.2188439369201660156 4.3347973823547363281 4.9147968292236328125 4.8929548263549804688 4.7738771438598632812 4.9072203636169433594 5.0028223991394042969 5.0645871162414550781 5.1378922462463378906 5.0604481697082519531 4.9491128921508789062 4.4716434478759765625 4.4634919166564941406 4.7337059974670410156 5.1834664344787597656 5.6418061256408691406 6.3308563232421875 6.6489515304565429688 6.5101170539855957031 6.6007666587829589844 6.5123167037963867188 6.4962205886840820312 6.8339686393737792969 7.1963376998901367188 7.2906451225280761719 7.3347578048706054688 7.3317856788635253906 7.0762724876403808594 6.9206738471984863281
3.8307430744171142578 4.051937103271484375 4.1743521690368652344 4.1444158554077148438 4.2705469131469726562 4.4659824371337890625 4.5010066032409667969 4.3756818771362304688 4.307933807373046875 4.107463836669921875 4.0182399749755859375 4.2148141860961914062 4.4007558822631835938 4.9211459159851074219 5.2264842987060546875 5.2814908027648925781 5.2672791481018066406 5.2108640670776367188 5.182231903076171875 5.4279680252075195312 5.4402475357055664062 5.4661974906921386719 5.1436910629272460938 5.1897029876708984375 5.3991065025329589844 5.704097747802734375 6.0867524147033691406 6.4489469528198242188 6.9390687942504882812 7.0640978813171386719 7.0765666961669921875 6.9835095405578613281 6.8341398239135742188 6.8002018928527832031 7.0984702110290527344 7.2526803016662597656 7.3176784515380859375 7.3211431503295898438 6.98961639404296875 6.9979310035705566406
3.8754520416259765625 4.1085205078125 4.4701495170593261719 4.2788119316101074219 4.458034515380859375 4.5653095245361328125 4.6434035301208496094 4.6718645095825195312 4.6405024528503417969 4.3989477157592773438 3.8270626068115234375 3.8794064521789550781 4.0486207008361816406 4.5616078376770019531 5.1631116867065429688 5.7196888923645019531 5.8767056465148925781 5.7472290992736816406 5.42779541015625 5.4437694549560546875 5.4849767684936523438 5.7498908042907714844 5.83264923095703125 5.8209729194641113281 5.7997465133666992188 6.0481214523315429688 6.3246555328369140625 6.6104683876037597656 6.8519120216369628906 7.2930884361267089844 7.2604384422302246094 7.2176833152770996094 7.1059932708740234375 7.0027513504028320312 6.871669769287109375 6.785305023193359375 6.917545318603515625 7.0848698616027832031 6.8836970329284667969 6.9839344024658203125
3.9893863201141357422 4.1167049407958984375 4.650676727294921875 4.6529417037963867188 4.8363618850708007812 4.9852976799011230469 4.721233367919921875 4.6148819923400878906 4.4768610000610351562 4.4256801605224609375 4.1022653579711914062 3.7408115863800048828 3.7236833572387695312 3.9809284210205078125 4.9603304862976074219 5.7494144439697265625 6.1511783599853515625 6.1414165496826171875 6.1030149459838867188 6.2241125106811523438 6.2579522132873535156 6.2336711883544921875 6.3256444931030273438 6.228237152099609375 6.1857976913452148438 6.4647412300109863281 6.8170104026794433594 7.2427134513854980469 7.2996778488159179688 7.2371907234191894531 7.1879105567932128906 7.0997753143310546875 7.2506537437438964844 7.1891493797302246094 6.8003745079040527344 6.5798211097717285156 6.4740748405456542969 6.68845367431640625 6.7894735336303710938 6.7553048133850097656
4.3608102798461914062 4.3779654502868652344 4.610912322998046875 4.8000898361206054688 4.8976397514343261719 5.0545687675476074219 4.7993359565734863281 4.5174679756164550781 4.2814488410949707031 4.1749897003173828125 4.0966362953186035156 3.7883074283599853516 3.6241776943206787109 3.8160181045532226562 4.6511631011962890625 5.51790618896484375 6.1163911819458007812 6.0987730026245117188 6.0837202072143554688 6.4584054946899414062 6.5491690635681152344 6.8052992820739746094 6.719970703125 6.6775422096252441406 6.6360268592834472656 6.7749395370483398438 7.1703138351440429688 7.3130979537963867188 7.28826904296875 7.2430543899536132812 7.233516693115234375 7.1215958595275878906 7.1931362152099609375 7.1452307701110839844 6.863712310791015625 6.6301479339599609375 6.4907078742980957031 6.4362287521362304688 6.6279301643371582031 6.6411275863647460938
4.4293646812438964844 4.6479182243347167969 4.5566496849060058594 4.596096038818359375 4.8368902206420898438 4.8867001533508300781 4.7146444320678710938 4.56610107421875 4.2897005081176757812 3.9999470710754394531 3.9856023788452148438 3.9106814861297607422 3.7445111274719238281 3.8777990341186523438 4.3623414039611816406 5.1433930397033691406 5.8956508636474609375 5.9887027740478515625 5.9173688888549804688 6.0160355567932128906 6.2699418067932128906 6.7061100006103515625 6.7559857368469238281 6.7243571281433105469 6.9646158218383789062 7.057804107666015625 7.340465545654296875 7.3610658645629882812 7.3360428810119628906 7.3201737403869628906 7.311908721923828125 7.0435085296630859375 7.0074849128723144531 6.9951586723327636719 6.8656964302062988281 6.6083736419677734375 6.4975795745849609375 6.3394675254821777344 6.4153299331665039062 6.6455512046813964844
4.5551242828369140625 4.6406221389770507812 4.6864867210388183594 4.7984361648559570312 4.9332203865051269531 4.585880279541015625 4.4904885292053222656 4.3499975204467773438 4.1010961532592773438 3.9008464813232421875 3.75467681884765625 3.7079377174377441406 3.8574426174163818359 4.0836963653564453125 4.0645699501037597656 4.7036747932434082031 5.5550980567932128906 5.7887601852416992188 5.7958302497863769531 5.6675972938537597656 5.8738603591918945312 6.2647686004638671875 6.5865087509155273438 6.6458673477172851562 6.9409303665161132812 7.2793369293212890625 7.3909173011779785156 7.4374265670776367188 7.4194898605346679688 7.4054694175720214844 7.3551363945007324219 7.1541600227355957031 6.8468651771545410156 6.7388324737548828125 6.6971364021301269531 6.6328911781311035156 6.5028243064880371094 6.3665904998779296875 6.3867306709289550781 6.4974832534790039062
4.8162508010864257812 4.8190393447875976562 4.8513498306274414062 4.9222006797790527344 4.9297533035278320312 4.6220250129699707031 4.341533660888671875 4.3795304298400878906 3.9679281711578369141 3.6661918163299560547 3.4825878143310546875 3.4659759998321533203 3.5475611686706542969 3.8667666912078857422 4.1730742454528808594 4.3241214752197265625 4.9397959709167480469 5.5051941871643066406 5.6209425926208496094 5.3514103889465332031 5.5959334373474121094 5.6923093795776367188 6.1017622947692871094 6.2836527824401855469 6.5973877906799316406 7.160144805908203125 7.3364129066467285156 7.4770302772521972656 7.499172210693359375 7.4002752304077148438 7.3185515403747558594 7.3074908256530761719 6.9182682037353515625 6.664501190185546875 6.5270538330078125 6.5843858718872070312 6.7014217376708984375 6.3551149368286132812 6.1933493614196777344 6.4541416168212890625
5.1852097511291503906 4.9236712455749511719 5.0365080833435058594 5.0258464813232421875 4.6871256828308105469 4.6234025955200195312 4.5536413192749023438 4.4098482131958007812 4.0861372947692871094 3.4816637039184570312 3.2173976898193359375 3.1836478710174560547 3.2860307693481445312 3.4986364841461181641 3.8218903541564941406 4.1879281997680664062 4.5414609909057617188 4.8584728240966796875 5.167552947998046875 5.0717978477478027344 5.3594183921813964844 5.530864715576171875 5.6770596504211425781 5.9272198677062988281 6.3163275718688964844 6.6418218612670898438 7.3383793830871582031 7.51163482666015625 7.5208063125610351562 7.38155364990234375 7.3042421340942382812 7.3039407730102539062 7.0730547904968261719 6.7002358436584472656 6.4369020462036132812 6.5740461349487304688 6.6378607749938964844 6.4860663414001464844 6.2930669784545898438 6.4208326339721679688
5.7938208580017089844 5.1534376144409179688 5.1780099868774414062 5.2004008293151855469 4.8215723037719726562 4.6042451858520507812 4.5284929275512695312 4.4168963432312011719 4.0825214385986328125 3.5919060707092285156 3.2559249401092529297 3.1066775321960449219 3.1893243789672851562 3.2440049648284912109 3.5452394485473632812 4.0215787887573242188 4.4154329299926757812 4.692554473876953125 4.8683691024780273438 4.7136778831481933594 4.9276781082153320312 5.3310985565185546875 5.684642791748046875 5.8790278434753417969 6.2219686508178710938 6.6160783767700195312 7.163578033447265625 7.5512986183166503906 7.4736528396606445312 7.3471312522888183594 7.3607320785522460938 7.3488793373107910156 7.0527276992797851562 6.9174852371215820312 6.6691031455993652344 6.531459808349609375 6.5398802757263183594 6.5198931694030761719 6.4630651473999023438 6.7186341285705566406
nan nan nan nan nan nan nan nan nan nan nan nan nan nan nan nan nan nan nan nan nan nan nan nan nan nan nan nan nan nan nan nan nan nan nan nan nan nan nan nan
