samples/et/map_et_2017-08-23.asc
ncols        322
nrows        306
xllcorner    -53.726171018035
yllcorner    -28.476684338117
cellsize     0.000269494585
NODATA_value  -1
[rows 126 to 143 of 306, columns 200 to 239 of 322]
3.5817613601684570312 3.5643017292022705078 3.6890106201171875 3.7522835731506347656 3.7540130615234375 3.7454535961151123047 3.6109023094177246094 3.5840342044830322266 3.6793637275695800781 3.6023478507995605469 3.5827443599700927734 3.5893185138702392578 3.6765165328979492188 3.6893956661224365234 3.3812046051025390625 3.1279554367065429688 2.9859461784362792969 2.9527387619018554688 3.2283341884613037109 3.4880712032318115234 3.6093969345092773438 3.4809253215789794922 3.4518215656280517578 3.3184447288513183594 3.1560833454132080078 3.2223768234252929688 2.9704525470733642578 3.2705552577972412109 3.2898423671722412109 3.2982294559478759766 3.3185644149780273438 3.4104735851287841797 3.3057107925415039062 3.4634671211242675781 3.5638637542724609375 3.6908192634582519531 3.6606085300445556641 3.5397779941558837891 3.4579808712005615234 3.4043664932250976562
3.6512439250946044922 3.5806574821472167969 3.5437445640563964844 3.6423511505126953125 3.7578976154327392578 3.7423999309539794922 3.7059099674224853516 3.6933658123016357422 3.6952311992645263672 3.5209619998931884766 3.4452486038208007812 3.4020373821258544922 3.6141443252563476562 3.6744801998138427734 3.6528732776641845703 3.2769358158111572266 2.9651250839233398438 2.9629900455474853516 3.0562930107116699219 3.4732439517974853516 3.7002720832824707031 3.7887682914733886719 3.7742388248443603516 3.4682412147521972656 3.1796801090240478516 3.0201880931854248047 2.8178005218505859375 3.0971081256866455078 3.0834717750549316406 3.3915951251983642578 3.4549584388732910156 3.3337433338165283203 3.2077982425689697266 3.2940742969512939453 3.3456745147705078125 3.5980367660522460938 3.674129486083984375 3.7033860683441162109 3.5304987430572509766 3.3242559432983398438
3.6022617816925048828 3.4426181316375732422 3.5578219890594482422 3.7346084117889404297 3.7676064968109130859 3.7452051639556884766 3.6574504375457763672 3.7236142158508300781 3.7212765216827392578 3.7001519203186035156 3.4106900691986083984 3.289794921875 3.3747582435607910156 3.6820595264434814453 3.5910983085632324219 3.5498821735382080078 3.0114192962646484375 2.8484578132629394531 2.9348573684692382812 3.1417670249938964844 3.6725888252258300781 3.7185766696929931641 3.7338886260986328125 3.7113239765167236328 3.42275238037109375 2.8247089385986328125 2.727153778076171875 2.8486108779907226562 2.8418409824371337891 3.0733215808868408203 3.2422919273376464844 3.3234667778015136719 3.2243220806121826172 3.241283416748046875 3.2962954044342041016 3.3421297073364257812 3.4735538959503173828 3.48925018310546875 3.2734024524688720703 3.2016274929046630859
3.7758393287658691406 3.5569281578063964844 3.6009008884429931641 3.8053464889526367188 3.7774033546447753906 3.6409564018249511719 3.6046321392059326172 3.5988314151763916016 3.7102231979370117188 3.7332539558410644531 3.4897935390472412109 3.2462346553802490234 3.0347356796264648438 3.3457083702087402344 3.4725887775421142578 3.4474837779998779297 3.2914540767669677734 2.8597652912139892578 2.7457845211029052734 3.0445847511291503906 3.2636930942535400391 3.652889251708984375 3.6566395759582519531 3.6586258411407470703 3.539829254150390625 3.16602325439453125 2.8923642635345458984 2.9778621196746826172 3.0002074241638183594 3.0418493747711181641 3.0806508064270019531 3.1567747592926025391 3.4059503078460693359 3.4463570117950439453 3.6310822963714599609 3.2741694450378417969 3.2944881916046142578 3.2776825428009033203 3.1378393173217773438 2.9915754795074462891
3.8607239723205566406 3.70848846435546875 3.6673686504364013672 3.8226077556610107422 3.7767395973205566406 3.7394034862518310547 3.5639874935150146484 3.3316733837127685547 3.2412459850311279297 3.4480509757995605469 3.2676906585693359375 3.2407648563385009766 3.1329245567321777344 3.0872874259948730469 3.1656832695007324219 3.2037365436553955078 3.2404079437255859375 3.0796730518341064453 2.9721219539642333984 2.8985004425048828125 3.0362062454223632812 3.2501537799835205078 3.5139842033386230469 3.4082973003387451172 3.4411227703094482422 3.3136646747589111328 3.1517360210418701172 3.2715299129486083984 3.2283282279968261719 3.4781634807586669922 3.3056628704071044922 3.2038443088531494141 3.2580957412719726562 3.5284342765808105469 3.7065343856811523438 3.6716732978820800781 3.3722779750823974609 3.2826206684112548828 3.3056437969207763672 2.920192718505859375
3.9666852951049804688 3.8904771804809570312 3.5476832389831542969 3.4990797042846679688 3.6984889507293701172 3.7557039260864257812 3.7021317481994628906 3.5623831748962402344 3.2395679950714111328 3.1717371940612792969 3.20290374755859375 3.0660376548767089844 3.1984970569610595703 3.1568691730499267578 3.1504087448120117188 3.1955249309539794922 3.2321240901947021484 3.2087159156799316406 3.2019515037536621094 3.1885685920715332031 3.1119065284729003906 3.1156289577484130859 3.0846126079559326172 3.0481307506561279297 3.0910849571228027344 3.1718094348907470703 3.1258237361907958984 3.1281223297119140625 3.1414332389831542969 3.5686571598052978516 3.8012914657592773438 3.6062598228454589844 3.2333896160125732422 3.2488348484039306641 3.570545196533203125 3.8256061077117919922 3.7470569610595703125 3.5860767364501953125 3.4957258701324462891 3.1882200241088867188
4.0038170814514160156 4.013942718505859375 3.5738940238952636719 3.32108306884765625 3.3157076835632324219 3.5430939197540283203 3.5698921680450439453 3.6460978984832763672 3.5027110576629638672 3.3037953376770019531 3.2010486125946044922 3.1258029937744140625 3.1144657135009765625 3.2280483245849609375 3.1511256694793701172 3.2613017559051513672 3.3746304512023925781 3.3631312847137451172 3.2077209949493408203 3.4725520610809326172 3.4054083824157714844 3.3293421268463134766 3.0719449520111083984 2.9381043910980224609 2.8573105335235595703 2.7756202220916748047 2.8694043159484863281 2.7962038516998291016 2.8275873661041259766 3.1527009010314941406 3.7465727329254150391 3.8220438957214355469 3.5535576343536376953 3.2371747493743896484 3.3669533729553222656 3.5839688777923583984 3.5935232639312744141 3.7391023635864257812 3.534332275390625 3.4224855899810791016
3.7078990936279296875 4.0917482376098632812 4.0556988716125488281 3.6701567173004150391 3.2608063220977783203 3.3122644424438476562 3.5624284744262695312 3.6878786087036132812 3.5423409938812255859 3.5662240982055664062 3.3558495044708251953 3.2538933753967285156 3.2509493827819824219 3.392181396484375 3.2970378398895263672 3.4284071922302246094 3.6482119560241699219 3.6312859058380126953 3.2914922237396240234 3.4051642417907714844 3.5352182388305664062 3.5052034854888916016 3.2946796417236328125 3.0719821453094482422 2.9790713787078857422 2.7375407218933105469 2.6724734306335449219 2.7103202342987060547 2.7546417713165283203 3.0569422245025634766 3.4498202800750732422 3.5858790874481201172 3.5405859947204589844 3.4942135810852050781 3.4721350669860839844 3.6008188724517822266 3.6449232101440429688 3.5649328231811523438 3.5015387535095214844 3.4159855842590332031
3.0322260856628417969 3.5732092857360839844 3.9767045974731445312 4.039447784423828125 3.6820051670074462891 3.5472905635833740234 3.5854635238647460938 3.4751951694488525391 3.5061388015747070312 3.4734885692596435547 3.6372077465057373047 3.4905803203582763672 3.4435448646545410156 3.5787758827209472656 3.5099587440490722656 3.5779852867126464844 3.6809580326080322266 3.6655678749084472656 3.6643273830413818359 3.4251270294189453125 3.4207184314727783203 3.4633677005767822266 3.4887261390686035156 3.2450633049011230469 2.9981653690338134766 2.7517950534820556641 2.6209425926208496094 2.6943051815032958984 2.78073883056640625 2.7364296913146972656 3.0078825950622558594 3.1155679225921630859 3.0994827747344970703 3.214931488037109375 3.3776834011077880859 3.4802865982055664062 3.5600564479827880859 3.4808609485626220703 3.4985690116882324219 3.4252436161041259766
2.5019278526306152344 2.7159879207611083984 3.3258819580078125 3.6599588394165039062 3.6348879337310791016 3.5642111301422119141 3.6242496967315673828 3.5532467365264892578 3.2104318141937255859 3.1009523868560791016 3.2950284481048583984 3.3612997531890869141 3.4391927719116210938 3.4232125282287597656 3.7069888114929199219 3.6399836540222167969 3.6952288150787353516 3.6783912181854248047 3.67774200439453125 3.5104055404663085938 3.4345707893371582031 3.4039216041564941406 3.3229830265045166016 3.4659364223480224609 3.0680353641510009766 2.7747352123260498047 2.6715757846832275391 2.8270194530487060547 2.8425221443176269531 2.9219317436218261719 3.0514760017395019531 3.0243756771087646484 2.8452744483947753906 2.7326617240905761719 3.0897042751312255859 3.3584992885589599609 3.5625643730163574219 3.5328910350799560547 3.4284067153930664062 3.5123617649078369141
1.8330594301223754883 2.1655681133270263672 2.4287295341491699219 3.0126361846923828125 3.1550002098083496094 3.2540369033813476562 3.3894522190093994141 3.6059720516204833984 3.4757592678070068359 3.2524445056915283203 3.1744413375854492188 3.1151721477508544922 3.2754006385803222656 3.3830165863037109375 3.4760816097259521484 3.5614380836486816406 3.4437661170959472656 3.6994867324829101562 3.6992604732513427734 3.7038707733154296875 3.5996186733245849609 3.52519989013671875 3.4978668689727783203 3.4998006820678710938 3.2978107929229736328 2.8590552806854248047 2.6913249492645263672 2.7339968681335449219 2.8449411392211914062 3.2806572914123535156 3.5114064216613769531 3.4090199470520019531 2.9817407131195068359 2.8915231227874755859 3.0939314365386962891 3.3279271125793457031 3.6078343391418457031 3.6674768924713134766 3.57747650146484375 3.3910253047943115234
1.6418068408966064453 1.7576444149017333984 1.8920472860336303711 2.2709696292877197266 2.8198347091674804688 2.8180308341979980469 3.0955872535705566406 3.5155224800109863281 3.7752101421356201172 3.7638449668884277344 3.636959075927734375 3.7778408527374267578 3.6403663158416748047 3.6732363700866699219 3.5319559574127197266 3.4071712493896484375 3.557949066162109375 3.5130248069763183594 3.7267465591430664062 3.7310416698455810547 3.7064211368560791016 3.6052720546722412109 3.6309363842010498047 3.5496346950531005859 3.4505174160003662109 3.0975387096405029297 2.7636523246765136719 2.8454432487487792969 2.9459168910980224609 3.3712027072906494141 4.0144886970520019531 4.0925555229187011719 3.7302985191345214844 3.2903468608856201172 3.3391571044921875 3.3454751968383789062 3.3830549716949462891 3.613277435302734375 3.8344268798828125 3.6757998466491699219
1.5293725728988647461 1.3858286142349243164 1.4867393970489501953 1.7551794052124023438 2.3881397247314453125 2.7936739921569824219 3.037532806396484375 3.2579839229583740234 3.7564558982849121094 4.0416345596313476562 4.0863709449768066406 4.0698103904724121094 4.0105772018432617188 3.9785640239715576172 3.7871654033660888672 3.7857904434204101562 3.6512024402618408203 3.6123559474945068359 3.5492162704467773438 3.6960313320159912109 3.6172087192535400391 3.6019005775451660156 3.6515624523162841797 3.5181155204772949219 3.5030188560485839844 3.3203463554382324219 3.0750048160552978516 2.9793672561645507812 3.1152031421661376953 3.2796349525451660156 3.6975946426391601562 4.0318813323974609375 3.9920852184295654297 3.8799417018890380859 3.5459640026092529297 3.5032899379730224609 3.4885034561157226562 3.5710272789001464844 3.8210136890411376953 3.9249145984649658203
1.4717897176742553711 1.3100135326385498047 1.237461090087890625 1.4087369441986083984 1.7765313386917114258 2.1595261096954345703 2.8222162723541259766 3.1989490985870361328 3.4698178768157958984 3.6368324756622314453 3.8467860221862792969 3.8635969161987304688 3.8766725063323974609 3.7032923698425292969 3.7834582328796386719 3.7848188877105712891 3.8293769359588623047 3.6953632831573486328 3.7459430694580078125 3.6709015369415283203 3.6042487621307373047 3.4196887016296386719 3.6401438713073730469 3.5242383480072021484 3.5064141750335693359 3.4381568431854248047 3.2279233932495117188 3.0651433467864990234 3.1122736930847167969 3.1697127819061279297 3.2138116359710693359 3.5765888690948486328 3.8062055110931396484 3.6804289817810058594 3.7379755973815917969 3.5973570346832275391 3.7007339000701904297 3.5552258491516113281 3.5135645866394042969 3.6341567039489746094
1.4481325149536132812 1.2273879051208496094 1.1605917215347290039 1.2671053409576416016 1.5270923376083374023 1.9039132595062255859 2.5877115726470947266 2.9688484668731689453 3.1706676483154296875 3.3279392719268798828 3.5869114398956298828 3.5673706531524658203 3.6676177978515625 3.5256760120391845703 3.5598263740539550781 3.5920312404632568359 3.6426627635955810547 3.6080200672149658203 3.6656565666198730469 3.6058707237243652344 3.5025339126586914062 3.3788564205169677734 3.5968446731567382812 3.5176882743835449219 3.5737965106964111328 3.5372529029846191406 3.2948038578033447266 3.0529768466949462891 3.0696344375610351562 3.1268174648284912109 3.1686666011810302734 3.5230953693389892578 3.7677862644195556641 3.6633794307708740234 3.6490778923034667969 3.5812280178070068359 3.6999568939208984375 3.5581445693969726562 3.5077559947967529297 3.6395559310913085938
1.4531042575836181641 1.231540679931640625 1.175772547721862793 1.1421779394149780273 1.2166744470596313477 1.3842052221298217773 1.9966312646865844727 2.1867530345916748047 2.5328412055969238281 2.7147121429443359375 2.5681612491607666016 2.7050776481628417969 2.8512868881225585938 2.9146218299865722656 2.9115808010101318359 2.9043653011322021484 3.1282064914703369141 3.2939164638519287109 3.4830174446105957031 3.6150527000427246094 3.4445264339447021484 3.3490071296691894531 3.2081050872802734375 3.2114591598510742188 3.2122371196746826172 3.2050251960754394531 3.094814300537109375 2.9950361251831054688 2.9538745880126953125 2.8498835563659667969 2.9991815090179443359 3.0299131870269775391 3.2761585712432861328 3.5249922275543212891 3.3849771022796630859 3.3716592788696289062 3.5422294139862060547 3.4489812850952148438 3.3330674171447753906 3.3161203861236572266
1.7384613752365112305 1.5042253732681274414 1.3011444807052612305 1.3130071163177490234 1.1308367252349853516 1.2860388755798339844 1.6024675369262695312 1.8300644159317016602 1.8737864494323730469 2.1936142444610595703 2.3219141960144042969 2.3564791679382324219 2.2798941135406494141 2.4118037223815917969 2.2301511764526367188 2.0375223159790039062 2.2281577587127685547 2.4529683589935302734 2.6673531532287597656 3.0700583457946777344 3.1785306930541992188 3.1837062835693359375 2.876644134521484375 2.7212071418762207031 2.7045400142669677734 2.7385103702545166016 2.6031591892242431641 2.6308271884918212891 2.5750768184661865234 2.5446612834930419922 2.5089704990386962891 2.6510388851165771484 2.8002777099609375 3.1180777549743652344 3.2408945560455322266 3.1371557712554931641 3.3013117313385009766 3.4433219432830810547 3.5654840469360351562 3.4446702003479003906
1.7481153011322021484 1.6244878768920898438 1.3200284242630004883 1.4781075716018676758 1.3609108924865722656 1.1903471946716308594 1.3231636285781860352 1.5044854879379272461 1.722703099250793457 1.9004937410354614258 2.1535558700561523438 2.3388237953186035156 2.5397796630859375 2.5018298625946044922 2.3114778995513916016 1.7963491678237915039 1.6516355276107788086 1.7727160453796386719 1.8541617393493652344 2.1208729743957519531 2.5161395072937011719 2.6668677330017089844 2.76137542724609375 2.3318829536437988281 2.2606375217437744141 2.3999631404876708984 2.4317684173583984375 2.3655250072479248047 2.3612372875213623047 2.2419130802154541016 2.3087141513824462891 2.3633661270141601562 2.5642304420471191406 2.6708614826202392578 2.9011855125427246094 2.8600187301635742188 2.9286794662475585938 3.0965242385864257812 3.2368502616882324219 3.2629103660583496094
