samples/et/map_et_2017-12-13.asc
ncols        322
nrows        306
xllcorner    -53.726171018035
yllcorner    -28.476684338117
cellsize     0.000269494585
NODATA_value  -1
[rows 54 to 71 of 306, columns 240 to 279 of 322]
2.4023039340972900391 2.4217743873596191406 2.5942873954772949219 2.3714745044708251953 2.2775664329528808594 2.6060316562652587891 2.5999779701232910156 2.1510872840881347656 1.9491586685180664062 1.9886770248413085938 1.7319705486297607422 1.6298956871032714844 1.6735473871231079102 1.7945675849914550781 1.9083104133605957031 2.2352709770202636719 2.6663012504577636719 2.7219135761260986328 2.6922905445098876953 2.9499785900115966797 3.1838283538818359375 3.215564727783203125 3.5421350002288818359 3.6098690032958984375 3.7366485595703125 3.7592191696166992188 3.7403624057769775391 3.6857824325561523438 3.270050048828125 3.1605710983276367188 3.2435066699981689453 3.1232843399047851562 2.6622984409332275391 2.2841024398803710938 2.1865646839141845703 2.1940855979919433594 1.9463522434234619141 1.8817925453186035156 1.8371785879135131836 2.4623541831970214844
2.5590384006500244141 2.4665424823760986328 2.4459807872772216797 2.2982082366943359375 2.4851400852203369141 2.4697127342224121094 2.3444921970367431641 2.1197490692138671875 1.8617342710494995117 1.6528831720352172852 1.6734468936920166016 1.6511888504028320312 1.6251446008682250977 1.6796954870223999023 1.6831241846084594727 1.8637069463729858398 2.1267068386077880859 2.2631201744079589844 2.2020244598388671875 2.4345834255218505859 2.9401471614837646484 2.8656952381134033203 3.1847798824310302734 3.4196979999542236328 3.7998826503753662109 4.0987353324890136719 3.9942877292633056641 3.5697591304779052734 3.4538142681121826172 3.2939434051513671875 3.1847989559173583984 3.1617629528045654297 3.0107250213623046875 2.5073029994964599609 1.8554406166076660156 1.9428590536117553711 1.9202022552490234375 1.8297951221466064453 1.7680594921112060547 1.9219049215316772461
2.4881217479705810547 2.4325325489044189453 2.4283695220947265625 2.6962757110595703125 2.4749536514282226562 2.0580089092254638672 1.9456945657730102539 1.9383423328399658203 1.8651609420776367188 1.7080425024032592773 1.6126296520233154297 1.6042956113815307617 1.6060503721237182617 1.6176843643188476562 1.4941326379776000977 1.6281425952911376953 1.5387308597564697266 1.5847572088241577148 1.6246790885925292969 1.9469389915466308594 2.3549985885620117188 2.5133328437805175781 3.0135807991027832031 3.3660767078399658203 3.9732077121734619141 4.3414330482482910156 4.0534596443176269531 3.6401016712188720703 3.6320803165435791016 3.6144313812255859375 3.4949619770050048828 3.208652496337890625 3.0419096946716308594 2.563610076904296875 2.1804447174072265625 2.0765826702117919922 2.0712816715240478516 1.8753316402435302734 1.8210103511810302734 1.7204717397689819336
2.3253030776977539062 2.4080650806427001953 2.2728035449981689453 2.4701998233795166016 2.2478022575378417969 2.0115237236022949219 1.7160210609436035156 1.9330943822860717773 1.960207819938659668 1.7816567420959472656 1.6759600639343261719 1.5161480903625488281 1.5076305866241455078 1.4770863056182861328 1.3066921234130859375 1.2078623771667480469 1.1209129095077514648 1.056795954704284668 1.1790111064910888672 1.5064501762390136719 1.8476861715316772461 2.0444355010986328125 2.7408969402313232422 3.5488123893737792969 4.0355195999145507812 4.3801217079162597656 4.2369751930236816406 4.1351690292358398438 4.0332498550415039062 3.8105413913726806641 3.6923553943634033203 3.3574872016906738281 3.2405338287353515625 2.9517581462860107422 2.6421151161193847656 2.4404203891754150391 2.3290624618530273438 2.0729556083679199219 2.0193853378295898438 1.9123159646987915039
2.1053426265716552734 2.1389591693878173828 1.8707242012023925781 2.2388079166412353516 2.4979658126831054688 2.1569199562072753906 1.9257837533950805664 1.7835487127304077148 1.6727449893951416016 1.8085237741470336914 1.6981910467147827148 1.441173553466796875 1.5656627416610717773 1.3894768953323364258 1.2080527544021606445 1.1330814361572265625 1.0031962394714355469 0.96092939376831054688 0.91581571102142333984 1.0057165622711181641 1.3720475435256958008 1.7742159366607666016 2.6025986671447753906 3.7501900196075439453 4.5905785560607910156 4.7833800315856933594 4.6912808418273925781 4.8381447792053222656 4.6289682388305664062 4.4159426689147949219 3.6837995052337646484 3.456630706787109375 3.077747344970703125 2.7342891693115234375 2.9264891147613525391 2.6621549129486083984 2.2940614223480224609 2.0624794960021972656 2.0615794658660888672 2.067546844482421875
2.1147441864013671875 1.8273886442184448242 1.5749889612197875977 1.8326953649520874023 2.1985654830932617188 2.3852703571319580078 2.0769414901733398438 1.7248246669769287109 1.6929419040679931641 1.6101119518280029297 1.7281501293182373047 1.7173274755477905273 1.4805816411972045898 1.3670560121536254883 1.2114441394805908203 1.1143250465393066406 1.1067535877227783203 0.96514594554901123047 0.81781411170959472656 0.86880958080291748047 1.2818076610565185547 1.9185255765914916992 2.830928802490234375 3.9453282356262207031 4.5019984245300292969 4.4587063789367675781 5.0418801307678222656 5.3297548294067382812 5.2596988677978515625 5.0755820274353027344 4.0693259239196777344 3.380046844482421875 2.9878010749816894531 2.7395532131195068359 2.9023597240447998047 2.6905066967010498047 2.3467736244201660156 2.3444826602935791016 2.1594629287719726562 1.9620599746704101562
1.9509450197219848633 1.6567465066909790039 1.5200368165969848633 1.7160458564758300781 1.7792104482650756836 2.0624942779541015625 2.1453294754028320312 2.1568310260772705078 2.0271999835968017578 2.1436579227447509766 2.0014135837554931641 1.9443974494934082031 1.5775035619735717773 1.2043597698211669922 1.2226423025131225586 1.4088937044143676758 1.2939460277557373047 1.0895683765411376953 0.94451934099197387695 1.0647405385971069336 1.4397404193878173828 2.0798046588897705078 3.0003590583801269531 4.0881509780883789062 4.459625244140625 4.41658782958984375 5.1329488754272460938 5.5028057098388671875 5.4020671844482421875 4.9269137382507324219 4.084625244140625 3.4326004981994628906 3.1731283664703369141 2.8238604068756103516 2.8922545909881591797 2.6277756690979003906 2.4398579597473144531 2.3822150230407714844 2.2721648216247558594 1.998177647590637207
1.9796662330627441406 1.7490301132202148438 1.6843742132186889648 1.5769321918487548828 1.4515594244003295898 1.547457575798034668 1.7875905036926269531 1.947827458381652832 1.9337868690490722656 2.0957410335540771484 2.0590991973876953125 1.9627114534378051758 1.914429783821105957 1.6590399742126464844 1.4005219936370849609 1.3738410472869873047 1.3598829507827758789 1.2926282882690429688 1.2205047607421875 1.2629781961441040039 1.5982303619384765625 2.2872655391693115234 3.2442760467529296875 4.09629058837890625 4.3941097259521484375 4.3937664031982421875 5.0119976997375488281 5.31600189208984375 5.0849204063415527344 4.3532414436340332031 3.7124469280242919922 3.396785736083984375 3.2836697101593017578 3.4193289279937744141 2.8936612606048583984 2.4600417613983154297 2.5675427913665771484 2.4967734813690185547 2.23812103271484375 2.0364196300506591797
1.9458429813385009766 1.819881439208984375 1.7621569633483886719 1.7277033329010009766 1.5210742950439453125 1.5370047092437744141 1.7468845844268798828 1.8358271121978759766 1.9217307567596435547 1.9368439912796020508 1.8505244255065917969 1.8485999107360839844 1.8930361270904541016 1.7732191085815429688 1.6643917560577392578 1.4047529697418212891 1.3919517993927001953 1.3719331026077270508 1.3389236927032470703 1.3741633892059326172 1.7752280235290527344 2.5535223484039306641 3.6124753952026367188 4.2200818061828613281 4.4985742568969726562 4.475223541259765625 4.9076251983642578125 5.1388940811157226562 4.9353575706481933594 3.9943335056304931641 3.2243130207061767578 2.9901933670043945312 2.9402439594268798828 2.9505934715270996094 2.7323555946350097656 2.5042414665222167969 2.6115961074829101562 2.5321314334869384766 2.384258270263671875 2.1375293731689453125
1.9704289436340332031 1.8761968612670898438 1.7341223955154418945 1.8771840333938598633 1.8940513134002685547 1.8006025552749633789 1.8360600471496582031 1.9552999734878540039 2.0290322303771972656 2.1035511493682861328 1.9725632667541503906 2.0114963054656982422 1.9415991306304931641 1.7829681634902954102 1.4870705604553222656 1.4815523624420166016 1.5403047800064086914 1.5575078725814819336 1.5630841255187988281 1.7111161947250366211 2.0753695964813232422 3.0072991847991943359 3.6371190547943115234 3.9767217636108398438 3.8250894546508789062 4.235858917236328125 4.8691606521606445312 5.0156927108764648438 4.3611507415771484375 3.0539286136627197266 2.6024854183197021484 2.3470151424407958984 2.4058959484100341797 2.5685541629791259766 2.5536947250366210938 2.5079472064971923828 2.5563464164733886719 2.1245849132537841797 2.1904327869415283203 2.3732147216796875
2.19431304931640625 1.892208099365234375 1.7377679347991943359 1.9994020462036132812 2.4239358901977539062 2.2469696998596191406 2.1258080005645751953 2.1422734260559082031 2.3220155239105224609 2.2859768867492675781 1.9932280778884887695 1.9303916692733764648 2.0858170986175537109 1.8352422714233398438 1.5572668313980102539 1.5517023801803588867 1.6302028894424438477 1.6168988943099975586 1.6186888217926025391 1.7670710086822509766 2.1977660655975341797 2.9895434379577636719 3.1668114662170410156 3.2824397087097167969 3.2961714267730712891 3.9996695518493652344 4.7771258354187011719 4.7507929801940917969 3.6807992458343505859 2.4329707622528076172 2.031414031982421875 2.1060397624969482422 1.9839739799499511719 2.2657406330108642578 2.5681099891662597656 2.3823144435882568359 2.1815831661224365234 1.7757127285003662109 1.9889532327651977539 2.1223452091217041016
2.3802218437194824219 2.1733992099761962891 2.2005109786987304688 2.4158487319946289062 2.66628265380859375 2.7993118762969970703 2.8522942066192626953 2.7887139320373535156 2.7906785011291503906 2.4628713130950927734 2.1009957790374755859 2.0025534629821777344 2.1048891544342041016 1.958180546760559082 1.7981115579605102539 1.6722211837768554688 1.7502532005310058594 1.6848816871643066406 1.5908808708190917969 1.7435232400894165039 2.3205823898315429688 2.8759980201721191406 3.0256490707397460938 3.2833616733551025391 3.2908623218536376953 3.6619424819946289062 3.9654512405395507812 3.9204244613647460938 3.1287870407104492188 2.0634260177612304688 1.6126215457916259766 1.7474635839462280273 2.0031328201293945312 2.2812778949737548828 2.6056737899780273438 2.3436129093170166016 1.9073987007141113281 2.0441446304321289062 2.2025485038757324219 1.9216487407684326172
2.7314372062683105469 2.6923656463623046875 2.8870818614959716797 2.7504277229309082031 2.8149042129516601562 3.2244324684143066406 3.4797198772430419922 3.7613360881805419922 3.1234161853790283203 2.4371922016143798828 2.1242120265960693359 2.0142276287078857422 2.24617767333984375 2.0756750106811523438 2.0086770057678222656 2.0676789283752441406 1.8728384971618652344 1.7369513511657714844 1.6848610639572143555 1.8354468345642089844 2.1690504550933837891 2.3639361858367919922 2.6998713016510009766 3.1270201206207275391 3.1443486213684082031 3.0998356342315673828 3.2351331710815429688 3.1412789821624755859 2.2589647769927978516 1.5652703046798706055 1.4878966808319091797 1.6135772466659545898 1.7164739370346069336 2.3414306640625 2.7003850936889648438 2.2186479568481445312 1.9017235040664672852 1.9058197736740112305 2.0310080051422119141 1.8646074533462524414
3.2809977531433105469 3.5532555580139160156 3.7032558917999267578 3.5050327777862548828 3.40236663818359375 3.4689383506774902344 3.5484163761138916016 3.8261847496032714844 2.9450523853302001953 2.1940898895263671875 2.2193970680236816406 2.2868773937225341797 2.4406156539916992188 2.2643349170684814453 2.130901336669921875 2.1251120567321777344 1.9801927804946899414 1.8034232854843139648 1.4981734752655029297 1.765076756477355957 1.8969023227691650391 1.8347260951995849609 2.0658023357391357422 2.4564130306243896484 2.6120269298553466797 2.6549892425537109375 2.6738655567169189453 2.7657749652862548828 2.0216717720031738281 1.4500409364700317383 1.3905602693557739258 1.66065216064453125 1.8522617816925048828 2.1613764762878417969 2.5807127952575683594 2.2393250465393066406 2.0498688220977783203 1.9667373895645141602 1.9325249195098876953 1.7029449939727783203
3.7704794406890869141 4.1580281257629394531 4.3461828231811523438 4.2487087249755859375 3.8488576412200927734 3.7002093791961669922 3.2323219776153564453 3.2499585151672363281 2.7396564483642578125 2.4306938648223876953 2.6200819015502929688 2.6740133762359619141 2.5643787384033203125 2.3600537776947021484 2.1433470249176025391 2.1409413814544677734 2.0349240303039550781 1.9012856483459472656 1.6548888683319091797 1.7602311372756958008 1.482973933219909668 1.3542664051055908203 1.4118067026138305664 1.5430727005004882812 1.7559853792190551758 1.8960436582565307617 2.1570427417755126953 2.3374185562133789062 2.2615785598754882812 2.0237262248992919922 1.9437105655670166016 2.0708558559417724609 2.1961293220520019531 2.4045145511627197266 2.5465908050537109375 2.3718640804290771484 2.2324428558349609375 2.0459733009338378906 1.7867795228958129883 1.7169492244720458984
4.0114765167236328125 4.1397190093994140625 4.1999945640563964844 4.7057213783264160156 4.6610393524169921875 4.1832699775695800781 3.6256451606750488281 3.5027220249176025391 2.9055016040802001953 2.8025431632995605469 2.9109334945678710938 2.7354793548583984375 2.6923859119415283203 2.4490451812744140625 2.2098512649536132812 2.2959291934967041016 2.1675913333892822266 1.9436768293380737305 1.7951130867004394531 1.736362457275390625 1.5093626976013183594 1.2456210851669311523 1.2020107507705688477 1.1465044021606445312 1.2112978696823120117 1.350056767463684082 1.7378102540969848633 2.3793382644653320312 2.6973898410797119141 2.8111774921417236328 2.9869666099548339844 2.8247966766357421875 2.8153934478759765625 2.7498772144317626953 2.6305053234100341797 2.6482877731323242188 2.3981120586395263672 1.9823997020721435547 1.852386474609375 1.9564088582992553711
4.0239458084106445312 4.0007882118225097656 4.0616879463195800781 4.3495936393737792969 4.6704783439636230469 4.32537078857421875 3.8989450931549072266 3.7827670574188232422 3.5805394649505615234 3.22618865966796875 3.0559816360473632812 2.8900079727172851562 2.7396757602691650391 2.5215406417846679688 2.4215261936187744141 2.3559334278106689453 2.2439801692962646484 2.0411000251770019531 2.1435482501983642578 1.8385524749755859375 1.5616987943649291992 1.3765348196029663086 1.4355698823928833008 1.3601475954055786133 1.0952584743499755859 1.2691835165023803711 1.7555342912673950195 2.5500943660736083984 3.2680270671844482422 3.7028720378875732422 3.7638120651245117188 3.5775051116943359375 3.4900574684143066406 3.3723907470703125 3.0605211257934570312 2.8152089118957519531 2.6424043178558349609 2.3139860630035400391 2.1506955623626708984 2.1729214191436767578
3.9667987823486328125 3.9293663501739501953 3.9880278110504150391 4.2262601852416992188 4.3030290603637695312 4.0946025848388671875 4.0546197891235351562 4.0029468536376953125 3.7835910320281982422 3.5857169628143310547 3.3645403385162353516 3.0238714218139648438 2.8388364315032958984 2.7240881919860839844 2.6726174354553222656 2.47646331787109375 2.2953014373779296875 2.0497066974639892578 2.3836421966552734375 2.0754024982452392578 1.9211242198944091797 1.7514802217483520508 1.6452726125717163086 1.5566827058792114258 1.4743664264678955078 1.645282745361328125 1.9941465854644775391 2.7871141433715820312 3.4751822948455810547 3.7523968219757080078 4.1321806907653808594 4.0758609771728515625 4.0702166557312011719 4.0522208213806152344 3.5976815223693847656 2.7636005878448486328 2.6270899772644042969 2.6226952075958251953 2.5225856304168701172 2.6390330791473388672
