samples/et/map_et_2017-06-20.asc
ncols        322
nrows        306
xllcorner    -53.726171018035
yllcorner    -28.476684338117
cellsize     0.000269494585
NODATA_value  -1
[rows 170 to 186 of 306, columns 120 to 159 of 322]
1.4542498588562011719 1.1274677515029907227 0.76254481077194213867 0.65809661149978637695 0.68408024311065673828 0.5929291844367980957 0.56209707260131835938 0.69874668121337890625 0.81373727321624755859 0.92926907539367675781 0.95956796407699584961 0.89173930883407592773 0.84528392553329467773 0.81383079290390014648 0.55846166610717773438 0.49037292599678039551 0.54400706291198730469 0.85066139698028564453 1.3135986328125 1.6528620719909667969 1.4213594198226928711 1.6007785797119140625 1.5346997976303100586 1.3637198209762573242 1.1880797147750854492 0.69636881351470947266 0.41159653663635253906 0.10275421291589736938 -0.082789316773414611816 -0.2501500248908996582 -0.43171042203903198242 -0.78684705495834350586 -0.83551108837127685547 -0.93125683069229125977 -1.0283418893814086914 -0.57090145349502563477 -0.16297666728496551514 0.6487216949462890625 0.86325347423553466797 1.0935001373291015625
1.7665905952453613281 1.3790543079376220703 0.93641823530197143555 0.37673327326774597168 0.28540915250778198242 0.43006795644760131836 0.61679071187973022461 0.73591792583465576172 0.81089174747467041016 0.85572314262390136719 0.99198764562606811523 0.89001822471618652344 0.9176743626594543457 0.84509205818176269531 0.64053493738174438477 0.41682139039039611816 0.47334107756614685059 0.79416394233703613281 1.2172188758850097656 1.7054653167724609375 1.8799109458923339844 1.6856760978698730469 1.675400853157043457 1.3903832435607910156 1.306679844856262207 1.1058555841445922852 0.92606019973754882812 0.82683533430099487305 0.45618769526481628418 0.43553283810615539551 0.15483580529689788818 -0.19709862768650054932 -0.32357475161552429199 -0.5620880126953125 -0.92143154144287109375 -0.62181097269058227539 -0.54037016630172729492 0.30872577428817749023 0.68213957548141479492 1.1118146181106567383
1.6591222286224365234 1.3571203947067260742 0.96659427881240844727 0.3720722198486328125 0.041512500494718551636 0.044681847095489501953 0.15665671229362487793 0.32910296320915222168 0.65164101123809814453 0.85274016857147216797 0.99916034936904907227 1.0842416286468505859 0.9514592289924621582 1.0573599338531494141 1.0514676570892333984 0.71550357341766357422 0.65788781642913818359 0.87966978549957275391 1.1013046503067016602 1.3879832029342651367 2.0395641326904296875 1.9938255548477172852 1.872361302375793457 1.7321854829788208008 1.2911469936370849609 1.2008565664291381836 1.1676012277603149414 1.1817841529846191406 1.1758329868316650391 0.95850569009780883789 0.88875925540924072266 0.69682544469833374023 0.32720541954040527344 0.18253177404403686523 -0.15922538936138153076 -0.28410291671752929688 -0.29350066184997558594 0.52788001298904418945 0.88003700971603393555 1.1606872081756591797
1.4869407415390014648 1.2326588630676269531 1.1929253339767456055 0.60544276237487792969 0.2351411283016204834 -0.12599684298038482666 -0.077492609620094299316 0.031330756843090057373 0.29478162527084350586 0.97699767351150512695 0.97693276405334472656 1.0142074823379516602 0.89550811052322387695 0.97765243053436279297 1.2623167037963867188 1.3729851245880126953 1.0774542093276977539 1.0208626985549926758 1.1278388500213623047 1.4176973104476928711 1.721978306770324707 2.0222935676574707031 2.0137891769409179688 1.9973957538604736328 1.6467610597610473633 1.3501545190811157227 1.3886749744415283203 1.5515217781066894531 1.5100876092910766602 1.4993921518325805664 1.2833963632583618164 1.170537114143371582 0.91684257984161376953 0.71951997280120849609 0.49542796611785888672 0.23414947092533111572 0.33181017637252807617 0.77118664979934692383 0.82385015487670898438 1.1159622669219970703
1.5509930849075317383 1.3359752893447875977 1.3076503276824951172 0.75871479511260986328 0.26234015822410583496 -0.086614362895488739014 -0.10915808379650115967 0.052863955497741699219 0.40300235152244567871 1.0747554302215576172 1.0828917026519775391 1.1333309412002563477 0.9875290989875793457 1.1163398027420043945 1.4531629085540771484 1.6108410358428955078 1.3887319564819335938 1.225175023078918457 1.2074480056762695312 1.5747123956680297852 1.871283411979675293 2.1846325397491455078 2.0648095607757568359 2.110095977783203125 1.8091813325881958008 1.5166438817977905273 1.5510370731353759766 1.7139804363250732422 1.6836419105529785156 1.6877285242080688477 1.5250107049942016602 1.4151577949523925781 1.1674939393997192383 0.97290754318237304688 0.80199098587036132812 0.55343669652938842773 0.64071869850158691406 1.0097808837890625 1.000256657600402832 1.1438777446746826172
1.6556894779205322266 1.5514947175979614258 1.2546150684356689453 0.87246662378311157227 0.33755066990852355957 -0.0022022542543709278107 -0.10369475185871124268 0.12894713878631591797 0.37131571769714355469 0.97159463167190551758 1.1548050642013549805 1.2882976531982421875 1.2912900447845458984 1.2672966718673706055 1.5953123569488525391 2.1048924922943115234 1.8813199996948242188 1.4350996017456054688 1.2507257461547851562 1.5203980207443237305 1.7910025119781494141 1.8493018150329589844 2.0830218791961669922 1.9318797588348388672 1.9354721307754516602 1.8515141010284423828 1.8523001670837402344 1.8490129709243774414 1.8175646066665649414 1.8588203191757202148 1.8559007644653320312 1.8041170835494995117 1.5590976476669311523 1.2590546607971191406 1.1019932031631469727 1.1424735784530639648 1.144298553466796875 1.2441017627716064453 1.1496087312698364258 1.0307639837265014648
1.4905666112899780273 1.6477998495101928711 1.4075751304626464844 1.0325312614440917969 0.40685850381851196289 0.080788470804691314697 -0.093452498316764831543 0.18020272254943847656 0.56235957145690917969 0.7272211909294128418 1.3180729150772094727 1.7830086946487426758 1.9315762519836425781 1.8659839630126953125 1.7733962535858154297 2.1433844566345214844 2.1459360122680664062 1.7201833724975585938 1.387247920036315918 1.2453778982162475586 1.4194966554641723633 1.626496434211730957 1.7372545003890991211 1.8666783571243286133 1.8436684608459472656 1.9063510894775390625 1.9794651269912719727 1.916393280029296875 1.9774260520935058594 2.0125398635864257812 2.1062989234924316406 2.2379734516143798828 1.9394630193710327148 1.3141217231750488281 1.2920126914978027344 1.3185560703277587891 1.5416625738143920898 1.6003457307815551758 1.6966887712478637695 1.5772470235824584961
1.5697191953659057617 1.5785852670669555664 1.5472677946090698242 1.3282464742660522461 0.73435729742050170898 0.2470633387565612793 0.062962494790554046631 0.19026207923889160156 0.46159124374389648438 0.58011519908905029297 1.536053776741027832 2.0715076923370361328 2.0688335895538330078 1.877796173095703125 1.597619175910949707 1.6545321941375732422 1.891505122184753418 1.7717679738998413086 1.593658447265625 1.3399780988693237305 1.337063908576965332 1.5180147886276245117 1.5246285200119018555 1.5972464084625244141 1.7568149566650390625 1.8460233211517333984 1.9175330400466918945 1.8807662725448608398 1.8529086112976074219 1.9565201997756958008 1.8350737094879150391 2.0689244270324707031 2.1073961257934570312 1.5527145862579345703 1.3202265501022338867 1.4058432579040527344 1.7577306032180786133 2.0463969707489013672 1.9615991115570068359 1.9428920745849609375
2.1181330680847167969 1.6397924423217773438 1.5522224903106689453 1.4783396720886230469 1.3575055599212646484 0.87050604820251464844 0.57636994123458862305 0.63854956626892089844 0.40912830829620361328 0.50169569253921508789 1.0628007650375366211 1.7099603414535522461 2.0004756450653076172 1.6713749170303344727 1.6693010330200195312 1.6591060161590576172 1.9003832340240478516 1.8968611955642700195 1.7918438911437988281 1.871628880500793457 1.8650889396667480469 1.8016134500503540039 1.7459528446197509766 1.7127612829208374023 1.7525644302368164062 1.699425816535949707 1.6720353364944458008 1.4746804237365722656 1.6942855119705200195 1.6592866182327270508 1.582655787467956543 1.7036460638046264648 2.1358554363250732422 2.1187846660614013672 1.663426518440246582 1.5274199247360229492 1.719880223274230957 1.8227316141128540039 2.0561320781707763672 1.8636870384216308594
2.2297928333282470703 2.0294520854949951172 1.768283843994140625 1.6451880931854248047 1.4685118198394775391 1.4501409530639648438 0.90055614709854125977 0.96001887321472167969 0.73105186223983764648 0.34648272395133972168 0.33596539497375488281 1.0033500194549560547 1.4861304759979248047 1.6127303838729858398 1.7714737653732299805 1.9027231931686401367 2.0068368911743164062 1.9379491806030273438 1.9499448537826538086 1.9616384506225585938 2.1103894710540771484 2.0826756954193115234 2.1094849109649658203 1.9957290887832641602 1.8981046676635742188 1.7187678813934326172 1.5451139211654663086 1.3435534238815307617 1.3637003898620605469 1.6636064052581787109 1.5676159858703613281 1.7890244722366333008 2.1514163017272949219 2.2953701019287109375 1.9502142667770385742 1.6522727012634277344 1.5711444616317749023 1.5060006380081176758 1.7186222076416015625 1.7435963153839111328
2.2901937961578369141 2.2765913009643554688 2.0433223247528076172 1.8989427089691162109 1.6388343572616577148 1.4053651094436645508 1.1673446893692016602 1.165850520133972168 1.0710663795471191406 0.76682585477828979492 0.64368963241577148438 0.85624957084655761719 1.2729364633560180664 1.3581397533416748047 1.4179463386535644531 1.652889251708984375 1.8509846925735473633 2.0442914962768554688 2.1216070652008056641 1.9965409040451049805 2.0804860591888427734 1.9510377645492553711 1.7531869411468505859 1.729006648063659668 1.6685044765472412109 1.5913912057876586914 1.5098274946212768555 1.2104523181915283203 1.1036113500595092773 1.4196447134017944336 1.5883321762084960938 1.6267768144607543945 1.8627595901489257812 2.1797058582305908203 2.0630476474761962891 1.6604315042495727539 1.361325383186340332 1.2220008373260498047 1.1705412864685058594 1.363360285758972168
2.2942700386047363281 2.3283450603485107422 2.2260906696319580078 1.973345637321472168 1.7825974225997924805 1.4120380878448486328 1.2955527305603027344 1.2454339265823364258 1.2426902055740356445 1.2307051420211791992 1.1392757892608642578 1.0897431373596191406 1.3345654010772705078 1.2789332866668701172 1.0973273515701293945 1.0912344455718994141 1.3512340784072875977 1.5595760345458984375 1.7974693775177001953 1.8436843156814575195 1.7203963994979858398 1.5996334552764892578 1.2509125471115112305 0.94144189357757568359 1.1705604791641235352 1.1108192205429077148 1.1223707199096679688 0.84473073482513427734 0.65449619293212890625 0.8855012059211730957 1.1224941015243530273 1.2502799034118652344 1.4273600578308105469 1.6139045953750610352 1.7894188165664672852 1.4660283327102661133 1.1675299406051635742 0.77780187129974365234 0.38248518109321594238 0.47962114214897155762
2.1531426906585693359 2.3109025955200195312 2.1930277347564697266 1.9261407852172851562 1.9635901451110839844 1.89443206787109375 1.663426518440246582 1.6403981447219848633 1.4978069067001342773 1.5538699626922607422 1.4517554044723510742 1.1617640256881713867 1.2551569938659667969 1.2772501707077026367 1.0159348249435424805 0.59642279148101806641 0.85804200172424316406 1.0049118995666503906 1.0526727437973022461 1.2439965009689331055 1.2497003078460693359 1.125247955322265625 0.8782100677490234375 0.77092194557189941406 0.78402674198150634766 0.75712794065475463867 0.84523308277130126953 0.61304885149002075195 0.30536374449729919434 0.19001346826553344727 0.43486499786376953125 0.68251305818557739258 0.94407302141189575195 1.1725287437438964844 1.1397368907928466797 0.98323482275009155273 0.87602132558822631836 0.45820346474647521973 0.068133316934108734131 -0.0993596687912940979
1.6856107711791992188 2.0633161067962646484 2.2268733978271484375 1.9204277992248535156 2.0604257583618164062 2.0871231555938720703 1.9739222526550292969 1.9940669536590576172 1.8993906974792480469 1.8243407011032104492 1.6139645576477050781 1.5443726778030395508 1.3355072736740112305 1.3441140651702880859 1.1990592479705810547 0.84885233640670776367 0.63932377099990844727 0.84624749422073364258 0.73193186521530151367 0.59865576028823852539 0.70396435260772705078 0.70172762870788574219 0.4153626859188079834 0.17807205021381378174 0.34151881933212280273 0.38484561443328857422 0.47280874848365783691 0.66985547542572021484 0.50954329967498779297 0.10300773382186889648 -0.073999531567096710205 -0.085533991456031799316 0.45343762636184692383 0.68343764543533325195 0.67420238256454467773 0.65868073701858520508 0.69298160076141357422 0.32945206761360168457 0.12644042074680328369 -0.0013340755831450223923
1.3962627649307250977 1.7829958200454711914 2.1669871807098388672 2.353939056396484375 2.2252113819122314453 2.2981503009796142578 2.2845222949981689453 2.2598087787628173828 2.0288877487182617188 1.785393834114074707 1.6967066526412963867 1.6530869007110595703 1.608797907829284668 1.4099934101104736328 1.2498837709426879883 1.0165433883666992188 0.76966887712478637695 0.50944846868515014648 0.40120154619216918945 0.26054269075393676758 0.25045481324195861816 0.18749040365219116211 0.13328500092029571533 -0.13218791782855987549 -0.060189951211214065552 0.17638982832431793213 0.16653524339199066162 0.34075152873992919922 0.55534714460372924805 0.41069090366363525391 0.046830710023641586304 -0.34588593244552612305 -0.27278003096580505371 0.16666078567504882812 0.24815613031387329102 0.35384246706962585449 0.27654188871383666992 0.2159026414155960083 -0.0027755468618124723434 0.12874725461006164551
1.4728733301162719727 1.636590123176574707 1.7363402843475341797 2.1349904537200927734 2.1780874729156494141 2.1648871898651123047 2.1018228530883789062 2.1112170219421386719 1.8488763570785522461 1.4137582778930664062 1.4291818141937255859 1.3887786865234375 1.3709580898284912109 1.3176366090774536133 0.99859720468521118164 0.6724732518196105957 0.57084733247756958008 0.33887377381324768066 0.055302061140537261963 -0.091036804020404815674 0.17239388823509216309 0.14712366461753845215 0.01916141994297504425 0.045033432543277740479 -0.068587027490139007568 0.015284286811947822571 0.2305790632963180542 0.24254925549030303955 0.13087439537048339844 0.40223729610443115234 0.21636301279067993164 0.03502055630087852478 -0.197473868727684021 -0.073572643101215362549 0.10236875712871551514 0.071730375289916992188 0.022229960188269615173 0.012843917123973369598 -0.17333820462226867676 -0.29123473167419433594
1.4458615779876708984 1.4413155317306518555 1.4683378934860229492 1.5224088430404663086 1.7660043239593505859 1.7047344446182250977 1.5622838735580444336 1.5582562685012817383 1.3558244705200195312 1.2274174690246582031 1.1189690828323364258 1.095621943473815918 0.8920650482177734375 0.85091519355773925781 0.66552585363388061523 0.43978407979011535645 0.43244189023971557617 0.31463873386383056641 0.11374116688966751099 -0.093487508594989776611 -0.072919681668281555176 0.12510606646537780762 0.12412790954113006592 0.048237599432468414307 0.083640530705451965332 -0.02986964397132396698 0.085015781223773956299 0.30800363421440124512 0.20609927177429199219 0.068071253597736358643 0.065318927168846130371 -0.10191508382558822632 -0.22523818910121917725 -0.22950989007949829102 -0.1665322035551071167 -0.065278783440589904785 -0.032657004892826080322 -0.16600260138511657715 -0.27805233001708984375 -0.57933336496353149414
