samples/et/map_et_2017-12-13.asc
ncols        322
nrows        306
xllcorner    -53.726171018035
yllcorner    -28.476684338117
cellsize     0.000269494585
NODATA_value  -1
[rows 144 to 161 of 306, columns 160 to 199 of 322]
2.0699181556701660156 1.8842580318450927734 1.8548328876495361328 1.3942558765411376953 0.9444077610969543457 0.82329297065734863281 0.98577833175659179688 1.1697704792022705078 1.2710807323455810547 1.2064971923828125 1.0031218528747558594 1.3263088464736938477 1.8398284912109375 2.4643700122833251953 3.6564247608184814453 4.6377444267272949219 4.7530493736267089844 4.5340552330017089844 4.5216531753540039062 4.6221380233764648438 4.8356261253356933594 4.8525786399841308594 4.9364962577819824219 5.1916708946228027344 5.0458002090454101562 4.9480686187744140625 5.0099992752075195312 5.1396694183349609375 5.1536507606506347656 4.85468292236328125 4.4831519126892089844 4.2417802810668945312 4.0735650062561035156 3.8906445503234863281 3.6868052482604980469 3.8663551807403564453 3.6864304542541503906 3.2388758659362792969 2.4588148593902587891 2.1125075817108154297
1.9853576421737670898 1.9414865970611572266 1.9138429164886474609 1.5534702539443969727 0.82367509603500366211 0.52534449100494384766 0.70545440912246704102 1.1885362863540649414 1.231873631477355957 1.2455949783325195312 1.1573696136474609375 1.4224379062652587891 1.9332259893417358398 2.859378814697265625 3.982685089111328125 4.6973485946655273438 4.9656610488891601562 4.6286854743957519531 4.5305342674255371094 4.6096324920654296875 4.7211847305297851562 4.7122359275817871094 4.98966217041015625 5.2187700271606445312 5.2226290702819824219 5.1148495674133300781 5.0407018661499023438 5.158443450927734375 5.2373690605163574219 4.9349355697631835938 4.5881471633911132812 4.4729318618774414062 4.2115893363952636719 4.0356202125549316406 3.8883364200592041016 4.0775446891784667969 3.8745493888854980469 3.2763135433197021484 2.7966434955596923828 2.5583953857421875
1.9417642354965209961 1.8838835954666137695 1.9288065433502197266 1.4939310550689697266 0.83775424957275390625 0.45917758345603942871 0.47952699661254882812 0.85674536228179931641 0.9819367527961730957 1.3199670314788818359 1.3839772939682006836 1.8627474308013916016 2.4134984016418457031 3.1924769878387451172 4.2078700065612792969 4.9345421791076660156 5.1025366783142089844 4.5445857048034667969 4.4355411529541015625 4.72431182861328125 4.5885920524597167969 4.5562524795532226562 4.8374791145324707031 5.0983443260192871094 5.1806163787841796875 5.0797529220581054688 5.0699825286865234375 5.2536911964416503906 5.140079498291015625 4.945156097412109375 4.7273745536804199219 4.6885066032409667969 4.5814447402954101562 4.28794097900390625 4.1442480087280273438 4.07051849365234375 3.9096512794494628906 3.4839177131652832031 3.2617938518524169922 2.9759962558746337891
1.9360135793685913086 2.2755498886108398438 2.0666294097900390625 1.4844187498092651367 1.1098750829696655273 0.63906508684158325195 0.39646416902542114258 0.63170987367630004883 1.0096808671951293945 1.2299264669418334961 1.2188487052917480469 1.9831186532974243164 2.8956179618835449219 3.7714977264404296875 4.4188637733459472656 4.9671735763549804688 5.0603780746459960938 4.6359152793884277344 4.5930562019348144531 4.7853598594665527344 4.6052069664001464844 4.6653981208801269531 4.8769435882568359375 4.921443939208984375 4.9292616844177246094 4.9933576583862304688 5.0576572418212890625 4.8881325721740722656 4.8888077735900878906 4.9342408180236816406 4.9013261795043945312 4.8461890220642089844 4.6466245651245117188 4.4565248489379882812 4.2975983619689941406 4.2915806770324707031 4.0132336616516113281 3.6108314990997314453 3.5878624916076660156 3.2812495231628417969
2.2888720035552978516 2.3871130943298339844 2.0403921604156494141 1.7302471399307250977 1.4703099727630615234 1.073801875114440918 1.0027107000350952148 1.1160639524459838867 1.5661522150039672852 1.4585282802581787109 1.762035369873046875 2.4448246955871582031 3.4069952964782714844 4.0515131950378417969 4.6272192001342773438 5.1814489364624023438 5.0065932273864746094 4.7690019607543945312 4.7816948890686035156 4.803058624267578125 4.8557939529418945312 4.7642126083374023438 4.8163805007934570312 4.7363834381103515625 4.7819304466247558594 4.6459636688232421875 4.5948815345764160156 4.6733570098876953125 4.8113741874694824219 4.9563326835632324219 4.8341298103332519531 4.6212921142578125 4.6432137489318847656 4.4948153495788574219 4.3468594551086425781 4.2121429443359375 4.1166143417358398438 3.8101298809051513672 3.6951248645782470703 3.4850594997406005859
2.3777124881744384766 2.3795993328094482422 2.151172637939453125 2.1144068241119384766 1.9904885292053222656 1.793598175048828125 1.7940758466720581055 2.0668017864227294922 2.3144488334655761719 2.2875730991363525391 2.6120779514312744141 3.1686038970947265625 4.0032973289489746094 4.3029198646545410156 4.7219815254211425781 5.2063694000244140625 5.173919677734375 4.8158669471740722656 4.7399506568908691406 4.5842480659484863281 4.6189088821411132812 4.5988516807556152344 4.5321512222290039062 4.3759808540344238281 4.48279571533203125 4.4466605186462402344 4.4819192886352539062 4.39946746826171875 4.4733824729919433594 4.5436568260192871094 4.5093708038330078125 4.5427794456481933594 4.5437297821044921875 4.3355116844177246094 4.3360233306884765625 4.4099340438842773438 4.1934976577758789062 3.9986186027526855469 3.7425105571746826172 3.5533914566040039062
2.5506234169006347656 2.8349831104278564453 2.6900889873504638672 2.6601097583770751953 2.7336328029632568359 2.6872298717498779297 2.8412692546844482422 3.1213114261627197266 3.5859944820404052734 3.4436256885528564453 3.7744097709655761719 4.42302703857421875 4.3358125686645507812 4.2830410003662109375 4.3488216400146484375 4.65755462646484375 4.60040283203125 4.5851674079895019531 4.50528717041015625 4.2749285697937011719 4.0192894935607910156 4.0043020248413085938 4.0654993057250976562 3.8600211143493652344 4.0285692214965820312 4.0905880928039550781 4.0864629745483398438 3.8995718955993652344 3.8942689895629882812 4.0551142692565917969 4.1650876998901367188 4.0957555770874023438 4.1221165657043457031 4.1152472496032714844 4.1206207275390625 4.2169203758239746094 4.1796393394470214844 3.9656214714050292969 3.7234933376312255859 3.5653927326202392578
2.4127953052520751953 3.2079460620880126953 3.3859102725982666016 3.2958312034606933594 3.5551137924194335938 3.5223467350006103516 3.7820188999176025391 4.2540030479431152344 4.7090253829956054688 4.63646697998046875 4.8581423759460449219 5.0827484130859375 4.3819851875305175781 4.0320477485656738281 3.7507555484771728516 3.6805884838104248047 3.7570538520812988281 3.7720026969909667969 3.9549686908721923828 3.7167196273803710938 3.4036324024200439453 3.2628357410430908203 3.5716993808746337891 3.8092577457427978516 3.5479712486267089844 3.6374025344848632812 3.5081515312194824219 3.4323887825012207031 3.3929445743560791016 3.4647696018218994141 3.6534142494201660156 3.8237972259521484375 3.7752699851989746094 3.7063441276550292969 3.7123870849609375 3.6578466892242431641 3.6444239616394042969 3.7599315643310546875 3.5731930732727050781 3.4471762180328369141
3.0784342288970947266 3.5665435791015625 3.9607841968536376953 4.2514481544494628906 4.377105712890625 4.6068053245544433594 4.8058834075927734375 5.0400624275207519531 5.4045391082763671875 5.5319547653198242188 5.6139626502990722656 5.4672312736511230469 4.7432575225830078125 3.7953276634216308594 3.3576209545135498047 3.2527868747711181641 3.1928772926330566406 3.1910779476165771484 3.09215545654296875 2.9740414619445800781 2.7581732273101806641 2.6723079681396484375 2.9252498149871826172 3.3219392299652099609 3.0531766414642333984 2.8968098163604736328 2.8914277553558349609 3.0595691204071044922 2.9612357616424560547 3.0336575508117675781 3.2530813217163085938 3.2601206302642822266 3.4242331981658935547 3.2090120315551757812 3.2147924900054931641 2.9992811679840087891 3.0515649318695068359 3.2941992282867431641 3.3854734897613525391 3.2724599838256835938
3.6501801013946533203 4.3867464065551757812 4.6675434112548828125 4.7874441146850585938 4.9261593818664550781 5.3140659332275390625 5.5286784172058105469 5.6646528244018554688 5.662097930908203125 5.7995181083679199219 5.9174952507019042969 5.4797577857971191406 4.737823486328125 3.7043955326080322266 3.348911285400390625 2.9720985889434814453 2.7771723270416259766 2.8566110134124755859 2.4086563587188720703 2.2992494106292724609 2.2184393405914306641 2.3840353488922119141 2.4953494071960449219 2.4997038841247558594 2.4703748226165771484 2.4982554912567138672 2.6774840354919433594 2.7639870643615722656 2.7676346302032470703 2.6959736347198486328 2.8189179897308349609 2.9431798458099365234 2.8691704273223876953 2.7010095119476318359 2.7036943435668945312 2.6768124103546142578 2.9283609390258789062 2.9108560085296630859 2.9685404300689697266 2.9582374095916748047
4.05730438232421875 4.8994164466857910156 5.1737079620361328125 5.2878580093383789062 5.4141178131103515625 5.4793004989624023438 5.6490325927734375 5.7091226577758789062 5.7516026496887207031 5.8227086067199707031 5.5568814277648925781 5.010223388671875 4.3738913536071777344 3.4898211956024169922 3.2950949668884277344 2.9869737625122070312 3.0721683502197265625 2.4523572921752929688 2.1748840808868408203 2.2270143032073974609 2.2223944664001464844 2.2474596500396728516 2.0806863307952880859 1.9239841699600219727 2.1163294315338134766 2.2439162731170654297 2.3311536312103271484 2.3748853206634521484 2.3755924701690673828 2.3960976600646972656 2.6109225749969482422 2.7737529277801513672 2.5515286922454833984 2.3608520030975341797 2.4174292087554931641 2.4438803195953369141 2.7586185932159423828 2.8141582012176513672 2.7048544883728027344 2.7995426654815673828
4.1916904449462890625 5.2328476905822753906 5.3390035629272460938 5.4335422515869140625 5.4837470054626464844 5.4011969566345214844 5.2494950294494628906 5.19931793212890625 5.2730488777160644531 5.3146071434020996094 5.089385986328125 4.4967885017395019531 3.6638998985290527344 3.3023881912231445312 3.2163739204406738281 2.8751995563507080078 2.9621973037719726562 2.6749742031097412109 2.4464647769927978516 2.1706776618957519531 1.933628082275390625 1.6921491622924804688 1.6159728765487670898 1.6517258882522583008 1.7094583511352539062 1.9026201963424682617 2.1012315750122070312 2.0754351615905761719 2.0974626541137695312 2.2306585311889648438 2.3499865531921386719 2.4298510551452636719 2.4280154705047607422 2.2744634151458740234 2.2438867092132568359 2.3542814254760742188 2.4919259548187255859 2.5080564022064208984 2.7194230556488037109 2.7016541957855224609
4.5574870109558105469 5.2803797721862792969 5.3372516632080078125 5.2650160789489746094 5.0825738906860351562 4.8112916946411132812 4.4802718162536621094 4.2576003074645996094 4.3162646293640136719 4.4233565330505371094 4.3144464492797851562 3.7720711231231689453 3.2632074356079101562 3.0711195468902587891 3.0469980239868164062 2.985187530517578125 2.9943418502807617188 2.6209549903869628906 2.2606213092803955078 1.9494234323501586914 1.6900854110717773438 1.5874532461166381836 1.4673186540603637695 1.4882802963256835938 1.5523438453674316406 1.4312812089920043945 1.7951693534851074219 1.9424988031387329102 2.1285929679870605469 2.1780123710632324219 2.1898076534271240234 2.3726031780242919922 2.4420711994171142578 2.2578556537628173828 2.3036913871765136719 2.3828470706939697266 2.4377691745758056641 2.4424905776977539062 2.5482120513916015625 2.6088852882385253906
4.9134159088134765625 5.2233395576477050781 5.1159110069274902344 4.7919793128967285156 4.4335646629333496094 4.0515499114990234375 3.8171522617340087891 3.8318510055541992188 3.6628017425537109375 3.4566276073455810547 3.3337676525115966797 3.4196021556854248047 3.0809016227722167969 2.7406113147735595703 2.8439321517944335938 2.8620085716247558594 2.7708115577697753906 2.5612120628356933594 2.2224848270416259766 1.9316654205322265625 1.8269312381744384766 1.7502138614654541016 1.5372184514999389648 1.4752259254455566406 1.3912246227264404297 1.2182588577270507812 1.3823041915893554688 1.7769041061401367188 2.0056674480438232422 2.0905165672302246094 1.9926465749740600586 2.1753826141357421875 2.4024362564086914062 2.4521474838256835938 2.4857151508331298828 2.4529488086700439453 2.3819067478179931641 2.4475250244140625 2.5705695152282714844 2.7475922107696533203
5.2596621513366699219 5.1279454231262207031 4.7699780464172363281 4.3116626739501953125 3.9232630729675292969 3.3038086891174316406 3.2857236862182617188 3.3694255352020263672 3.2046205997467041016 2.86631011962890625 2.9476799964904785156 3.1075930595397949219 2.835723876953125 2.5176637172698974609 2.5421760082244873047 2.8353331089019775391 2.7961866855621337891 2.5283067226409912109 2.2350711822509765625 2.0184607505798339844 1.861141204833984375 1.6651793718338012695 1.484135746955871582 1.3420795202255249023 1.3406987190246582031 1.038562774658203125 1.0757508277893066406 1.446577906608581543 1.7809038162231445312 1.9810777902603149414 1.9881242513656616211 2.2603249549865722656 2.3330988883972167969 2.3332149982452392578 2.3746051788330078125 2.4878606796264648438 2.4290227890014648438 2.4048695564270019531 2.6011054515838623047 2.8184404373168945312
5.3215656280517578125 4.9021773338317871094 4.2820248603820800781 3.8255333900451660156 3.4065809249877929688 2.8242707252502441406 2.9101293087005615234 3.2682096958160400391 3.0457167625427246094 2.5861737728118896484 2.5611083507537841797 2.7067408561706542969 2.7028033733367919922 2.4830930233001708984 2.4570422172546386719 2.5750632286071777344 2.8383023738861083984 2.6537218093872070312 2.1262333393096923828 1.8701080083847045898 1.8461575508117675781 1.7357857227325439453 1.5478626489639282227 1.3355696201324462891 1.199267268180847168 1.0377155542373657227 0.97086852788925170898 1.2153085470199584961 1.5712627172470092773 1.7991857528686523438 2.1406764984130859375 2.2574670314788818359 2.2417137622833251953 2.244731903076171875 2.3040387630462646484 2.4221820831298828125 2.3557453155517578125 2.3821570873260498047 2.5741167068481445312 2.7276139259338378906
4.9853148460388183594 4.7700457572937011719 3.9525496959686279297 3.1777322292327880859 2.8503139019012451172 2.671863555908203125 2.7077667713165283203 2.7739746570587158203 2.5920140743255615234 2.5481848716735839844 2.5835669040679931641 2.5461761951446533203 2.4682118892669677734 2.4658858776092529297 2.4079918861389160156 2.5496122837066650391 2.6700789928436279297 2.417354583740234375 2.2124688625335693359 1.9221233129501342773 1.7910885810852050781 1.7899130582809448242 1.5970398187637329102 1.5983014106750488281 1.3102205991744995117 0.99103200435638427734 0.98547703027725219727 1.1035748720169067383 1.3278675079345703125 1.6402335166931152344 2.0233225822448730469 2.2769720554351806641 2.3507282733917236328 2.3095660209655761719 2.3760211467742919922 2.3655416965484619141 2.2763514518737792969 2.3059067726135253906 2.4863667488098144531 2.6353394985198974609
4.48012542724609375 4.1075701713562011719 3.3429689407348632812 2.8655328750610351562 2.6492371559143066406 2.4440636634826660156 2.6063954830169677734 2.4770858287811279297 2.3535861968994140625 2.4520959854125976562 2.5073077678680419922 2.5654468536376953125 2.3390228748321533203 2.3904509544372558594 2.4640564918518066406 2.4394943714141845703 2.3509187698364257812 2.3101935386657714844 2.0821022987365722656 1.8605676889419555664 1.7848154306411743164 1.6887240409851074219 1.5843371152877807617 1.4492055177688598633 1.2764624357223510742 1.0252035856246948242 0.89858269691467285156 0.96210134029388427734 1.116795659065246582 1.5082949399948120117 1.7443078756332397461 2.0436732769012451172 2.2932894229888916016 2.6333448886871337891 2.8192868232727050781 2.5144784450531005859 2.2252779006958007812 2.3769750595092773438 2.3461368083953857422 2.3176913261413574219
