samples/et/map_et_2017-07-06.asc
ncols        322
nrows        306
xllcorner    -53.726171018035
yllcorner    -28.476684338117
cellsize     0.000269494585
NODATA_value  -1
[rows 18 to 35 of 306, columns 120 to 159 of 322]
2.1313288211822509766 1.8797433376312255859 1.6283559799194335938 1.3101856708526611328 1.2453492879867553711 1.085324406623840332 1.0370982885360717773 0.99708962440490722656 0.89799636602401733398 0.92271262407302856445 0.79863816499710083008 0.69198548793792724609 0.68495446443557739258 0.64305716753005981445 0.53287893533706665039 0.50718063116073608398 0.2896187901496887207 0.33003792166709899902 0.54447752237319946289 0.89893257617950439453 1.1640934944152832031 1.3655905723571777344 1.5495975017547607422 1.7027533054351806641 1.5800216197967529297 1.5437308549880981445 1.2795959711074829102 1.0033195018768310547 0.8097521662712097168 0.66011410951614379883 0.4922097623348236084 0.46488159894943237305 0.51549947261810302734 0.59473359584808349609 0.61806190013885498047 0.66295707225799560547 0.72153794765472412109 0.97023564577102661133 1.2270870208740234375 1.4412211179733276367
1.7495642900466918945 1.3585550785064697266 1.2448451519012451172 0.9987671971321105957 0.99685955047607421875 0.89238345623016357422 0.81585282087326049805 0.77250379323959350586 0.63346052169799804688 0.67823648452758789062 0.66912424564361572266 0.59789872169494628906 0.52959728240966796875 0.55065643787384033203 0.57651627063751220703 0.6396458745002746582 0.51053911447525024414 0.55928570032119750977 0.62948107719421386719 0.75706970691680908203 0.82010501623153686523 1.1085344552993774414 1.4943029880523681641 1.7475287914276123047 1.6319172382354736328 1.5088802576065063477 1.2361128330230712891 1.0592472553253173828 0.90281265974044799805 0.83101856708526611328 0.69109547138214111328 0.55273681879043579102 0.53721976280212402344 0.38468539714813232422 0.35077780485153198242 0.42865648865699768066 0.57353550195693969727 0.79032373428344726562 1.070513606071472168 1.3497190475463867188
1.3085025548934936523 1.1223772764205932617 1.0685759782791137695 1.0338531732559204102 0.91303223371505737305 0.94266223907470703125 0.80269730091094970703 0.80006700754165649414 0.73819643259048461914 0.65883195400238037109 0.77117300033569335938 0.75537848472595214844 0.71879923343658447266 0.63263231515884399414 0.69176983833312988281 0.86002260446548461914 0.75455898046493530273 0.6527423858642578125 0.64920496940612792969 0.66979229450225830078 0.65033328533172607422 1.0362163782119750977 1.3336139917373657227 1.5498331785202026367 1.6578813791275024414 1.5215547084808349609 1.3279371261596679688 0.98233169317245483398 0.90877771377563476562 0.83113771677017211914 0.66577470302581787109 0.54072397947311401367 0.38610678911209106445 0.37054008245468139648 0.2935937345027923584 0.27392122149467468262 0.33343619108200073242 0.65633553266525268555 1.049698948860168457 1.4626567363739013672
1.0747646093368530273 1.0278834104537963867 0.9881534576416015625 0.94362550973892211914 0.86437702178955078125 0.96379965543746948242 0.88291108608245849609 0.87921202182769775391 0.89866846799850463867 0.88592290878295898438 0.91077065467834472656 0.99138838052749633789 0.89020872116088867188 0.79615038633346557617 0.77849507331848144531 0.89257943630218505859 0.80235046148300170898 0.67074382305145263672 0.50074201822280883789 0.62185829877853393555 0.6663824915885925293 0.96347713470458984375 1.3864083290100097656 1.5262622833251953125 1.7410942316055297852 1.7535281181335449219 1.6540939807891845703 1.2382587194442749023 1.1250513792037963867 0.99794459342956542969 0.72565346956253051758 0.56921756267547607422 0.49545198678970336914 0.39913797378540039062 0.49745219945907592773 0.48037195205688476562 0.39282566308975219727 0.44341486692428588867 0.76147383451461791992 1.2577474117279052734
0.8007062077522277832 0.94131106138229370117 0.89993333816528320312 0.78308904170989990234 0.74186664819717407227 0.81501674652099609375 0.88783663511276245117 0.92178398370742797852 0.87307351827621459961 0.86612492799758911133 0.91854965686798095703 0.98748254776000976562 0.97227561473846435547 0.84773135185241699219 0.78649628162384033203 0.72764277458190917969 0.71957719326019287109 0.70286411046981811523 0.62373769283294677734 0.59662258625030517578 0.70326721668243408203 0.96748363971710205078 1.5166207551956176758 1.8789457082748413086 1.7877557277679443359 1.7944263219833374023 1.7800551652908325195 1.6467041969299316406 1.3252426385879516602 1.1318700313568115234 0.99380022287368774414 0.77048349380493164062 0.67725390195846557617 0.55229365825653076172 0.53048694133758544922 0.53087037801742553711 0.39754527807235717773 0.20443145930767059326 0.4313449859619140625 0.92847830057144165039
0.75141113996505737305 0.88849061727523803711 1.0011720657348632812 0.88255238533020019531 0.91040319204330444336 0.90037477016448974609 0.94709599018096923828 0.94151151180267333984 0.94224381446838378906 0.93305099010467529297 0.96343582868576049805 0.9339008331298828125 1.0214307308197021484 0.86304831504821777344 0.85794085264205932617 0.80477130413055419922 0.79832065105438232422 0.62830770015716552734 0.72774183750152587891 0.74370288848876953125 0.83674335479736328125 1.1507558822631835938 1.5366311073303222656 1.9175655841827392578 1.9371575117111206055 1.7609845399856567383 1.6624453067779541016 1.6257246732711791992 1.5534876585006713867 1.2185894250869750977 1.1717364788055419922 1.0429246425628662109 0.80088788270950317383 0.70565563440322875977 0.62477052211761474609 0.55037611722946166992 0.45544654130935668945 0.31073796749114990234 0.53736293315887451172 0.840785980224609375
0.93956637382507324219 0.96856218576431274414 1.1724910736083984375 1.06873321533203125 1.0028723478317260742 1.0910271406173706055 1.2584316730499267578 1.2647502422332763672 1.317653656005859375 1.2436302900314331055 1.171925663948059082 1.0760608911514282227 1.0749098062515258789 1.0180317163467407227 0.96562713384628295898 1.0252422094345092773 0.98673111200332641602 0.95740973949432373047 0.81745791435241699219 0.89014464616775512695 0.95768070220947265625 1.2324912548065185547 1.4941774606704711914 1.6667222976684570312 1.9018188714981079102 1.7507250308990478516 1.6067545413970947266 1.4634630680084228516 1.444039463996887207 1.3451044559478759766 1.179365992546081543 1.2505023479461669922 1.1138944625854492188 0.93649852275848388672 0.65047931671142578125 0.47971451282501220703 0.41480526328086853027 0.52043962478637695312 0.68743091821670532227 0.7862377166748046875
0.96918797492980957031 0.93749094009399414062 1.1670185327529907227 1.2075210809707641602 1.0953285694122314453 1.0923382043838500977 1.224831700325012207 1.2673308849334716797 1.3702309131622314453 1.3900949954986572266 1.305660247802734375 1.3891522884368896484 1.3236843347549438477 1.2659059762954711914 1.2377893924713134766 1.284321904182434082 1.1499111652374267578 1.1044026613235473633 0.94464784860610961914 0.85882461071014404297 0.8463560938835144043 1.1095424890518188477 1.4874367713928222656 1.5441176891326904297 1.7233235836029052734 1.9030481576919555664 1.6622220277786254883 1.5471762418746948242 1.4516543149948120117 1.4016863107681274414 1.1985236406326293945 1.1719543933868408203 1.163027644157409668 1.0034574270248413086 0.81133943796157836914 0.55740725994110107422 0.34591886401176452637 0.28933301568031311035 0.38173502683639526367 0.75981813669204711914
1.1142487525939941406 0.93838614225387573242 1.1492531299591064453 1.3200044631958007812 1.244860529899597168 1.1086533069610595703 1.0576426982879638672 1.0969572067260742188 1.1596276760101318359 1.3119872808456420898 1.3069623708724975586 1.5419144630432128906 1.5770682096481323242 1.4576851129531860352 1.37882232666015625 1.3696112632751464844 1.1685416698455810547 1.0630890130996704102 0.93578177690505981445 0.6544100642204284668 0.7085666656494140625 1.0958983898162841797 1.4023303985595703125 1.4523061513900756836 1.5124086141586303711 1.6528128385543823242 1.7270117998123168945 1.5952003002166748047 1.5062680244445800781 1.462540745735168457 1.2865862846374511719 1.1676108837127685547 1.1770567893981933594 1.0648415088653564453 0.97555321455001831055 0.80868262052536010742 0.71246379613876342773 0.46326807141304016113 0.43211835622787475586 0.66986984014511108398
1.1627438068389892578 1.085697174072265625 1.1496258974075317383 1.2455477714538574219 1.2372916936874389648 1.1974197626113891602 1.1422753334045410156 1.1715109348297119141 1.3126444816589355469 1.347988128662109375 1.3694838285446166992 1.4782354831695556641 1.6665713787078857422 1.6359925270080566406 1.500588536262512207 1.4799394607543945312 1.383969426155090332 1.1996734142303466797 1.1641939878463745117 1.1109881401062011719 1.0150207281112670898 1.2342294454574584961 1.4002500772476196289 1.4850375652313232422 1.5849574804306030273 1.4546068906784057617 1.5864682197570800781 1.6299893856048583984 1.4909033775329589844 1.4473860263824462891 1.3344423770904541016 1.2109311819076538086 1.1585010290145874023 1.2194534540176391602 1.2105138301849365234 1.1241345405578613281 1.0435215234756469727 0.87843573093414306641 0.71489149332046508789 0.58446109294891357422
1.3156522512435913086 1.1980115175247192383 1.1939672231674194336 1.2117789983749389648 1.3225140571594238281 1.367389678955078125 1.3844922780990600586 1.4586503505706787109 1.5730302333831787109 1.7262637615203857422 1.6835676431655883789 1.6635491847991943359 1.8245403766632080078 1.8548877239227294922 1.7769278287887573242 1.7811462879180908203 1.719878077507019043 1.7005425691604614258 1.5506445169448852539 1.558072209358215332 1.5878957509994506836 1.522444605827331543 1.6380164623260498047 1.6557986736297607422 1.7185952663421630859 1.6707100868225097656 1.5895639657974243164 1.6701972484588623047 1.6869374513626098633 1.5332549810409545898 1.5254784822463989258 1.2484384775161743164 1.1518954038619995117 1.1736961603164672852 1.3126544952392578125 1.3188409805297851562 1.2151753902435302734 1.0007468461990356445 0.87688457965850830078 0.70407301187515258789
1.4604889154434204102 1.4243190288543701172 1.3671183586120605469 1.4054968357086181641 1.5291503667831420898 1.5990424156188964844 1.6797574758529663086 1.727173924446105957 1.7525691986083984375 1.8451974391937255859 1.8502625226974487305 1.8566879034042358398 1.975508570671081543 2.0884346961975097656 2.1070144176483154297 2.0703680515289306641 1.9875545501708984375 1.8766983747482299805 1.7102999687194824219 1.5461795330047607422 1.6381374597549438477 1.681322932243347168 1.807164311408996582 1.8929914236068725586 1.9285689592361450195 1.9266158342361450195 1.684636235237121582 1.7265628576278686523 1.7510037422180175781 1.6805242300033569336 1.6571917533874511719 1.5050963163375854492 1.2528878450393676758 1.105173945426940918 1.1365681886672973633 1.2417154312133789062 1.0690799951553344727 1.0374968051910400391 1.0405445098876953125 0.91143518686294555664
1.4672751426696777344 1.4001749753952026367 1.4341574907302856445 1.5214498043060302734 1.4756929874420166016 1.6303584575653076172 1.7048026323318481445 1.7579020261764526367 1.8577077388763427734 1.8023306131362915039 1.7868413925170898438 1.8638377189636230469 1.8160424232482910156 1.9100841283798217773 1.9437326192855834961 2.0217802524566650391 1.970030665397644043 1.8960472345352172852 1.7635676860809326172 1.6511400938034057617 1.6607007980346679688 2.0087723731994628906 1.9581880569458007812 2.003711700439453125 2.1100335121154785156 2.1395740509033203125 1.9923701286315917969 1.628622889518737793 1.5599385499954223633 1.6674425601959228516 1.4914643764495849609 1.5920701026916503906 1.5338622331619262695 1.3219668865203857422 1.1377997398376464844 1.2086141109466552734 0.96838766336441040039 1.0105378627777099609 0.97450864315032958984 0.96145880222320556641
1.5021837949752807617 1.433887481689453125 1.4155688285827636719 1.5253176689147949219 1.4962323904037475586 1.6034935712814331055 1.7493537664413452148 1.8015953302383422852 1.8765850067138671875 1.8911250829696655273 1.95705413818359375 1.9738981723785400391 1.9542807340621948242 1.937361598014831543 1.9962478876113891602 2.0208559036254882812 2.0416975021362304688 1.8791526556015014648 1.7782503366470336914 1.7450848817825317383 1.8885300159454345703 2.1025350093841552734 2.1898062229156494141 2.1980516910552978516 2.0598812103271484375 2.0900402069091796875 2.0717117786407470703 1.8202176094055175781 1.5997904539108276367 1.5262757539749145508 1.5259554386138916016 1.4892050027847290039 1.5427871942520141602 1.560864567756652832 1.3145596981048583984 1.2467353343963623047 1.0690853595733642578 0.87274348735809326172 0.69649469852447509766 0.68598616123199462891
1.6728156805038452148 1.6685386896133422852 1.5544054508209228516 1.4687584638595581055 1.5551462173461914062 1.6381433010101318359 1.7670731544494628906 1.7840501070022583008 1.9461743831634521484 2.06862640380859375 2.0571219921112060547 2.0201215744018554688 2.0073072910308837891 2.0244238376617431641 2.0533196926116943359 2.0010576248168945312 2.0903501510620117188 1.9952747821807861328 1.9482843875885009766 1.8126721382141113281 1.9615986347198486328 1.9479440450668334961 2.1623933315277099609 2.2667405605316162109 1.980462193489074707 1.9082862138748168945 1.8823828697204589844 1.9784303903579711914 1.8399316072463989258 1.7717547416687011719 1.8116254806518554688 1.6584748029708862305 1.6242926120758056641 1.5817024707794189453 1.5736092329025268555 1.5173761844635009766 1.4131634235382080078 1.0794417858123779297 0.89260643720626831055 0.68017119169235229492
1.8252450227737426758 1.7141542434692382812 1.7092990875244140625 1.6584944725036621094 1.5725055932998657227 1.6679923534393310547 1.6759271621704101562 1.7186397314071655273 1.808100581169128418 1.9619016647338867188 1.9569594860076904297 1.9740902185440063477 2.0573439598083496094 1.9727933406829833984 1.9120806455612182617 1.8174803256988525391 1.8163808584213256836 1.8814238309860229492 1.819901585578918457 1.6285805702209472656 1.7868189811706542969 1.7821232080459594727 1.9447252750396728516 2.1112432479858398438 2.0540547370910644531 1.9145660400390625 1.9230229854583740234 2.0351541042327880859 2.0280613899230957031 2.0069963932037353516 2.0080671310424804688 1.9129275083541870117 1.9204704761505126953 1.8159596920013427734 1.7807953357696533203 1.735953211784362793 1.692847132682800293 1.50632476806640625 1.2197034358978271484 1.0555289983749389648
1.8069454431533813477 1.8707835674285888672 1.8680700063705444336 1.6860231161117553711 1.6725399494171142578 1.7013567686080932617 1.724038243293762207 1.7270348072052001953 1.7828705310821533203 1.7381347417831420898 1.8321971893310546875 1.9298622608184814453 2.0346276760101318359 1.9823917150497436523 1.9323182106018066406 1.704491734504699707 1.6532080173492431641 1.7165373563766479492 1.5084706544876098633 1.3277750015258789062 1.2767484188079833984 1.4860843420028686523 1.6175940036773681641 1.7326171398162841797 1.9911550283432006836 1.8787170648574829102 1.9505355358123779297 1.9113467931747436523 2.0423429012298583984 1.97126007080078125 1.9712147712707519531 2.0070881843566894531 2.01679229736328125 2.1092536449432373047 1.9841176271438598633 1.8466556072235107422 1.7954373359680175781 1.6788681745529174805 1.4119734764099121094 1.1534168720245361328
1.8897036314010620117 1.8931496143341064453 1.9159182310104370117 1.7848424911499023438 1.7192139625549316406 1.7517409324645996094 1.8170243501663208008 1.8208162784576416016 1.7664381265640258789 1.6352561712265014648 1.6249015331268310547 1.6773036718368530273 1.8775625228881835938 1.9731822013854980469 2.0153479576110839844 1.8408972024917602539 1.5392910242080688477 1.5572491884231567383 1.3767993450164794922 1.1288762092590332031 0.82237714529037475586 0.88493269681930541992 1.1609325408935546875 1.3645913600921630859 1.5575945377349853516 1.5540117025375366211 1.5002268552780151367 1.5386339426040649414 1.7386999130249023438 1.7866132259368896484 1.8739812374114990234 1.9536670446395874023 2.0133900642395019531 2.1023576259613037109 2.0434348583221435547 2.0025715827941894531 1.9915344715118408203 1.859700322151184082 1.811665654182434082 1.5078476667404174805
