samples/et/map_et_2017-09-24.asc
ncols        322
nrows        306
xllcorner    -53.726171018035
yllcorner    -28.476684338117
cellsize     0.000269494585
NODATA_value  -1
[rows 36 to 53 of 306, columns 80 to 119 of 322]
2.9410462379455566406 2.5122869014739990234 2.1426415443420410156 0.96484202146530151367 0.42280942201614379883 0.046223547309637069702 0.045791413635015487671 -0.11454828828573226929 -0.16010555624961853027 0.030569784343242645264 0.53284966945648193359 1.1125731468200683594 1.3135567903518676758 1.6197192668914794922 1.8749284744262695312 1.8798158168792724609 2.2072613239288330078 2.8379719257354736328 3.3512108325958251953 3.4923875331878662109 3.9328451156616210938 4.2387065887451171875 4.4960184097290039062 4.511837005615234375 4.7006726264953613281 4.29155731201171875 4.1640887260437011719 4.3285160064697265625 4.0901203155517578125 3.7795429229736328125 3.8539781570434570312 4.1427240371704101562 4.3510231971740722656 4.5188117027282714844 4.5469479560852050781 4.4484267234802246094 4.5824108123779296875 4.3760752677917480469 4.4420990943908691406 4.5710377693176269531
2.3794858455657958984 1.6784679889678955078 1.0403306484222412109 0.085690394043922424316 -0.47756692767143249512 -0.79877203702926635742 -0.90628790855407714844 -1.3508219718933105469 -1.3398630619049072266 -1.1675469875335693359 -0.61638289690017700195 0.055350795388221740723 0.6168231964111328125 1.0093656778335571289 0.88511967658996582031 1.3397414684295654297 1.8427213430404663086 2.3606207370758056641 2.9655318260192871094 3.4011259078979492188 4.1029801368713378906 4.5159115791320800781 4.561614990234375 4.5849294662475585938 4.7443451881408691406 4.5164113044738769531 4.2433137893676757812 4.2048125267028808594 4.2164173126220703125 3.7055442333221435547 3.4267873764038085938 3.5254144668579101562 4.1732397079467773438 4.3552794456481933594 4.5630745887756347656 4.5524802207946777344 4.2942681312561035156 4.5334019660949707031 4.5380702018737792969 4.6583237648010253906
1.6845685243606567383 1.1061905622482299805 0.26753085851669311523 -0.74000728130340576172 -1.1266126632690429688 -1.3008468151092529297 -1.4830586910247802734 -1.8297882080078125 -2.0649037361145019531 -1.8909500837326049805 -1.6390880346298217773 -1.0016726255416870117 -0.12995684146881103516 0.5028489232063293457 0.71821731328964233398 0.89059633016586303711 1.4294359683990478516 1.8967856168746948242 2.337581634521484375 2.8735723495483398438 3.5492739677429199219 4.55811309814453125 4.80731201171875 4.495273590087890625 4.5841608047485351562 4.4885048866271972656 4.44512176513671875 4.2827348709106445312 4.3117537498474121094 3.8663516044616699219 3.1865930557250976562 3.1860072612762451172 3.8226916790008544922 4.7041687965393066406 4.6441740989685058594 4.7238469123840332031 4.5763859748840332031 4.5303134918212890625 4.7374811172485351562 4.7456073760986328125
1.137808680534362793 0.7485745549201965332 -0.038212168961763381958 -1.0018228292465209961 -1.4462945461273193359 -1.8159551620483398438 -1.6001272201538085938 -1.7906432151794433594 -1.9879919290542602539 -2.2276084423065185547 -2.0521280765533447266 -1.6484570503234863281 -1.1672601699829101562 -0.478588104248046875 -0.064354971051216125488 0.4672940671443939209 0.92531406879425048828 1.2911851406097412109 1.615285038948059082 1.6137853860855102539 2.5223743915557861328 4.1941208839416503906 4.7802739143371582031 4.6686940193176269531 4.422557830810546875 4.3686780929565429688 4.4748816490173339844 4.4756064414978027344 4.4714260101318359375 4.2478499412536621094 3.4040548801422119141 2.9258639812469482422 3.3732595443725585938 4.3533425331115722656 4.9866719245910644531 4.6632866859436035156 4.8534855842590332031 4.7965350151062011719 4.5880441665649414062 4.5187878608703613281
0.86334258317947387695 0.52913850545883178711 -0.44566616415977478027 -1.2584007978439331055 -1.5886971950531005859 -1.6866812705993652344 -1.7860882282257080078 -1.9208151102066040039 -2.0866899490356445312 -2.0581753253936767578 -2.14520263671875 -1.9583317041397094727 -1.6015852689743041992 -1.085165858268737793 -0.68745905160903930664 -0.10976565629243850708 0.061137106269598007202 0.42905002832412719727 1.0029358863830566406 1.0414415597915649414 1.9324958324432373047 3.9191796779632568359 4.5551972389221191406 4.4791464805603027344 4.26036834716796875 4.1117768287658691406 4.0384078025817871094 4.090465545654296875 4.0746321678161621094 3.8511793613433837891 2.9236009120941162109 2.4176461696624755859 2.9935431480407714844 4.028839111328125 4.6884174346923828125 4.4016804695129394531 4.631183624267578125 4.6873149871826171875 4.431934356689453125 4.3783717155456542969
0.25929930806159973145 0.032996803522109985352 -0.72239142656326293945 -1.5413683652877807617 -1.7594335079193115234 -2.0365428924560546875 -2.3944382667541503906 -2.3332779407501220703 -2.6512444019317626953 -2.7817065715789794922 -2.4175798892974853516 -2.2237951755523681641 -1.8155592679977416992 -1.7570180892944335938 -1.4698842763900756836 -0.83442628383636474609 -0.77960628271102905273 -0.66324472427368164062 -0.38992977142333984375 -0.067156836390495300293 0.39658316969871520996 1.8925445079803466797 3.1779654026031494141 4.2642779350280761719 4.081745147705078125 3.9682700634002685547 3.6102652549743652344 3.7719976902008056641 4.0205554962158203125 3.9236657619476318359 3.6341433525085449219 2.6798014640808105469 2.5378768444061279297 3.4198544025421142578 3.9158222675323486328 3.9831488132476806641 3.9737200736999511719 4.4930315017700195312 4.312137603759765625 4.2555208206176757812
0.54678988456726074219 -0.58618378639221191406 -1.2826062440872192383 -2.3550865650177001953 -2.4558467864990234375 -2.1785311698913574219 -2.4416420459747314453 -2.6268229484558105469 -2.9003355503082275391 -3.26897430419921875 -3.1497309207916259766 -2.3324491977691650391 -2.0892605781555175781 -2.0913302898406982422 -1.8525093793869018555 -1.1852102279663085938 -1.2421299219131469727 -1.5257869958877563477 -1.707117915153503418 -1.2757688760757446289 -0.57076221704483032227 0.41653153300285339355 1.1437141895294189453 2.7882328033447265625 3.3209166526794433594 3.5164837837219238281 3.4688975811004638672 3.2424790859222412109 3.2538259029388427734 3.3896026611328125 3.1621198654174804688 2.8829865455627441406 2.481105804443359375 3.0715703964233398438 3.4369378089904785156 3.7084474563598632812 3.6022813320159912109 3.8515217304229736328 4.0846643447875976562 4.0380039215087890625
1.11700439453125 -0.55838483572006225586 -1.4612255096435546875 -2.5514442920684814453 -2.9109559059143066406 -2.4946026802062988281 -2.5237686634063720703 -2.8351886272430419922 -2.8433024883270263672 -3.3422219753265380859 -3.4953863620758056641 -2.7252917289733886719 -2.2698171138763427734 -2.2632429599761962891 -1.9310243129730224609 -1.3542765378952026367 -1.1528155803680419922 -1.5468339920043945312 -1.7656546831130981445 -1.7368540763854980469 -1.0802398920059204102 -1.4024347066879272461 -0.46327349543571472168 1.0455962419509887695 1.6199915409088134766 2.3214771747589111328 2.523281097412109375 2.8029971122741699219 2.8889186382293701172 2.8710374832153320312 2.5815281867980957031 2.42461395263671875 2.0689287185668945312 2.4672267436981201172 3.2403275966644287109 3.4380340576171875 3.4101006984710693359 3.3389616012573242188 3.6163914203643798828 3.8332722187042236328
0.93960666656494140625 -0.40127995610237121582 -1.4253133535385131836 -2.0902128219604492188 -1.9999557733535766602 -2.4463784694671630859 -2.5325205326080322266 -2.7613575458526611328 -2.8161194324493408203 -3.0356588363647460938 -3.5233104228973388672 -3.1584050655364990234 -2.1396021842956542969 -2.1368973255157470703 -1.4649192094802856445 -1.0882809162139892578 -1.1409140825271606445 -1.182819366455078125 -1.4553878307342529297 -1.4305503368377685547 -1.0499299764633178711 -1.1833963394165039062 -0.4410190582275390625 0.23402574658393859863 0.468433380126953125 1.0966907739639282227 1.7273362874984741211 1.6734998226165771484 1.9614698886871337891 2.2862601280212402344 2.4091033935546875 2.224613189697265625 1.8566141128540039062 1.6728503704071044922 2.3088943958282470703 3.1883342266082763672 3.0964071750640869141 2.9901492595672607422 3.1551668643951416016 3.7656009197235107422
0.74591475725173950195 -0.53057080507278442383 -1.4596729278564453125 -2.1361949443817138672 -1.7798229455947875977 -2.0128207206726074219 -2.3413870334625244141 -2.8451356887817382812 -3.3030641078948974609 -3.1495714187622070312 -3.1795771121978759766 -3.0291388034820556641 -2.396236419677734375 -2.3856549263000488281 -1.2838290929794311523 -1.0378495454788208008 -0.76262748241424560547 -0.80892282724380493164 -1.2900760173797607422 -1.1254334449768066406 -0.77442961931228637695 -1.0417144298553466797 -0.48569637537002563477 -0.11242166906595230103 0.05083961784839630127 0.4734776914119720459 1.0523689985275268555 1.2555924654006958008 1.3989304304122924805 1.429247736930847168 2.0628073215484619141 2.4804582595825195312 2.3629157543182373047 1.9693877696990966797 1.839094996452331543 2.5325884819030761719 2.96341705322265625 2.8867399692535400391 2.9421148300170898438 3.5340068340301513672
0.662372589111328125 -0.56293213367462158203 -1.468802332878112793 -2.0333611965179443359 -2.1352102756500244141 -2.2896153926849365234 -2.4870522022247314453 -3.0705187320709228516 -3.3918440341949462891 -3.4239838123321533203 -3.0454351902008056641 -2.2015526294708251953 -2.6686205863952636719 -2.2625095844268798828 -1.1090515851974487305 -1.0242034196853637695 -0.81532615423202514648 -0.73344188928604125977 -0.86986005306243896484 -1.0907189846038818359 -0.69379287958145141602 -0.81594067811965942383 -0.27266287803649902344 -0.1693601757287979126 -0.3513927757740020752 0.061373248696327209473 0.47237783670425415039 0.6489194035530090332 0.71036291122436523438 0.80141341686248779297 1.1186510324478149414 2.1900026798248291016 2.6351637840270996094 2.1785743236541748047 1.8321274518966674805 1.9834188222885131836 2.4601428508758544922 2.5197527408599853516 2.3141839504241943359 2.1493458747863769531
0.68764197826385498047 -0.72990280389785766602 -1.6358340978622436523 -2.0783696174621582031 -2.2681958675384521484 -2.7226977348327636719 -2.7703862190246582031 -3.0675766468048095703 -3.4724004268646240234 -3.7315425872802734375 -3.2603831291198730469 -1.9178200960159301758 -1.9886063337326049805 -1.1497614383697509766 -0.82537955045700073242 -0.71582424640655517578 -0.83116555213928222656 -0.79866653680801391602 -0.5416005253791809082 -0.69642621278762817383 -0.8106543421745300293 -0.83394211530685424805 -0.32871454954147338867 -0.047267761081457138062 -0.0066484906710684299469 -0.092323005199432373047 0.11334658414125442505 0.20468044281005859375 0.1486120074987411499 0.23345988988876342773 0.67173689603805541992 1.5607178211212158203 2.2039504051208496094 1.8603509664535522461 1.2968918085098266602 0.98889690637588500977 1.3225935697555541992 1.875172734260559082 1.8186763525009155273 1.2885125875473022461
1.0553462505340576172 -0.65278607606887817383 -1.4623845815658569336 -1.9060522317886352539 -1.9684212207794189453 -2.6860401630401611328 -3.1183819770812988281 -3.3081939220428466797 -3.63025665283203125 -3.7591249942779541016 -3.3503029346466064453 -1.9988099336624145508 -1.7616927623748779297 -0.78317230939865112305 -0.573955535888671875 -0.26993197202682495117 -0.31267568469047546387 -0.68496316671371459961 -0.61745011806488037109 -0.33363926410675048828 -0.81830364465713500977 -0.82518714666366577148 -0.3187955021858215332 -0.38059657812118530273 -0.027470838278532028198 0.30041962862014770508 0.18881560862064361572 0.15566492080688476562 0.002181463874876499176 0.014336076565086841583 0.89351427555084228516 2.0379803180694580078 3.0418145656585693359 2.5325968265533447266 1.2125607728958129883 0.44987079501152038574 0.57418024539947509766 1.0853255987167358398 1.3968042135238647461 1.0904229879379272461
1.1310169696807861328 -0.1323048323392868042 -1.150859832763671875 -1.2114292383193969727 -1.7048455476760864258 -2.4907648563385009766 -2.9389879703521728516 -3.6032900810241699219 -4.0774302482604980469 -4.0862221717834472656 -3.3960287570953369141 -1.8799884319305419922 -1.6094744205474853516 -0.95423454046249389648 -0.36840486526489257812 -0.27278625965118408203 0.12533457577228546143 -0.13693115115165710449 -0.26013088226318359375 -0.29278698563575744629 -0.45186078548431396484 -0.21062241494655609131 -0.070791572332382202148 -0.34287413954734802246 -0.32366535067558288574 0.054372258484363555908 0.33571183681488037109 0.15481102466583251953 -0.0069590951316058635712 -0.11090000718832015991 0.49938225746154785156 2.2802443504333496094 3.5463585853576660156 3.3748447895050048828 2.5456066131591796875 1.0439473390579223633 0.60165554285049438477 0.78746336698532104492 1.0740282535552978516 1.012149810791015625
0.77714461088180541992 -0.12314579635858535767 -1.1603547334671020508 -1.2508299350738525391 -1.7783968448638916016 -2.4155104160308837891 -3.0081088542938232422 -3.5334277153015136719 -4.1492409706115722656 -4.300769805908203125 -3.0510342121124267578 -2.6538677215576171875 -1.3687441349029541016 -0.7753340601921081543 -0.49716791510581970215 -0.43676716089248657227 -0.0059018451720476150513 0.24046944081783294678 -0.15666928887367248535 -0.23677892982959747314 -0.39703539013862609863 0.11182195693254470825 0.26942434906959533691 -0.091600894927978515625 -0.35420250892639160156 -0.046895150095224380493 0.13701087236404418945 0.012910837307572364807 0.012974698096513748169 -0.25625538825988769531 0.23208822309970855713 1.0648173093795776367 2.6624081134796142578 3.0424513816833496094 2.4278609752655029297 1.6765061616897583008 1.0066297054290771484 1.0366652011871337891 0.87736743688583374023 0.76374912261962890625
0.4594847261905670166 -0.29179263114929199219 -1.2816213369369506836 -1.2915631532669067383 -2.0474042892456054688 -2.5099735260009765625 -3.0201833248138427734 -3.309356689453125 -3.7108621597290039062 -3.7682096958160400391 -2.9329013824462890625 -2.2565186023712158203 -1.2726557254791259766 -0.62638741731643676758 -0.83034980297088623047 -0.52238941192626953125 -0.40723976492881774902 0.25842502713203430176 0.52842617034912109375 0.010799637995660305023 -0.37519440054893493652 0.35427784919738769531 0.70143306255340576172 0.5751927495002746582 0.44847187399864196777 0.20163330435752868652 0.046640984714031219482 -0.072428368031978607178 0.10204190760850906372 -0.010203494690358638763 -0.0093406308442354202271 0.29145666956901550293 0.91731339693069458008 1.7458995580673217773 1.6227011680603027344 1.2204238176345825195 0.70954507589340209961 0.88467395305633544922 0.95481061935424804688 0.65781998634338378906
0.22703154385089874268 -0.3145847320556640625 -1.2922930717468261719 -1.466509699821472168 -2.3487114906311035156 -2.9966030120849609375 -3.0126731395721435547 -3.0439221858978271484 -3.2991414070129394531 -3.3167777061462402344 -2.8436477184295654297 -2.3462629318237304688 -0.85767120122909545898 -0.50579726696014404297 -0.54225164651870727539 -0.42851758003234863281 -0.11154711991548538208 0.16783876717090606689 0.49555507302284240723 0.069788157939910888672 -0.040585532784461975098 0.4655755162239074707 0.7574374079704284668 1.0015965700149536133 0.96041089296340942383 0.85628521442413330078 0.61346614360809326172 0.086570776998996734619 0.095211513340473175049 0.17253051698207855225 0.066157773137092590332 0.31372290849685668945 0.54492074251174926758 0.79431617259979248047 1.0612704753875732422 0.98606574535369873047 0.63790053129196166992 0.75519931316375732422 0.93775397539138793945 0.67579233646392822266
0.44962552189826965332 -0.26541778445243835449 -0.068733349442481994629 -1.2781738042831420898 -2.3117699623107910156 -3.0106306076049804688 -3.3132283687591552734 -3.1038024425506591797 -2.8849682807922363281 -2.6963679790496826172 -2.3888552188873291016 -2.0182626247406005859 -0.78419166803359985352 -0.56626570224761962891 -0.27680751681327819824 0.099257402122020721436 0.41646474599838256836 0.58730322122573852539 0.44450020790100097656 0.081147365272045135498 0.23602721095085144043 0.53654557466506958008 0.52274143695831298828 0.68835836648941040039 0.8794097900390625 0.63785433769226074219 0.68072867393493652344 0.50221931934356689453 0.079899117350578308105 -0.046829521656036376953 0.056544195860624313354 0.25650125741958618164 0.79241955280303955078 1.0064265727996826172 1.2530515193939208984 1.2703831195831298828 0.91523325443267822266 0.51084148883819580078 0.41088053584098815918 0.23451618850231170654
