samples/et/map_et_2017-07-22.asc
ncols        322
nrows        306
xllcorner    -53.726171018035
yllcorner    -28.476684338117
cellsize     0.000269494585
NODATA_value  -1
[rows 270 to 287 of 306, columns 40 to 79 of 322]
2.1861424446105957031 2.1766092777252197266 2.0522882938385009766 1.9944846630096435547 2.1546168327331542969 2.3320372104644775391 2.4852249622344970703 2.4286522865295410156 2.3972749710083007812 2.2963271141052246094 2.2314140796661376953 2.3272485733032226562 2.3261501789093017578 2.1060376167297363281 1.9934364557266235352 1.9260329008102416992 1.7866095304489135742 1.7766454219818115234 1.7612102031707763672 1.5776804685592651367 1.4794101715087890625 1.3388135433197021484 1.3086968660354614258 1.4179100990295410156 1.6544231176376342773 1.7372879981994628906 1.8000969886779785156 1.789567112922668457 1.7251912355422973633 1.78853607177734375 1.6024100780487060547 1.5227433443069458008 1.4801987409591674805 1.4903980493545532227 1.3369832038879394531 1.2522897720336914062 1.0829293727874755859 1.1031572818756103516 1.0487595796585083008 0.89880543947219848633
2.1197872161865234375 2.1247053146362304688 2.1191008090972900391 2.0126447677612304688 2.0613906383514404297 2.2776672840118408203 2.5144989490509033203 2.5478546619415283203 2.4727494716644287109 2.5117616653442382812 2.4437963962554931641 2.5059218406677246094 2.4005205631256103516 2.2333273887634277344 2.0418863296508789062 1.8246730566024780273 1.6732237339019775391 1.6109106540679931641 1.7338536977767944336 1.6697132587432861328 1.5687943696975708008 1.3245183229446411133 1.2181402444839477539 1.3499251604080200195 1.4753277301788330078 1.5947414636611938477 1.6139047145843505859 1.7432012557983398438 1.7616499662399291992 1.8441526889801025391 1.7101089954376220703 1.6846170425415039062 1.572058558464050293 1.5754424333572387695 1.5674117803573608398 1.4268631935119628906 1.268965601921081543 1.1939510107040405273 1.1228994131088256836 1.0934201478958129883
2.1808323860168457031 2.185455322265625 2.1763532161712646484 2.1401455402374267578 2.0167751312255859375 2.1370027065277099609 2.4100048542022705078 2.6310646533966064453 2.5353057384490966797 2.4710631370544433594 2.4552283287048339844 2.4242718219757080078 2.3432643413543701172 2.1585404872894287109 1.9979990720748901367 1.7622338533401489258 1.6026619672775268555 1.4845583438873291016 1.4534614086151123047 1.4344574213027954102 1.427834630012512207 1.2948511838912963867 1.1096404790878295898 1.0383063554763793945 1.2323076725006103516 1.2900555133819580078 1.3585566282272338867 1.5836073160171508789 1.729213714599609375 1.8028359413146972656 1.7496776580810546875 1.7829825878143310547 1.7857275009155273438 1.7318363189697265625 1.7795814275741577148 1.7018437385559082031 1.5460004806518554688 1.3324964046478271484 1.2125060558319091797 1.2341316938400268555
2.2208468914031982422 2.2437493801116943359 2.2514946460723876953 2.2795941829681396484 2.0812458992004394531 1.9489495754241943359 2.1340749263763427734 2.3980326652526855469 2.4174587726593017578 2.2809975147247314453 2.2187376022338867188 2.057861328125 1.9330012798309326172 1.8979847431182861328 1.8175855875015258789 1.7306706905364990234 1.6467790603637695312 1.5867606401443481445 1.4103095531463623047 1.2997221946716308594 1.2739112377166748047 1.2642606496810913086 1.1219969987869262695 0.87668466567993164062 0.91161054372787475586 1.0307486057281494141 1.0494511127471923828 1.3247102499008178711 1.6614394187927246094 1.7101823091506958008 1.8199752569198608398 1.755748748779296875 1.8741446733474731445 1.7408492565155029297 1.7756192684173583984 1.6961450576782226562 1.6026254892349243164 1.4858688116073608398 1.2730177640914916992 1.232751011848449707
2.2655465602874755859 2.3817913532257080078 2.3475010395050048828 2.2253959178924560547 2.1372809410095214844 1.870146632194519043 1.8890894651412963867 2.1091482639312744141 2.1585876941680908203 2.1606500148773193359 2.0733928680419921875 2.0260498523712158203 1.9133479595184326172 1.860535740852355957 1.7888503074645996094 1.7693802118301391602 1.7205599546432495117 1.6494978666305541992 1.4610630273818969727 1.2748574018478393555 1.2447782754898071289 1.2693985700607299805 1.1728402376174926758 1.0405063629150390625 0.86421114206314086914 0.87888073921203613281 0.91691517829895019531 1.0695905685424804688 1.377816319465637207 1.5542618036270141602 1.7861690521240234375 1.8410795927047729492 1.9209563732147216797 1.8215072154998779297 1.8389505147933959961 1.7327424287796020508 1.5318932533264160156 1.3844047784805297852 1.3151100873947143555 1.2515414953231811523
2.2330884933471679688 2.3143262863159179688 2.280170440673828125 2.1303162574768066406 2.0018057823181152344 1.8265748023986816406 1.8477712869644165039 2.0257465839385986328 2.1123108863830566406 2.1722342967987060547 2.0923764705657958984 2.0471198558807373047 1.9186376333236694336 1.7855168581008911133 1.7727400064468383789 1.7731605768203735352 1.7056013345718383789 1.6226687431335449219 1.4221609830856323242 1.2894202470779418945 1.2226362228393554688 1.3056609630584716797 1.2198187112808227539 1.0757306814193725586 0.8916327357292175293 0.90595537424087524414 0.94338744878768920898 1.0021755695343017578 1.2197535037994384766 1.439136505126953125 1.7904114723205566406 1.867641448974609375 1.931153416633605957 1.8526964187622070312 1.8641198873519897461 1.7932727336883544922 1.6029070615768432617 1.467602849006652832 1.3538817167282104492 1.2547172307968139648
2.0549018383026123047 2.1675250530242919922 2.12866973876953125 2.007587432861328125 1.8521311283111572266 1.7018865346908569336 1.6799453496932983398 1.7055373191833496094 1.8484896421432495117 1.9188789129257202148 1.953473210334777832 2.0357000827789306641 2.1354656219482421875 1.9433972835540771484 1.8210422992706298828 1.7563807964324951172 1.6444263458251953125 1.4156740903854370117 1.2913548946380615234 1.2765107154846191406 1.2090139389038085938 1.2295198440551757812 1.2714008092880249023 1.1525700092315673828 1.0244069099426269531 0.88718426227569580078 0.90949398279190063477 0.8629067540168762207 0.88202387094497680664 1.1968066692352294922 1.4894860982894897461 1.7901567220687866211 1.9386484622955322266 1.9753701686859130859 1.8553898334503173828 1.7518265247344970703 1.7562710046768188477 1.5250620841979980469 1.3686449527740478516 1.3256180286407470703
1.8615705966949462891 1.8968017101287841797 1.7945433855056762695 1.7852550745010375977 1.8641726970672607422 1.7046321630477905273 1.6052694320678710938 1.5627055168151855469 1.6162261962890625 1.7471168041229248047 1.8158754110336303711 1.7993700504302978516 1.9815862178802490234 1.9528583288192749023 1.6908088922500610352 1.6305414438247680664 1.5479377508163452148 1.4402936697006225586 1.2082957029342651367 1.219819188117980957 1.1787676811218261719 1.1885993480682373047 1.2811940908432006836 1.2018035650253295898 1.1120600700378417969 0.98940896987915039062 0.9044119715690612793 0.75594884157180786133 0.79599118232727050781 0.99946671724319458008 1.2953892946243286133 1.5607258081436157227 1.8147319555282592773 1.8956483602523803711 1.9074208736419677734 1.8632872104644775391 1.8991405963897705078 1.8476030826568603516 1.6047937870025634766 1.4375480413436889648
1.7231830358505249023 1.7426764965057373047 1.7027504444122314453 1.4550659656524658203 1.5597493648529052734 1.7213578224182128906 1.5444551706314086914 1.5902599096298217773 1.5766055583953857422 1.6778521537780761719 1.7442944049835205078 1.8086017370223999023 1.6773756742477416992 1.7021808624267578125 1.616913914680480957 1.5120987892150878906 1.511721491813659668 1.4461002349853515625 1.3741142749786376953 1.2214821577072143555 1.1833113431930541992 1.2333104610443115234 1.3324730396270751953 1.3387776613235473633 1.2009583711624145508 1.0737251043319702148 0.99428921937942504883 0.87441426515579223633 0.7581418156623840332 0.84213203191757202148 1.0565766096115112305 1.3454135656356811523 1.7212007045745849609 1.8424719572067260742 1.9906080961227416992 1.9899098873138427734 2.0494434833526611328 2.0146548748016357422 1.9339163303375244141 1.7589830160140991211
1.4166928529739379883 1.439538121223449707 1.4981300830841064453 1.5210218429565429688 1.3988920450210571289 1.6075086593627929688 1.6195178031921386719 1.6093361377716064453 1.6061871051788330078 1.7432597875595092773 1.8027641773223876953 1.7582572698593139648 1.5538254976272583008 1.4013410806655883789 1.366278529167175293 1.4283463954925537109 1.5125331878662109375 1.47312164306640625 1.4510289430618286133 1.3524696826934814453 1.3458884954452514648 1.3298697471618652344 1.3723340034484863281 1.4482471942901611328 1.3703069686889648438 1.2290291786193847656 1.1157240867614746094 0.99621313810348510742 0.79451984167098999023 0.70284217596054077148 0.78710865974426269531 0.91982096433639526367 1.3144222497940063477 1.6974333524703979492 1.9459338188171386719 2.1231937408447265625 2.1225445270538330078 2.1243078708648681641 1.9179303646087646484 1.7644052505493164062
1.3131331205368041992 1.2404495477676391602 1.2723335027694702148 1.3501937389373779297 1.2607535123825073242 1.2598133087158203125 1.4938553571701049805 1.5525556802749633789 1.5990276336669921875 1.6292755603790283203 1.6531989574432373047 1.3598923683166503906 1.3322598934173583984 1.3346158266067504883 1.2668226957321166992 1.3059353828430175781 1.3765921592712402344 1.4746969938278198242 1.4585083723068237305 1.4165365695953369141 1.4238529205322265625 1.4018026590347290039 1.4577509164810180664 1.5340479612350463867 1.4982277154922485352 1.3051954507827758789 1.2290637493133544922 1.2352706193923950195 1.0377403497695922852 0.88729357719421386719 0.64946216344833374023 0.66491329669952392578 0.59819573163986206055 1.013026118278503418 1.4251466989517211914 1.8278744220733642578 2.0256466865539550781 2.1118016242980957031 1.9636429548263549805 1.805173039436340332
1.4365282058715820312 1.2834537029266357422 1.126080632209777832 1.0610083341598510742 0.84891098737716674805 0.81105649471282958984 1.0173861980438232422 1.0981249809265136719 1.2843317985534667969 1.4146749973297119141 1.3856874704360961914 1.2856806516647338867 1.2911679744720458984 1.3226733207702636719 1.3533300161361694336 1.3077840805053710938 1.3320767879486083984 1.4100816249847412109 1.509014129638671875 1.4546108245849609375 1.4607441425323486328 1.3893226385116577148 1.3944730758666992188 1.5417925119400024414 1.5385174751281738281 1.4582316875457763672 1.3089157342910766602 1.2765722274780273438 1.2710411548614501953 1.0553992986679077148 0.8251247406005859375 0.7084872126579284668 0.64770078659057617188 0.66376584768295288086 0.95749479532241821289 1.2351360321044921875 1.5907300710678100586 1.8547084331512451172 1.9986931085586547852 1.9587748050689697266
1.0350537300109863281 1.0178183317184448242 0.95071125030517578125 0.8741925358772277832 0.75155401229858398438 0.67049491405487060547 0.81662607192993164062 0.90012162923812866211 1.0736922025680541992 1.316608428955078125 1.2242286205291748047 1.2329164743423461914 1.3543076515197753906 1.4299389123916625977 1.5244661569595336914 1.3840718269348144531 1.3562798500061035156 1.3836247920989990234 1.4266279935836791992 1.5070677995681762695 1.5140191316604614258 1.3940241336822509766 1.3607381582260131836 1.5453541278839111328 1.5421379804611206055 1.4833642244338989258 1.4778511524200439453 1.3343656063079833984 1.2596757411956787109 1.1472468376159667969 1.0632997751235961914 0.94194298982620239258 0.86300331354141235352 0.79978793859481811523 0.86722028255462646484 0.96041178703308105469 1.2872577905654907227 1.6963593959808349609 1.8160635232925415039 1.8653038740158081055
0.64144766330718994141 0.59156221151351928711 0.76209968328475952148 0.7431361079216003418 0.65058028697967529297 0.54753953218460083008 0.6244176030158996582 0.84240359067916870117 0.96328496932983398438 1.187274932861328125 1.1881345510482788086 1.1901761293411254883 1.2626062631607055664 1.494446873664855957 1.593096613883972168 1.5393593311309814453 1.446329951286315918 1.4212495088577270508 1.3905762434005737305 1.3938935995101928711 1.4030759334564208984 1.4445226192474365234 1.376135706901550293 1.4455301761627197266 1.5758607387542724609 1.5640076398849487305 1.5181796550750732422 1.4723844528198242188 1.3159849643707275391 1.2327694892883300781 1.1673234701156616211 1.1339433193206787109 1.0729166269302368164 1.021622776985168457 1.0154387950897216797 1.0252989530563354492 1.1215265989303588867 1.4767302274703979492 1.6325918436050415039 1.6249266862869262695
0.50598025321960449219 0.52245211601257324219 0.50996100902557373047 0.58535772562026977539 0.59945899248123168945 0.48659524321556091309 0.4076684117317199707 0.56236922740936279297 0.7976462244987487793 0.98287147283554077148 1.1122944355010986328 1.1969878673553466797 1.3198300600051879883 1.3577713966369628906 1.5999028682708740234 1.6607229709625244141 1.5881474018096923828 1.4463508129119873047 1.4463760852813720703 1.4274160861968994141 1.4407211542129516602 1.5165344476699829102 1.4884356260299682617 1.4713834524154663086 1.6599662303924560547 1.6612598896026611328 1.5420815944671630859 1.5671497583389282227 1.5204827785491943359 1.3723752498626708984 1.2698448896408081055 1.240887761116027832 1.2261426448822021484 1.1650753021240234375 1.1849410533905029297 1.2643734216690063477 1.220498204231262207 1.3289772272109985352 1.5366026163101196289 1.5886378288269042969
0.4631550908088684082 0.44718736410140991211 0.54221403598785400391 0.56787550449371337891 0.62884378433227539062 0.50722336769104003906 0.42835637927055358887 0.54433339834213256836 0.69623225927352905273 0.96044242382049560547 1.158135533332824707 1.2177222967147827148 1.326056361198425293 1.3492493629455566406 1.4204365015029907227 1.6680727005004882812 1.718730926513671875 1.6273779869079589844 1.5682922601699829102 1.6569956541061401367 1.6399359703063964844 1.7096990346908569336 1.7683113813400268555 1.6448071002960205078 1.6726876497268676758 1.6682640314102172852 1.6138134002685546875 1.5698052644729614258 1.622494816780090332 1.5460109710693359375 1.3806035518646240234 1.3460527658462524414 1.3619240522384643555 1.3387670516967773438 1.4031538963317871094 1.5041148662567138672 1.6031157970428466797 1.5724501609802246094 1.6686236858367919922 1.7751625776290893555
0.67849326133728027344 0.58923447132110595703 0.55201834440231323242 0.62749475240707397461 0.61656212806701660156 0.67006415128707885742 0.57924860715866088867 0.54414021968841552734 0.71830391883850097656 0.96574884653091430664 1.2772948741912841797 1.3404481410980224609 1.4424813985824584961 1.5295363664627075195 1.3936446905136108398 1.4319242238998413086 1.6344225406646728516 1.7807340621948242188 1.7578909397125244141 1.6217466592788696289 1.6291284561157226562 1.7069025039672851562 1.7579605579376220703 1.8082208633422851562 1.6832021474838256836 1.6812846660614013672 1.6512454748153686523 1.6028097867965698242 1.6271098852157592773 1.6217014789581298828 1.4954677820205688477 1.4165365695953369141 1.4504653215408325195 1.3575168848037719727 1.3881076574325561523 1.4294799566268920898 1.7855037450790405273 1.8766304254531860352 1.9199501276016235352 1.9534559249877929688
0.96456360816955566406 0.88780814409255981445 0.77161610126495361328 0.71959984302520751953 0.68402785062789916992 0.64997899532318115234 0.73615467548370361328 0.67453187704086303711 0.60172814130783081055 0.82493078708648681641 1.0621484518051147461 1.3782753944396972656 1.5625300407409667969 1.7223699092864990234 1.7164647579193115234 1.5827375650405883789 1.469818115234375 1.6084337234497070312 1.6448394060134887695 1.5518064498901367188 1.5603528022766113281 1.5688328742980957031 1.6256389617919921875 1.7367442846298217773 1.7808872461318969727 1.8472102880477905273 1.7478872537612915039 1.6280943155288696289 1.6075531244277954102 1.6202071905136108398 1.5945713520050048828 1.6119829416275024414 1.5095782279968261719 1.3835530281066894531 1.2641782760620117188 1.3910845518112182617 1.5916831493377685547 1.8908516168594360352 2.0274617671966552734 2.0555055141448974609
