samples/et/map_et_2017-09-24.asc
ncols        322
nrows        306
xllcorner    -53.726171018035
yllcorner    -28.476684338117
cellsize     0.000269494585
NODATA_value  -1
[rows 198 to 215 of 306, columns 240 to 279 of 322]
4.5781893730163574219 4.7232036590576171875 4.5278110504150390625 4.0769281387329101562 3.6035983562469482422 2.9764959812164306641 2.7590105533599853516 2.7583858966827392578 2.8038311004638671875 2.3631923198699951172 2.8423247337341308594 2.3760321140289306641 1.6856913566589355469 0.94170433282852172852 0.69362777471542358398 0.67565625905990600586 0.60348862409591674805 0.33590075373649597168 0.44151648879051208496 0.53249877691268920898 0.71205019950866699219 0.72744083404541015625 1.1639016866683959961 1.3001257181167602539 1.3903843164443969727 1.4253038167953491211 1.4973675012588500977 1.6408295631408691406 1.4099968671798706055 2.0279538631439208984 2.6035175323486328125 3.0059978961944580078 3.2538306713104248047 3.5125603675842285156 3.7876498699188232422 3.9088399410247802734 3.8526811599731445312 3.9715168476104736328 4.0932822227478027344 4.1611742973327636719
4.07062530517578125 4.358684539794921875 4.5676641464233398438 4.4530305862426757812 3.8878710269927978516 3.3505103588104248047 2.6487638950347900391 2.4047646522521972656 2.6170248985290527344 2.509563446044921875 2.7539639472961425781 2.3490602970123291016 2.0840885639190673828 1.8116765022277832031 1.5498675107955932617 1.4844875335693359375 1.3888431787490844727 1.196085810661315918 1.0301911830902099609 1.0027699470520019531 1.0838274955749511719 1.0917851924896240234 1.3910880088806152344 1.5440995693206787109 1.5418834686279296875 1.4827423095703125 1.3836607933044433594 1.9265297651290893555 2.0325579643249511719 1.9241145849227905273 2.2592933177947998047 2.5256712436676025391 3.0174021720886230469 3.3569467067718505859 3.8738532066345214844 3.8655910491943359375 4.0961108207702636719 4.0168857574462890625 4.1627683639526367188 4.3326807022094726562
3.9216113090515136719 3.9379703998565673828 4.1597943305969238281 4.439697265625 4.1137690544128417969 3.7354693412780761719 3.2055253982543945312 2.8106737136840820312 2.7901074886322021484 3.1680157184600830078 2.8583171367645263672 2.6279113292694091797 2.1282796859741210938 2.1789743900299072266 2.0005815029144287109 1.9543091058731079102 2.0083799362182617188 1.9699178934097290039 1.9151282310485839844 1.7477272748947143555 1.7903367280960083008 1.7920757532119750977 1.8019607067108154297 1.8764259815216064453 1.8692111968994140625 1.7530227899551391602 1.464186549186706543 1.7954108715057373047 2.0165374279022216797 2.1257240772247314453 1.9562326669692993164 2.17487335205078125 2.6281523704528808594 2.9797792434692382812 3.5142149925231933594 3.3961255550384521484 4.1124892234802246094 4.2322826385498046875 4.332469940185546875 4.4018158912658691406
3.8302412033081054688 3.7279067039489746094 3.8313777446746826172 3.9976541996002197266 4.222415924072265625 4.1752614974975585938 3.7662127017974853516 3.0325927734375 3.0043852329254150391 3.3696208000183105469 3.1971523761749267578 2.6022505760192871094 2.1878027915954589844 1.980315089225769043 2.2153956890106201172 2.1713542938232421875 1.9137300252914428711 2.0782151222229003906 2.1151642799377441406 2.0152056217193603516 1.9478830099105834961 1.9373863935470581055 1.9457629919052124023 1.9686391353607177734 1.9804677963256835938 2.0476160049438476562 2.0353763103485107422 2.0567879676818847656 2.1288242340087890625 2.1434483528137207031 2.1843500137329101562 2.2131364345550537109 2.4322991371154785156 2.6258883476257324219 2.8407049179077148438 3.3860044479370117188 3.9336047172546386719 4.1965584754943847656 4.261386871337890625 4.5304245948791503906
3.6456294059753417969 3.6336629390716552734 3.6403009891510009766 3.7060022354125976562 3.9689629077911376953 4.1352772712707519531 4.1133151054382324219 3.4986867904663085938 3.0322992801666259766 3.4665122032165527344 3.3242421150207519531 2.9672708511352539062 2.6796536445617675781 2.3065950870513916016 2.2191722393035888672 2.4798581600189208984 2.2832446098327636719 2.1931421756744384766 2.0845110416412353516 2.3044416904449462891 2.1915433406829833984 2.1554636955261230469 2.0561091899871826172 2.1275417804718017578 2.2979960441589355469 2.1526212692260742188 1.9589128494262695312 2.1206710338592529297 2.4667055606842041016 2.1997444629669189453 2.1947684288024902344 2.3220643997192382812 2.6193120479583740234 2.7370839118957519531 2.4568707942962646484 3.1362335681915283203 3.6512615680694580078 4.0802378654479980469 4.1143631935119628906 4.4045071601867675781
3.6773049831390380859 3.4713191986083984375 3.3823857307434082031 3.3328449726104736328 3.5879943370819091797 3.9986414909362792969 3.9928498268127441406 3.7781386375427246094 3.1749291419982910156 3.2938878536224365234 3.4565880298614501953 2.9634642601013183594 2.7858245372772216797 2.6777904033660888672 2.4373173713684082031 2.6083207130432128906 2.6527807712554931641 2.6744227409362792969 2.4354491233825683594 2.3833062648773193359 2.672290802001953125 2.5032024383544921875 2.3859336376190185547 2.4199380874633789062 2.3493716716766357422 2.3218016624450683594 2.0457019805908203125 2.2456958293914794922 2.353435516357421875 1.9505720138549804688 1.9267784357070922852 2.1966164112091064453 2.4514162540435791016 2.7264678478240966797 2.3496923446655273438 2.9526791572570800781 3.4637963771820068359 3.7786421775817871094 4.18129730224609375 4.415370941162109375
3.6899065971374511719 3.5277206897735595703 3.4945769309997558594 3.4501354694366455078 3.3144965171813964844 3.6429793834686279297 4.0786519050598144531 3.9376034736633300781 3.4030964374542236328 3.2041645050048828125 3.4203295707702636719 3.0413715839385986328 2.5616350173950195312 2.6156768798828125 2.3980236053466796875 2.5660903453826904297 2.6376020908355712891 2.5091807842254638672 2.4697096347808837891 2.3484976291656494141 2.4656450748443603516 2.3227398395538330078 2.4387719631195068359 2.4512777328491210938 2.2688443660736083984 2.1669297218322753906 1.8133599758148193359 1.8409379720687866211 2.4035155773162841797 2.0734837055206298828 1.7053036689758300781 2.1350829601287841797 2.5663087368011474609 2.6177642345428466797 2.2978112697601318359 2.8522231578826904297 3.5739161968231201172 3.5715208053588867188 3.9026224613189697266 4.0628175735473632812
3.3322713375091552734 3.3842890262603759766 3.4048874378204345703 3.3905696868896484375 3.3890163898468017578 3.5461084842681884766 3.7571485042572021484 3.937030792236328125 3.6371347904205322266 3.4065380096435546875 3.1321341991424560547 2.8933389186859130859 2.566455841064453125 2.4138610363006591797 2.3567626476287841797 2.1875751018524169922 2.6407835483551025391 2.6423165798187255859 2.3617126941680908203 2.3738777637481689453 2.5076596736907958984 2.4605481624603271484 2.5969092845916748047 2.7492022514343261719 2.6594843864440917969 2.3909821510314941406 1.8457901477813720703 1.5197886228561401367 1.7865217924118041992 2.1538460254669189453 1.6639863252639770508 1.811122894287109375 2.2360045909881591797 2.1394057273864746094 2.3881752490997314453 2.8387181758880615234 3.3362317085266113281 3.6094713211059570312 3.5681128501892089844 3.7987756729125976562
3.2084352970123291016 2.9838674068450927734 2.9889504909515380859 3.1884343624114990234 3.3731648921966552734 3.7505345344543457031 3.7206676006317138672 3.6641788482666015625 3.6549630165100097656 3.7112307548522949219 3.2638902664184570312 2.731170654296875 2.5813918113708496094 2.3053812980651855469 2.0507063865661621094 2.0059816837310791016 2.2344174385070800781 2.4778659343719482422 2.7283616065979003906 2.6925389766693115234 3.0106990337371826172 3.007961273193359375 3.3752870559692382812 3.6893246173858642578 3.5763988494873046875 3.0294661521911621094 2.2293212413787841797 1.3976143598556518555 1.5849318504333496094 1.9899972677230834961 1.8199697732925415039 1.6491231918334960938 1.9492342472076416016 1.7868311405181884766 1.8027640581130981445 2.4891784191131591797 2.9604794979095458984 3.6764147281646728516 3.6769895553588867188 3.9628093242645263672
3.5347363948822021484 3.2000324726104736328 3.0562145709991455078 3.1167576313018798828 3.2913215160369873047 3.6483016014099121094 3.4879579544067382812 3.2555882930755615234 3.3521678447723388672 3.5603780746459960938 3.1157886981964111328 2.5459339618682861328 2.0745522975921630859 2.1956412792205810547 1.9077925682067871094 1.7638820409774780273 1.8630480766296386719 2.0431842803955078125 2.4532949924468994141 2.91498565673828125 3.0492124557495117188 3.30303192138671875 3.9758000373840332031 4.5544390678405761719 4.6893563270568847656 4.2472443580627441406 3.2900655269622802734 2.2639653682708740234 1.7306996583938598633 1.7280330657958984375 1.9436407089233398438 1.9107701778411865234 1.8162348270416259766 1.6489897966384887695 1.9528814554214477539 2.4708237648010253906 2.9105281829833984375 3.3585286140441894531 3.8325669765472412109 3.9922213554382324219
3.6113238334655761719 3.2822401523590087891 3.1112446784973144531 3.1636104583740234375 3.3847200870513916016 3.7352936267852783203 3.5086534023284912109 3.24489593505859375 3.3504993915557861328 3.4360799789428710938 2.9516062736511230469 2.1688642501831054688 1.7414492368698120117 1.8617844581604003906 1.6754087209701538086 1.6214174032211303711 1.7111543416976928711 1.8564469814300537109 2.3343420028686523438 2.7589106559753417969 2.9135723114013671875 3.2654659748077392578 4.1595864295959472656 4.8267087936401367188 4.9724969863891601562 4.5958943367004394531 3.7851395606994628906 3.0298781394958496094 2.3053286075592041016 2.2311880588531494141 2.3825089931488037109 2.1576175689697265625 2.1484835147857666016 2.0046274662017822266 1.9970084428787231445 2.7551252841949462891 2.9988625049591064453 3.2842817306518554688 3.7052757740020751953 3.8413293361663818359
3.8788206577301025391 3.7992129325866699219 3.5700075626373291016 3.3844730854034423828 3.5149214267730712891 3.6475849151611328125 3.4759953022003173828 3.3009350299835205078 3.1231188774108886719 3.0663309097290039062 2.7302823066711425781 2.2464060783386230469 1.562487483024597168 1.490906834602355957 1.5681191682815551758 1.4122998714447021484 1.4131946563720703125 1.7016971111297607422 1.8157098293304443359 2.2625904083251953125 2.6326177120208740234 2.8784737586975097656 3.3645429611206054688 4.5389857292175292969 4.8128266334533691406 4.9551944732666015625 4.5729985237121582031 3.885326385498046875 3.1229615211486816406 2.3211672306060791016 2.3575875759124755859 2.3433508872985839844 2.5979063510894775391 2.399456024169921875 2.5245060920715332031 2.7905862331390380859 2.9503295421600341797 2.9944789409637451172 3.3918623924255371094 3.5234723091125488281
3.8436763286590576172 3.8227415084838867188 3.9096157550811767578 3.7404949665069580078 3.6916646957397460938 3.6894776821136474609 3.5133798122406005859 3.3449952602386474609 3.2655720710754394531 2.9969553947448730469 2.7643265724182128906 2.3519260883331298828 1.950329899787902832 1.5231307744979858398 1.3799085617065429688 1.3780927658081054688 1.4821509122848510742 1.6379749774932861328 1.8770288228988647461 1.7586736679077148438 2.2608606815338134766 2.4777481555938720703 2.7788076400756835938 3.6481497287750244141 4.2148542404174804688 4.6035208702087402344 4.4389047622680664062 4.2257452011108398438 3.5906937122344970703 2.9439189434051513672 2.4772362709045410156 2.2957577705383300781 2.5217189788818359375 2.6312494277954101562 2.7355179786682128906 2.7990956306457519531 2.8814649581909179688 3.0494227409362792969 3.0415692329406738281 3.3078627586364746094
3.8144426345825195312 3.9051604270935058594 3.9139151573181152344 4.0276093482971191406 3.9875395298004150391 3.8392767906188964844 3.7187492847442626953 3.5850286483764648438 3.3891286849975585938 3.2380514144897460938 3.0497372150421142578 2.6506054401397705078 2.2709734439849853516 1.9212696552276611328 1.7275323867797851562 1.4170469045639038086 1.3016148805618286133 1.5912370681762695312 1.8612582683563232422 1.9009629487991333008 2.0357143878936767578 2.2660803794860839844 2.6343622207641601562 3.0918834209442138672 3.3283257484436035156 3.8697288036346435547 4.2234292030334472656 4.1862230300903320312 4.0327382087707519531 3.5866522789001464844 3.1824278831481933594 2.6426978111267089844 2.6594676971435546875 2.9489634037017822266 2.9873385429382324219 2.8576037883758544922 2.7807607650756835938 3.0629124641418457031 3.0040562152862548828 3.1529295444488525391
3.7988049983978271484 4.0469498634338378906 4.0606718063354492188 4.01839447021484375 4.1218571662902832031 3.9439978599548339844 3.8189253807067871094 3.7647166252136230469 3.4658725261688232422 3.2780749797821044922 3.1340353488922119141 2.9163937568664550781 2.6877169609069824219 2.2777872085571289062 2.1621408462524414062 2.0003488063812255859 1.3713265657424926758 1.357512354850769043 1.3496761322021484375 1.6875545978546142578 1.8249913454055786133 1.9704570770263671875 2.3371124267578125 2.4438369274139404297 2.9510152339935302734 3.3447165489196777344 3.8194265365600585938 4.0259466171264648438 4.0380167961120605469 3.8717682361602783203 3.5373671054840087891 3.1896674633026123047 3.0397174358367919922 2.9520158767700195312 3.0658390522003173828 3.1268894672393798828 2.7837464809417724609 2.7594881057739257812 3.0950605869293212891 3.1758947372436523438
3.9190397262573242188 4.0092463493347167969 4.1709470748901367188 4.1643199920654296875 3.9704346656799316406 3.832126617431640625 3.7864735126495361328 3.6638741493225097656 3.4156291484832763672 3.0598490238189697266 3.3032677173614501953 3.2048556804656982422 3.0187218189239501953 2.3808269500732421875 2.0058038234710693359 2.0889005661010742188 1.6532396078109741211 1.2470029592514038086 1.0523036718368530273 1.1707174777984619141 1.3838082551956176758 1.5550696849822998047 1.7283825874328613281 1.9270190000534057617 2.3579361438751220703 2.7191901206970214844 3.3260898590087890625 3.7856843471527099609 4.0111327171325683594 4.0013127326965332031 3.5857412815093994141 3.3032474517822265625 3.4632496833801269531 3.0529229640960693359 3.0315279960632324219 3.0562005043029785156 2.7869517803192138672 2.4792346954345703125 2.5567426681518554688 3.3120095729827880859
4.1120023727416992188 3.9630932807922363281 4.1842913627624511719 4.3283872604370117188 4.0219788551330566406 3.6543605327606201172 3.7296750545501708984 3.5934236049652099609 3.4418826103210449219 3.0411679744720458984 2.8869433403015136719 2.8786172866821289062 2.7728605270385742188 2.3585839271545410156 1.8667392730712890625 1.9596474170684814453 1.6495947837829589844 1.3218063116073608398 1.1275113821029663086 1.1505235433578491211 1.3793355226516723633 1.3667471408843994141 1.4259974956512451172 1.5134062767028808594 1.9116511344909667969 2.1530792713165283203 2.3621013164520263672 2.9942197799682617188 3.5669462680816650391 3.5699214935302734375 3.3526334762573242188 3.1602141857147216797 3.1106424331665039062 3.1147327423095703125 3.0184755325317382812 2.9448297023773193359 3.0129110813140869141 2.4909539222717285156 2.2936611175537109375 2.8206403255462646484
4.0226259231567382812 3.9300892353057861328 4.1006512641906738281 4.2553186416625976562 4.1375856399536132812 3.637493133544921875 3.6663503646850585938 3.5915241241455078125 3.2344384193420410156 2.9106419086456298828 2.7201702594757080078 2.6346840858459472656 2.6428813934326171875 2.5455274581909179688 2.2618117332458496094 2.1004893779754638672 2.0491042137145996094 1.580176234245300293 1.2691675424575805664 1.2875863313674926758 1.3299432992935180664 1.3230605125427246094 1.4849611520767211914 1.3936029672622680664 1.7202240228652954102 1.7790155410766601562 1.756805419921875 2.0889666080474853516 2.6693274974822998047 3.0472774505615234375 2.8418023586273193359 2.5539174079895019531 2.5824663639068603516 2.7256860733032226562 2.9790866374969482422 2.7369949817657470703 2.8214163780212402344 2.6964123249053955078 2.4147291183471679688 2.3649830818176269531
