samples/et/map_et_2017-07-22.asc
ncols        322
nrows        306
xllcorner    -53.726171018035
yllcorner    -28.476684338117
cellsize     0.000269494585
NODATA_value  -1
[rows 288 to 305 of 306, columns 40 to 79 of 322]
1.0226634740829467773 1.040694117546081543 0.99951374530792236328 1.0182805061340332031 1.0335308313369750977 1.0444082021713256836 0.83335542678833007812 0.76582324504852294922 0.67095172405242919922 0.60944378376007080078 0.85060173273086547852 1.2671211957931518555 1.3963662385940551758 1.6844958066940307617 1.7272441387176513672 1.8015973567962646484 1.6174144744873046875 1.5808924436569213867 1.5840210914611816406 1.489285588264465332 1.46466827392578125 1.4627714157104492188 1.5404703617095947266 1.7046021223068237305 1.8127466440200805664 1.8402787446975708008 1.8981796503067016602 1.8076701164245605469 1.762549281120300293 1.6880675554275512695 1.6996184587478637695 1.6369456052780151367 1.6128152608871459961 1.5951013565063476562 1.4731806516647338867 1.5987643003463745117 1.7174291610717773438 1.8562921285629272461 2.0768151283264160156 2.1063582897186279297
0.96682506799697875977 1.1717034578323364258 1.2015886306762695312 1.2801700830459594727 1.3654854297637939453 1.3073369264602661133 1.1334681510925292969 0.85860550403594970703 0.83969420194625854492 0.63909548521041870117 0.70837920904159545898 0.94121342897415161133 1.250187993049621582 1.4808804988861083984 1.6873611211776733398 1.7949554920196533203 1.8770726919174194336 1.7622154951095581055 1.7618443965911865234 1.6038821935653686523 1.5719116926193237305 1.5108875036239624023 1.5438547134399414062 1.5911176204681396484 1.7860223054885864258 1.7568747997283935547 1.7419911623001098633 1.804103851318359375 1.8563363552093505859 1.8136944770812988281 1.7747721672058105469 1.7146691083908081055 1.7301411628723144531 1.7671083211898803711 1.8512527942657470703 1.9090130329132080078 2.0605628490447998047 2.0004971027374267578 2.0203011035919189453 2.0798335075378417969
1.2081695795059204102 1.3459322452545166016 1.3645905256271362305 1.3187690973281860352 1.4062272310256958008 1.4631927013397216797 1.2700479030609130859 1.1088556051254272461 1.0157017707824707031 0.98935461044311523438 0.89918237924575805664 0.87923061847686767578 1.174834132194519043 1.3736119270324707031 1.6917716264724731445 1.8393995761871337891 1.9228153228759765625 1.9168421030044555664 1.8382446765899658203 1.8019604682922363281 1.778759002685546875 1.6210521459579467773 1.6323151588439941406 1.6153397560119628906 1.7883650064468383789 1.8993011713027954102 1.7740952968597412109 1.7643493413925170898 1.7363795042037963867 1.8162876367568969727 1.8669219017028808594 1.9362118244171142578 2.0390825271606445312 2.0319201946258544922 2.0249016284942626953 2.0775921344757080078 2.0709476470947265625 2.0260655879974365234 1.8395206928253173828 1.7606011629104614258
1.5999934673309326172 1.6237597465515136719 1.6309015750885009766 1.5067491531372070312 1.4250637292861938477 1.5762473344802856445 1.4494519233703613281 1.2405837774276733398 1.1934056282043457031 1.1292736530303955078 1.1142882108688354492 1.0411549806594848633 1.131388545036315918 1.2835236787796020508 1.7486389875411987305 1.8858338594436645508 1.9286223649978637695 1.9018253087997436523 1.8596376180648803711 1.8002331256866455078 1.7590276002883911133 1.6990256309509277344 1.6398160457611083984 1.7571982145309448242 1.87578582763671875 1.9703174829483032227 2.0261538028717041016 1.885975956916809082 1.8007693290710449219 1.7719626426696777344 1.8327218294143676758 1.9887624979019165039 2.1815116405487060547 2.2766942977905273438 2.2557110786437988281 2.1376245021820068359 1.9689882993698120117 1.8493838310241699219 1.8029921054840087891 1.6110491752624511719
1.7766686677932739258 1.8294709920883178711 1.8117396831512451172 1.7898840904235839844 1.6496063470840454102 1.6016503572463989258 1.6223912239074707031 1.3498122692108154297 1.1916185617446899414 1.2223266363143920898 1.2237799167633056641 1.2323656082153320312 1.2113275527954101562 1.2129056453704833984 1.5671639442443847656 1.8140964508056640625 1.8738931417465209961 1.8695443868637084961 1.9073125123977661133 1.7701643705368041992 1.7143359184265136719 1.5792918205261230469 1.4938757419586181641 1.643768310546875 1.8822274208068847656 2.0240478515625 2.1110341548919677734 2.0016818046569824219 1.9263957738876342773 1.9690223932266235352 1.908355712890625 2.0425791740417480469 2.1357619762420654297 2.267101287841796875 2.361515045166015625 2.2182354927062988281 2.0932843685150146484 1.912845611572265625 1.850963592529296875 1.7198528051376342773
1.7576073408126831055 1.8542946577072143555 1.8547310829162597656 1.7931905984878540039 1.7303656339645385742 1.6976161003112792969 1.603972315788269043 1.5133759975433349609 1.2403904199600219727 1.3251143693923950195 1.3141562938690185547 1.3148802518844604492 1.3312661647796630859 1.2513178586959838867 1.4649313688278198242 1.6902635097503662109 1.7393385171890258789 1.7548336982727050781 1.8215259313583374023 1.8527475595474243164 1.7651395797729492188 1.5286688804626464844 1.3127753734588623047 1.3272720575332641602 1.5654516220092773438 1.8756277561187744141 1.9963124990463256836 2.0108561515808105469 2.0817887783050537109 2.0126526355743408203 2.0543749332427978516 2.0246381759643554688 2.0109927654266357422 2.1228296756744384766 2.2190086841583251953 2.1936547756195068359 2.0402681827545166016 1.9366098642349243164 1.8775694370269775391 1.7839233875274658203
1.9268878698348999023 1.9226664304733276367 1.9156310558319091797 1.8938275575637817383 1.8830906152725219727 1.76735687255859375 1.5501720905303955078 1.4852213859558105469 1.3323892354965209961 1.2943123579025268555 1.2375233173370361328 1.2073845863342285156 1.3251271247863769531 1.3390889167785644531 1.4066425561904907227 1.5639116764068603516 1.6877027750015258789 1.8095339536666870117 1.8568645715713500977 1.9312107563018798828 1.8984705209732055664 1.7268469333648681641 1.466460108757019043 1.327792048454284668 1.4417270421981811523 1.6142486333847045898 1.8242304325103759766 2.0683262348175048828 2.1317131519317626953 2.1369769573211669922 2.0983922481536865234 1.9712706804275512695 1.9185410737991333008 1.9960741996765136719 2.0864646434783935547 2.1406662464141845703 2.0612463951110839844 1.8276447057723999023 1.8266206979751586914 1.8569533824920654297
1.9748796224594116211 2.0383169651031494141 2.0348031520843505859 2.0053434371948242188 2.0203735828399658203 1.8897129297256469727 1.6888097524642944336 1.5541728734970092773 1.4187391996383666992 1.2799762487411499023 1.1113903522491455078 1.2001177072525024414 1.3092514276504516602 1.5633873939514160156 1.6598190069198608398 1.6268398761749267578 1.6973702907562255859 1.8248401880264282227 1.9468721151351928711 2.0184774398803710938 2.0061044692993164062 1.9501985311508178711 1.6763004064559936523 1.5705358982086181641 1.6027621030807495117 1.7829020023345947266 1.9447587728500366211 2.2443840503692626953 2.2890861034393310547 2.2270948886871337891 1.9982436895370483398 1.7689396142959594727 1.4884549379348754883 1.5491808652877807617 1.8422311544418334961 2.03902435302734375 2.1550259590148925781 1.9797593355178833008 1.897851109504699707 1.9686381816864013672
2.0057191848754882812 2.0512042045593261719 1.9777503013610839844 1.884545445442199707 1.9386763572692871094 1.9019362926483154297 1.8365337848663330078 1.7154387235641479492 1.5493061542510986328 1.2941796779632568359 0.96359431743621826172 1.0306031703948974609 1.2083516120910644531 1.5250471830368041992 1.9266040325164794922 1.8487375974655151367 1.7202298641204833984 1.7514963150024414062 1.7126758098602294922 1.9069565534591674805 1.9055697917938232422 1.956608891487121582 1.8005303144454956055 1.7318252325057983398 1.7688692808151245117 1.9859403371810913086 2.0701651573181152344 2.1549243927001953125 2.2754154205322265625 2.1556725502014160156 1.8463392257690429688 1.6146631240844726562 1.3577271699905395508 1.1511222124099731445 1.3906923532485961914 1.7247201204299926758 1.9735388755798339844 2.1175627708435058594 2.0696647167205810547 2.137714385986328125
1.868075251579284668 1.9283249378204345703 1.9522426128387451172 1.8316603899002075195 1.8880755901336669922 1.8015156984329223633 1.7923218011856079102 1.7181642055511474609 1.5152362585067749023 1.2401366233825683594 0.93501478433609008789 0.82500678300857543945 0.9867814183235168457 1.2720596790313720703 1.7626476287841796875 1.9687523841857910156 1.8595478534698486328 1.6752057075500488281 1.5931907892227172852 1.5727474689483642578 1.5897585153579711914 1.8168817758560180664 1.9330796003341674805 1.8059302568435668945 1.897076725959777832 2.0424861907958984375 2.0653109550476074219 2.0021696090698242188 1.8925479650497436523 1.8258141279220581055 1.7720428705215454102 1.6730268001556396484 1.5331326723098754883 1.3341737985610961914 1.2388060092926025391 1.4248342514038085938 1.6716233491897583008 2.0682981014251708984 2.0682418346405029297 2.1700863838195800781
1.7861815690994262695 1.7821942567825317383 1.8813909292221069336 1.8849121332168579102 1.864979863166809082 1.8407889604568481445 1.6431071758270263672 1.4933298826217651367 1.3683491945266723633 1.1968867778778076172 1.1044037342071533203 0.91894650459289550781 0.92454928159713745117 1.1016901731491088867 1.4024684429168701172 1.8383085727691650391 1.9217683076858520508 1.8578449487686157227 1.834939122200012207 1.9058066606521606445 1.9091805219650268555 1.9856058359146118164 2.0761437416076660156 2.0775039196014404297 2.0800230503082275391 2.2165319919586181641 2.2667913436889648438 2.1237535476684570312 2.0184912681579589844 1.8496054410934448242 1.7410036325454711914 1.7307727336883544922 1.8250393867492675781 1.6644371747970581055 1.521929621696472168 1.505283355712890625 1.5823856592178344727 1.8418236970901489258 1.9506189823150634766 2.0086562633514404297
1.7904415130615234375 1.7038547992706298828 1.6782197952270507812 1.8221441507339477539 1.7236908674240112305 1.7760117053985595703 1.6159738302230834961 1.437511444091796875 1.2618807554244995117 1.1101353168487548828 1.0951764583587646484 0.89884775876998901367 0.86946773529052734375 0.92790758609771728516 1.1117732524871826172 1.6806125640869140625 1.9082114696502685547 1.8486957550048828125 1.8488732576370239258 2.149505615234375 2.1687762737274169922 2.2747342586517333984 2.2377529144287109375 2.3276362419128417969 2.2909901142120361328 2.3045151233673095703 2.2771210670471191406 2.3668365478515625 2.3484146595001220703 2.2381682395935058594 1.8818194866180419922 1.739194035530090332 1.8592514991760253906 1.8567769527435302734 1.7965734004974365234 1.7302695512771606445 1.6921861171722412109 1.681817173957824707 1.90511322021484375 1.94060516357421875
1.7252242565155029297 1.715809941291809082 1.6163665056228637695 1.6207176446914672852 1.5737862586975097656 1.5621678829193115234 1.5431494712829589844 1.4667645692825317383 1.2534853219985961914 1.1146793365478515625 1.0243144035339355469 1.0025900602340698242 0.92984551191329956055 0.87931072711944580078 0.93346667289733886719 1.4386816024780273438 1.7657630443572998047 1.7298791408538818359 1.6783646345138549805 1.7858008146286010742 1.9073948860168457031 2.2359392642974853516 2.3243587017059326172 2.3143179416656494141 2.4357237815856933594 2.3982677459716796875 2.3898496627807617188 2.3590683937072753906 2.4174220561981201172 2.2227561473846435547 1.9951369762420654297 1.6750146150588989258 1.725625157356262207 1.7486548423767089844 1.8103104829788208008 1.7131406068801879883 1.6849081516265869141 1.6570308208465576172 1.7420303821563720703 1.9227603673934936523
1.7051922082901000977 1.7438398599624633789 1.7282158136367797852 1.6909898519515991211 1.6653264760971069336 1.5151277780532836914 1.5504032373428344727 1.4761795997619628906 1.3264201879501342773 1.1905161142349243164 1.0398215055465698242 1.0629906654357910156 1.0362051725387573242 1.0611779689788818359 0.86278122663497924805 1.109854578971862793 1.6114426851272583008 1.7347029447555541992 1.6211401224136352539 1.5153489112854003906 1.5702534914016723633 1.9120659828186035156 2.1798410415649414062 2.2464761734008789062 2.4153330326080322266 2.5861456394195556641 2.6128666400909423828 2.5385496616363525391 2.5199751853942871094 2.2826936244964599609 2.0060532093048095703 1.7258064746856689453 1.5263960361480712891 1.5521454811096191406 1.6731953620910644531 1.7615380287170410156 1.6642689704895019531 1.5574461221694946289 1.6152367591857910156 1.7736001014709472656
1.7143762111663818359 1.7637665271759033203 1.7784564495086669922 1.7510035037994384766 1.8149322271347045898 1.7356748580932617188 1.6215513944625854492 1.5201336145401000977 1.2931276559829711914 1.0465179681777954102 1.0030362606048583984 1.0346899032592773438 0.99629241228103637695 0.96415567398071289062 1.0457961559295654297 0.97312647104263305664 1.3839896917343139648 1.6525783538818359375 1.5793727636337280273 1.4100569486618041992 1.4257003068923950195 1.5807108879089355469 1.8860641717910766602 2.0360195636749267578 2.1784613132476806641 2.4128024578094482422 2.72940826416015625 2.8750739097595214844 2.7106809616088867188 2.552265167236328125 2.2076764106750488281 1.8910096883773803711 1.5998921394348144531 1.4893151521682739258 1.5669373273849487305 1.7423971891403198242 1.7962954044342041016 1.6383721828460693359 1.6041650772094726562 1.7745949029922485352
1.7698812484741210938 1.7184481620788574219 1.7640612125396728516 1.7434350252151489258 1.710030674934387207 1.7766201496124267578 1.657460331916809082 1.5245330333709716797 1.3696463108062744141 1.003817439079284668 0.92397874593734741211 0.90199965238571166992 0.85061639547348022461 0.77724832296371459961 0.94094055891036987305 1.0587694644927978516 1.2074172496795654297 1.4218707084655761719 1.3994795083999633789 1.4026601314544677734 1.4329319000244140625 1.4550317525863647461 1.5199087858200073242 1.6951814889907836914 1.982373356819152832 2.0659422874450683594 2.4514951705932617188 2.7933554649353027344 2.7878677845001220703 2.497905731201171875 2.3036675453186035156 2.0698771476745605469 1.8687505722045898438 1.7476276159286499023 1.5983703136444091797 1.6958519220352172852 1.8340892791748046875 1.9243373870849609375 1.8140993118286132812 1.9151238203048706055
2.0255689620971679688 1.8286632299423217773 1.81516265869140625 1.8423024415969848633 1.7380702495574951172 1.6335500478744506836 1.5559128522872924805 1.5233559608459472656 1.4487771987915039062 1.2650128602981567383 1.13201904296875 1.0127657651901245117 0.86075651645660400391 0.73907583951950073242 0.83806747198104858398 0.90317904949188232422 1.0552942752838134766 1.2865563631057739258 1.3858635425567626953 1.3825707435607910156 1.3813570737838745117 1.4851933717727661133 1.6440757513046264648 1.8348290920257568359 2.0165860652923583984 2.0544197559356689453 2.1260588169097900391 2.4323706626892089844 2.7016527652740478516 2.5871324539184570312 2.4084415435791015625 2.1812582015991210938 2.1892294883728027344 2.1191766262054443359 1.9995180368423461914 1.8958753347396850586 2.0020322799682617188 2.08074188232421875 1.9970372915267944336 2.0337567329406738281
nan nan nan nan nan nan nan nan nan nan nan nan nan nan nan nan nan nan nan nan nan nan nan nan nan nan nan nan nan nan nan nan nan nan nan nan nan nan nan nan
