samples/et/map_et_2017-08-23.asc
ncols        322
nrows        306
xllcorner    -53.726171018035
yllcorner    -28.476684338117
cellsize     0.000269494585
NODATA_value  -1
[rows 288 to 305 of 306, columns 80 to 119 of 322]
3.5251302719116210938 3.233577728271484375 3.3308119773864746094 3.4957768917083740234 3.50905609130859375 3.3285620212554931641 2.9701986312866210938 2.9574668407440185547 2.7841527462005615234 2.8081614971160888672 2.6935749053955078125 2.7624421119689941406 2.6734647750854492188 2.4965612888336181641 2.5108714103698730469 2.0832676887512207031 1.8977648019790649414 1.758988499641418457 1.5872291326522827148 1.684101104736328125 1.8581607341766357422 2.0736062526702880859 2.1086590290069580078 1.9935773611068725586 1.7915947437286376953 1.4963889122009277344 1.6336815357208251953 1.7648049592971801758 1.7977678775787353516 1.8748455047607421875 1.8326772451400756836 2.2442038059234619141 2.5006885528564453125 2.6587319374084472656 2.5219211578369140625 2.4282412528991699219 2.3890655040740966797 2.30860137939453125 2.5452120304107666016 2.6850364208221435547
3.4322671890258789062 3.2483892440795898438 3.2517192363739013672 3.4739449024200439453 3.6121621131896972656 3.5494551658630371094 3.0818512439727783203 2.9740233421325683594 2.9050912857055664062 2.8664445877075195312 2.7591614723205566406 2.7464900016784667969 2.7982745170593261719 2.6393420696258544922 2.5903787612915039062 2.5675983428955078125 2.1580362319946289062 1.9694516658782958984 1.6750705242156982422 1.6030527353286743164 1.7126408815383911133 2.0199735164642333984 2.1081368923187255859 2.0803050994873046875 1.9716287851333618164 1.7806555032730102539 1.4586929082870483398 1.4008147716522216797 1.4064433574676513672 1.4629341363906860352 1.5562230348587036133 1.8960435390472412109 2.1066992282867431641 2.6074151992797851562 2.6440610885620117188 2.7071099281311035156 2.6439976692199707031 2.5932230949401855469 2.5977661609649658203 2.6040806770324707031
3.0457808971405029297 3.0643870830535888672 3.0560941696166992188 3.2083220481872558594 3.5593242645263671875 3.565395355224609375 3.2597608566284179688 3.0046191215515136719 2.8405408859252929688 2.8641245365142822266 2.7044751644134521484 2.7028975486755371094 2.7851493358612060547 2.6545968055725097656 2.5743865966796875 2.6121113300323486328 2.2949419021606445312 2.1199259757995605469 1.9326474666595458984 1.6812080144882202148 1.7845987081527709961 1.9214146137237548828 2.0176534652709960938 2.0145196914672851562 1.9848370552062988281 1.8939936161041259766 1.6041865348815917969 1.3107689619064331055 1.0890702009201049805 1.2286053895950317383 1.4465163946151733398 1.9328391551971435547 2.0682830810546875 2.4402768611907958984 2.4777796268463134766 2.7800195217132568359 2.9550037384033203125 2.9545805454254150391 2.8214042186737060547 2.8930764198303222656
2.6154608726501464844 2.7338361740112304688 2.8550841808319091797 2.9958357810974121094 3.1644792556762695312 3.2921388149261474609 3.2111060619354248047 3.0291547775268554688 2.9076752662658691406 2.9059488773345947266 2.706790924072265625 2.5577874183654785156 2.5289771556854248047 2.4064455032348632812 2.3681972026824951172 2.5720419883728027344 2.5976381301879882812 2.2438244819641113281 2.0715003013610839844 1.7791715860366821289 1.6767745018005371094 1.8123279809951782227 1.9314402341842651367 2.0199148654937744141 2.0984356403350830078 2.0366840362548828125 1.8509907722473144531 1.6126295328140258789 1.515229344367980957 1.2423861026763916016 1.4762023687362670898 1.9357502460479736328 2.0999400615692138672 2.0800263881683349609 2.3052279949188232422 2.5970399379730224609 3.1104257106781005859 3.2834796905517578125 3.1011903285980224609 2.7876970767974853516
2.6473402976989746094 2.5382716655731201172 2.7283704280853271484 2.8763272762298583984 2.9218461513519287109 3.0026876926422119141 3.0989699363708496094 3.1566700935363769531 3.1680822372436523438 3.0671815872192382812 2.9962794780731201172 2.7093346118927001953 2.6322219371795654297 2.5321114063262939453 2.3613424301147460938 2.4545152187347412109 2.6063375473022460938 2.4494805335998535156 2.1600430011749267578 2.0011975765228271484 1.7036815881729125977 1.760647892951965332 1.9268770217895507812 2.0417647361755371094 2.1505520343780517578 2.3006508350372314453 2.2352416515350341797 1.936356663703918457 1.7490131855010986328 1.6772217750549316406 1.5597559213638305664 1.6488577127456665039 1.9313261508941650391 2.018733978271484375 2.0329864025115966797 2.4994881153106689453 2.9923348426818847656 3.2037165164947509766 3.17917633056640625 3.0018734931945800781
2.7050585746765136719 2.4727008342742919922 2.7062077522277832031 2.9502358436584472656 3.0470685958862304688 2.9575536251068115234 2.8832833766937255859 3.0544850826263427734 3.0510759353637695312 3.0306713581085205078 3.0276000499725341797 3.0141899585723876953 2.9481847286224365234 2.9010596275329589844 2.8165247440338134766 2.6721086502075195312 2.6549932956695556641 2.5495915412902832031 2.2490136623382568359 2.1008276939392089844 2.0442984104156494141 1.9225268363952636719 1.88849639892578125 1.9874088764190673828 1.9424282312393188477 2.1255779266357421875 2.2265219688415527344 2.2692170143127441406 2.0132422447204589844 2.0259966850280761719 1.9863600730895996094 1.9832105636596679688 2.2781279087066650391 2.2771604061126708984 2.1065230369567871094 2.2653670310974121094 2.7651312351226806641 3.1581995487213134766 3.3145341873168945312 3.2629137039184570312
2.8569490909576416016 2.6058840751647949219 2.7292389869689941406 3.0119776725769042969 3.1452872753143310547 3.0023980140686035156 2.8816421031951904297 2.9465699195861816406 2.9142327308654785156 2.7733659744262695312 2.6911337375640869141 2.7120630741119384766 2.9596049785614013672 2.8925142288208007812 2.9384396076202392578 2.7887506484985351562 2.6424105167388916016 2.5901114940643310547 2.3052930831909179688 2.1658415794372558594 2.2258751392364501953 2.0887386798858642578 1.8798329830169677734 1.9767135381698608398 1.8592250347137451172 1.7667521238327026367 1.8465585708618164062 2.0963687896728515625 2.1637432575225830078 2.1811087131500244141 2.3398058414459228516 2.3484854698181152344 2.5917146205902099609 2.73528289794921875 2.4426023960113525391 2.2384774684906005859 2.5293269157409667969 3.0246801376342773438 3.3103268146514892578 3.5476367473602294922
3.193698883056640625 2.9183197021484375 2.9335329532623291016 3.1827914714813232422 3.2467448711395263672 3.1117980480194091797 2.9357225894927978516 3.0725042819976806641 3.1676487922668457031 2.9963159561157226562 2.62842559814453125 2.5173413753509521484 2.3274722099304199219 2.2609956264495849609 2.5957505702972412109 2.587100982666015625 2.5737805366516113281 2.6184115409851074219 2.4759187698364257812 2.0341114997863769531 2.2140967845916748047 2.1364674568176269531 1.9695873260498046875 1.9330028295516967773 2.0786333084106445312 1.9377000331878662109 1.8083270788192749023 1.6870977878570556641 2.0029604434967041016 2.2224977016448974609 2.4167025089263916016 2.5136113166809082031 2.7470898628234863281 3.0090048313140869141 3.0756855010986328125 2.9762160778045654297 2.8231596946716308594 2.9733893871307373047 3.4587790966033935547 3.6431248188018798828
3.5527074337005615234 3.4997687339782714844 3.2275359630584716797 3.318531036376953125 3.2327554225921630859 3.3322079181671142578 3.0246610641479492188 3.1509535312652587891 3.4041876792907714844 3.2051906585693359375 2.888507843017578125 2.6013615131378173828 2.3400788307189941406 2.3273477554321289062 2.2335724830627441406 2.3092892169952392578 2.3550360202789306641 2.4123282432556152344 2.4367759227752685547 2.0613706111907958984 2.0994770526885986328 1.9174449443817138672 1.845427393913269043 1.7856665849685668945 1.8701527118682861328 1.8255161046981811523 1.7670304775238037109 1.7387458086013793945 1.9457867145538330078 2.1411285400390625 2.1867976188659667969 2.3828496932983398438 2.4491000175476074219 2.6619207859039306641 2.8335869312286376953 3.1931884288787841797 3.2708199024200439453 3.0374925136566162109 3.2448835372924804688 3.6730470657348632812
3.6350686550140380859 3.5532963275909423828 3.4166047573089599609 3.385784149169921875 3.2528512477874755859 3.0132071971893310547 2.8923790454864501953 2.8197338581085205078 3.058322906494140625 2.9724812507629394531 2.7998156547546386719 2.5674357414245605469 2.6021604537963867188 2.5393822193145751953 2.3283219337463378906 2.0893759727478027344 2.1969673633575439453 2.3117949962615966797 2.2667894363403320312 2.2767198085784912109 2.2196590900421142578 1.9815655946731567383 1.7201755046844482422 1.6389927864074707031 1.5900888442993164062 1.6040989160537719727 1.4771028757095336914 1.6043453216552734375 1.8095306158065795898 2.0610489845275878906 2.1076858043670654297 2.2511236667633056641 2.1953895092010498047 2.0375068187713623047 2.255916595458984375 2.5652453899383544922 2.8479397296905517578 2.8667590618133544922 2.9096803665161132812 3.1123890876770019531
3.5817415714263916016 3.4288876056671142578 3.235157012939453125 3.2457864284515380859 3.1232221126556396484 2.8867678642272949219 2.7010178565979003906 2.6614730358123779297 2.7722592353820800781 2.8733222484588623047 2.7453644275665283203 2.590557098388671875 2.5961563587188720703 2.5947525501251220703 2.6510679721832275391 2.4599051475524902344 2.3178453445434570312 2.3249459266662597656 2.271823883056640625 2.3046431541442871094 2.3007373809814453125 2.204074859619140625 1.7673524618148803711 1.4099078178405761719 1.6598328351974487305 1.589770197868347168 1.5931606292724609375 1.3550049066543579102 1.5931866168975830078 2.1313891410827636719 2.1547152996063232422 2.4659314155578613281 2.4719073772430419922 2.2744188308715820312 2.0857436656951904297 2.0665063858032226562 2.2305960655212402344 2.4444220066070556641 2.6565332412719726562 2.7853391170501708984
3.2622804641723632812 3.4486062526702880859 3.3413958549499511719 3.2270538806915283203 2.9060649871826171875 2.7525877952575683594 2.7357938289642333984 2.7890658378601074219 2.6767246723175048828 2.7359721660614013672 2.8760988712310791016 2.8339889049530029297 2.6735119819641113281 2.6682901382446289062 2.7589442729949951172 2.7046761512756347656 2.6592860221862792969 2.3437862396240234375 2.4324412345886230469 2.3823909759521484375 2.2973375320434570312 2.3901093006134033203 2.1744985580444335938 1.8103640079498291016 1.6051120758056640625 1.785411834716796875 1.6185228824615478516 1.6690639257431030273 1.7877609729766845703 2.2581493854522705078 2.3148808479309082031 2.5854589939117431641 2.6430280208587646484 2.5762789249420166016 2.5984368324279785156 2.4639589786529541016 2.3844132423400878906 2.544036865234375 2.6355555057525634766 2.7673594951629638672
3.2586605548858642578 3.5218369960784912109 3.59832000732421875 3.4818980693817138672 3.1166517734527587891 2.4669778347015380859 2.5928981304168701172 2.8273251056671142578 2.8500986099243164062 2.6329545974731445312 2.6636714935302734375 2.7501192092895507812 2.7400939464569091797 2.7395398616790771484 2.621608734130859375 2.6294910907745361328 2.7059006690979003906 2.5371503829956054688 2.4091849327087402344 2.5510928630828857422 2.6442561149597167969 2.7353982925415039062 2.5678241252899169922 2.3000431060791015625 2.1082983016967773438 2.1593782901763916016 1.8872014284133911133 1.7938257455825805664 1.9345457553863525391 2.0621972084045410156 2.3499507904052734375 2.5657644271850585938 2.4765226840972900391 2.6204733848571777344 2.7434027194976806641 2.8311426639556884766 2.6331219673156738281 2.7254393100738525391 2.7776863574981689453 2.753543853759765625
3.0976788997650146484 3.6167914867401123047 3.9674470424652099609 3.6627705097198486328 3.3592085838317871094 2.587070465087890625 2.4231474399566650391 2.7245321273803710938 2.8867566585540771484 2.866485595703125 2.7072694301605224609 2.6358308792114257812 2.5790081024169921875 2.5912654399871826172 2.5417959690093994141 2.5953042507171630859 2.6419799327850341797 2.8787145614624023438 2.9041876792907714844 2.7590417861938476562 2.7727894783020019531 2.9499099254608154297 2.9456148147583007812 2.6869852542877197266 2.5225720405578613281 2.3582262992858886719 2.2251124382019042969 1.9053692817687988281 2.0232043266296386719 1.9538533687591552734 2.2008280754089355469 2.5199520587921142578 2.3893415927886962891 2.5045816898345947266 2.5659708976745605469 2.8156237602233886719 2.8778522014617919922 2.7161240577697753906 2.7535517215728759766 2.7381601333618164062
2.9711015224456787109 3.1987652778625488281 3.8152611255645751953 3.8859009742736816406 3.6255631446838378906 3.0388114452362060547 2.6273069381713867188 2.7787692546844482422 2.9022092819213867188 3.0152788162231445312 2.9236514568328857422 2.8486423492431640625 2.7763788700103759766 2.7443249225616455078 2.7312712669372558594 2.6460309028625488281 2.7310924530029296875 2.7226819992065429688 3.0199987888336181641 2.9372971057891845703 2.8443691730499267578 2.9122126102447509766 2.9146969318389892578 2.7772555351257324219 2.7560360431671142578 2.4199781417846679688 2.3667254447937011719 2.0961115360260009766 2.1098535060882568359 2.3383929729461669922 2.3470737934112548828 2.7193379402160644531 2.8450398445129394531 2.5459446907043457031 2.6249573230743408203 2.6788260936737060547 2.8856043815612792969 2.7749218940734863281 2.7358465194702148438 2.6965718269348144531
2.9844522476196289062 3.0928652286529541016 3.3680820465087890625 3.8537471294403076172 3.6902112960815429688 3.3237183094024658203 2.9225554466247558594 2.9243733882904052734 2.9587533473968505859 3.1304371356964111328 3.2121160030364990234 2.9851431846618652344 2.9166409969329833984 2.8692617416381835938 2.8223655223846435547 2.76349639892578125 2.6038086414337158203 2.5782048702239990234 2.7825536727905273438 2.8862812519073486328 2.7913119792938232422 2.5982036590576171875 2.7871029376983642578 2.7873129844665527344 2.6908431053161621094 2.6026208400726318359 2.436370849609375 2.3428728580474853516 2.2097675800323486328 2.3800833225250244141 2.4713349342346191406 2.7437608242034912109 2.9074852466583251953 2.8977229595184326172 2.8984761238098144531 2.6194298267364501953 2.6686332225799560547 2.7079203128814697266 2.7778115272521972656 2.7017006874084472656
3.1322543621063232422 3.2756927013397216797 3.4050984382629394531 3.5875022411346435547 3.6939909458160400391 3.3194127082824707031 3.0380175113677978516 2.7452924251556396484 2.8687913417816162109 3.0071210861206054688 3.2319743633270263672 3.0073728561401367188 2.7250854969024658203 2.7153425216674804688 2.5661180019378662109 2.6234567165374755859 2.6781706809997558594 2.8274784088134765625 2.9037883281707763672 2.9051768779754638672 3.0720980167388916016 2.8675854206085205078 2.8448536396026611328 2.8367941379547119141 2.7495448589324951172 2.6733477115631103516 2.4904541969299316406 2.4630880355834960938 2.2907223701477050781 2.2093250751495361328 2.3211159706115722656 2.4179351329803466797 2.61397552490234375 2.7720301151275634766 2.9296882152557373047 2.79038238525390625 2.6834189891815185547 2.7869217395782470703 2.7030708789825439453 2.8209640979766845703
nan nan nan nan nan nan nan nan nan nan nan nan nan nan nan nan nan nan nan nan nan nan nan nan nan nan nan nan nan nan nan nan nan nan nan nan nan nan nan nan
