samples/et/map_et_2017-11-11.asc
ncols        322
nrows        306
xllcorner    -53.726171018035
yllcorner    -28.476684338117
cellsize     0.000269494585
NODATA_value  -1
[rows 288 to 305 of 306, columns 80 to 119 of 322]
6.9120311737060546875 6.738037109375 6.8782925605773925781 6.8822183609008789062 6.8617720603942871094 6.4149298667907714844 5.899372100830078125 5.8471293449401855469 5.3223843574523925781 5.3561787605285644531 5.2193498611450195312 5.1883754730224609375 5.3127613067626953125 5.1229181289672851562 4.9965071678161621094 4.7212147712707519531 4.6206455230712890625 4.6107764244079589844 4.5308284759521484375 4.4582209587097167969 4.5778017044067382812 4.8825030326843261719 4.7300238609313964844 4.4780182838439941406 4.3279824256896972656 4.1582784652709960938 4.1858448982238769531 4.1377873420715332031 4.0881643295288085938 4.2578649520874023438 4.4668445587158203125 4.5740537643432617188 4.804073333740234375 4.9548964500427246094 5.1153998374938964844 5.2209267616271972656 5.0823445320129394531 5.0403676033020019531 5.1757864952087402344 5.3389525413513183594
6.9943480491638183594 6.8173632621765136719 6.9262704849243164062 6.9904937744140625 7.0365018844604492188 6.8006105422973632812 6.1530675888061523438 6.0429053306579589844 5.8358712196350097656 5.7191982269287109375 5.5284924507141113281 5.375335693359375 5.4460573196411132812 5.1857166290283203125 4.9799556732177734375 5.0841546058654785156 4.8562016487121582031 4.7441244125366210938 4.4331603050231933594 4.2556815147399902344 4.3465619087219238281 4.5668721199035644531 4.4374246597290039062 4.3597278594970703125 4.328365325927734375 4.1355662345886230469 3.9463405609130859375 3.9724326133728027344 4.0125184059143066406 4.1923155784606933594 4.4121122360229492188 4.5823793411254882812 4.7305588722229003906 4.9793648719787597656 5.1256613731384277344 5.2604236602783203125 5.3005361557006835938 5.2674837112426757812 5.2140231132507324219 5.1610989570617675781
6.9193830490112304688 6.8871393203735351562 6.8393359184265136719 6.8469681739807128906 7.0527195930480957031 6.8497805595397949219 6.4617962837219238281 6.4014682769775390625 6.2075719833374023438 6.00208282470703125 5.8678731918334960938 5.5152115821838378906 5.5767660140991210938 5.3311123847961425781 5.1367812156677246094 5.2184152603149414062 4.9853620529174804688 4.7223424911499023438 4.3556375503540039062 4.1644411087036132812 4.2440776824951171875 4.2370195388793945312 4.2540926933288574219 4.2447862625122070312 4.1760206222534179688 4.0274443626403808594 3.9783895015716552734 3.9214558601379394531 3.7944059371948242188 4.0499858856201171875 4.4802961349487304688 4.7829542160034179688 4.898799896240234375 5.20285797119140625 5.2590708732604980469 5.3077611923217773438 5.4089107513427734375 5.2571268081665039062 5.1565866470336914062 5.3374819755554199219
6.8262472152709960938 6.703174591064453125 6.7400050163269042969 6.7435789108276367188 6.8782162666320800781 6.8964023590087890625 6.7018561363220214844 6.6877522468566894531 6.5221881866455078125 6.3411011695861816406 5.9903025627136230469 5.617496490478515625 5.6057233810424804688 5.3443174362182617188 5.1263966560363769531 5.2352633476257324219 5.156536102294921875 4.7756905555725097656 4.4733562469482421875 4.2334828376770019531 4.00016021728515625 4.0596475601196289062 4.1201863288879394531 4.1099424362182617188 4.0890860557556152344 4.1168675422668457031 4.0386362075805664062 3.9316916465759277344 3.9251987934112548828 3.9985263347625732422 4.516941070556640625 4.9274020195007324219 5.03729248046875 5.1195116043090820312 5.1843104362487792969 4.8563036918640136719 5.220096588134765625 5.4625291824340820312 5.4938302040100097656 5.3370194435119628906
6.8085460662841796875 6.5812497138977050781 6.634738922119140625 6.6649446487426757812 6.8072652816772460938 6.8002362251281738281 6.8549547195434570312 6.8966917991638183594 6.7990326881408691406 6.5682291984558105469 6.4236512184143066406 6.0308351516723632812 5.6848521232604980469 5.4272217750549316406 4.8987612724304199219 4.8971142768859863281 4.9387154579162597656 4.8242130279541015625 4.6242351531982421875 4.2956929206848144531 3.9741914272308349609 3.9690916538238525391 3.9477522373199462891 3.9398713111877441406 3.9626460075378417969 4.088653564453125 4.1311488151550292969 3.9454925060272216797 4.0356478691101074219 4.15875244140625 4.4590616226196289062 4.5888171195983886719 4.8736066818237304688 4.8625879287719726562 4.6308832168579101562 4.5684485435485839844 5.1017370223999023438 5.4552512168884277344 5.5971002578735351562 5.5196661949157714844
6.8605890274047851562 6.5684518814086914062 6.5488042831420898438 6.725780487060546875 6.8888955116271972656 6.8721785545349121094 6.8338036537170410156 6.8247432708740234375 6.8167791366577148438 6.7186417579650878906 6.4916787147521972656 5.9413943290710449219 5.4699888229370117188 5.214672088623046875 5.1102395057678222656 4.9089899063110351562 4.9702596664428710938 4.8873724937438964844 4.5152516365051269531 4.257091522216796875 4.025600433349609375 3.9055223464965820312 3.8183741569519042969 3.8648476600646972656 3.7565538883209228516 3.9233491420745849609 4.0936250686645507812 4.1431002616882324219 4.0849385261535644531 4.1701173782348632812 4.4538478851318359375 4.52812957763671875 5.0165643692016601562 5.146320343017578125 4.8448643684387207031 4.7491765022277832031 5.0868992805480957031 5.4937052726745605469 5.6559443473815917969 5.5809531211853027344
6.8485097885131835938 6.5754079818725585938 6.5700206756591796875 6.8084883689880371094 6.9720435142517089844 6.8578004837036132812 6.7731475830078125 6.7606372833251953125 6.7232508659362792969 6.4589533805847167969 5.8795976638793945312 5.4457979202270507812 5.4140791893005371094 5.17890167236328125 5.2520952224731445312 5.0479531288146972656 4.9485478401184082031 4.8185362815856933594 4.4962077140808105469 4.2312860488891601562 4.1146564483642578125 3.8838605880737304688 3.6835911273956298828 3.7340016365051269531 3.6849658489227294922 3.6170592308044433594 3.6998324394226074219 3.9020395278930664062 4.0963497161865234375 4.3037567138671875 4.5692086219787597656 4.6498589515686035156 5.2553524971008300781 5.5928778648376464844 5.4503459930419921875 5.0980648994445800781 5.2024202346801757812 5.6275768280029296875 5.6601390838623046875 5.8974375724792480469
6.9170083999633789062 6.5371441841125488281 6.5357122421264648438 6.8304190635681152344 7.0470795631408691406 6.8133978843688964844 6.6780896186828613281 6.6089701652526855469 6.4598841667175292969 5.9604353904724121094 5.498302459716796875 5.2561516761779785156 5.0359811782836914062 4.7782840728759765625 5.0176382064819335938 4.9817962646484375 4.8733315467834472656 4.7857255935668945312 4.6744289398193359375 4.1787543296813964844 3.9440913200378417969 3.8208415508270263672 3.6360034942626953125 3.5661940574645996094 3.6675040721893310547 3.6793146133422851562 3.58325958251953125 3.6057841777801513672 4.0108323097229003906 4.3294281959533691406 4.6856050491333007812 4.7649645805358886719 5.3687148094177246094 5.9286355972290039062 6.0053906440734863281 5.906909942626953125 5.7924652099609375 5.8199000358581542969 5.9107785224914550781 6.1359710693359375
6.9859256744384765625 6.8151068687438964844 6.6796474456787109375 6.9251165390014648438 6.9686722755432128906 6.9349112510681152344 6.3923192024230957031 6.0926122665405273438 6.1895518302917480469 5.8165993690490722656 5.5238056182861328125 5.2520170211791992188 4.902332305908203125 4.7219939231872558594 4.6763386726379394531 4.6411566734313964844 4.5853390693664550781 4.4679651260375976562 4.5402040481567382812 4.1572041511535644531 3.7724318504333496094 3.565013885498046875 3.4324276447296142578 3.4499044418334960938 3.5157446861267089844 3.6232392787933349609 3.601764678955078125 3.56293487548828125 3.7997004985809326172 4.3403468132019042969 4.3769922256469726562 4.7485098838806152344 5.2912173271179199219 5.7953572273254394531 5.9618601799011230469 6.2144269943237304688 6.2325911521911621094 5.9910817146301269531 6.0249490737915039062 6.4315085411071777344
6.9588427543640136719 6.8296866416931152344 6.8931522369384765625 6.9814176559448242188 6.7934331893920898438 6.5271062850952148438 6.0589704513549804688 5.7810549736022949219 5.9734196662902832031 5.6953210830688476562 5.4135746955871582031 5.026981353759765625 4.8466386795043945312 4.7223358154296875 4.6196036338806152344 4.3989100456237792969 4.3247570991516113281 4.3054966926574707031 4.2455911636352539062 3.8984937667846679688 3.6410858631134033203 3.4100511074066162109 3.2142634391784667969 3.2863602638244628906 3.3059186935424804688 3.4757475852966308594 3.3323230743408203125 3.3695642948150634766 3.8464605808258056641 4.3543882369995117188 4.3851265907287597656 4.9130797386169433594 5.2641921043395996094 5.5207271575927734375 5.6237940788269042969 5.8833265304565429688 6.1177382469177246094 6.0612926483154296875 5.9591188430786132812 6.1724185943603515625
6.9179434776306152344 6.8833317756652832031 6.97364044189453125 6.9504880905151367188 6.6542005538940429688 6.3985137939453125 5.8546175956726074219 5.6184225082397460938 5.6325273513793945312 5.5622668266296386719 5.1739048957824707031 4.7808156013488769531 4.7634053230285644531 4.7682814598083496094 4.7092676162719726562 4.429157257080078125 4.2544016838073730469 4.2557821273803710938 3.9049243927001953125 3.6383125782012939453 3.6024789810180664062 3.5239379405975341797 3.2025122642517089844 3.041553497314453125 3.3149318695068359375 3.3416457176208496094 3.1704878807067871094 3.2252712249755859375 3.6499626636505126953 4.3329043388366699219 4.4163637161254882812 4.9790768623352050781 5.4155564308166503906 5.6305146217346191406 5.6258196830749511719 5.7282552719116210938 5.8909549713134765625 5.8764557838439941406 6.0559234619140625 6.1348910331726074219
6.8182477951049804688 7.0783543586730957031 7.1509251594543457031 6.998455047607421875 6.4476046562194824219 6.1486887931823730469 5.7707200050354003906 5.7352776527404785156 5.5392627716064453125 5.30704498291015625 4.9624500274658203125 4.7763490676879882812 4.6669020652770996094 4.6758608818054199219 4.5166192054748535156 4.4138264656066894531 4.5392274856567382812 4.0749940872192382812 3.8843815326690673828 3.6310179233551025391 3.4198050498962402344 3.4679141044616699219 3.3506824970245361328 3.1566872596740722656 3.1268126964569091797 3.2467737197875976562 3.1574070453643798828 3.2324757575988769531 3.5598499774932861328 4.2230281829833984375 4.3649463653564453125 4.8132853507995605469 5.4902696609497070312 5.7174968719482421875 5.9127898216247558594 5.9492821693420410156 5.8416314125061035156 5.8444170951843261719 6.0035290718078613281 6.1032290458679199219
6.8296580314636230469 7.1570754051208496094 7.3085570335388183594 7.1828227043151855469 6.9265112876892089844 6.0535669326782226562 5.7784137725830078125 5.7261199951171875 5.459423065185546875 4.9192600250244140625 4.7742371559143066406 4.7665743827819824219 4.5449566841125488281 4.5460801124572753906 4.3569421768188476562 4.4416713714599609375 4.4951596260070800781 3.96231842041015625 3.6273653507232666016 3.5659260749816894531 3.4573712348937988281 3.5127887725830078125 3.4744086265563964844 3.3018853664398193359 3.1942393779754638672 3.2757499217987060547 3.1356937885284423828 3.1261663436889648438 3.5205419063568115234 4.1414957046508789062 4.2749686241149902344 4.7897477149963378906 5.4212536811828613281 5.6225261688232421875 5.7988138198852539062 6.0792379379272460938 5.9403023719787597656 5.9535589218139648438 6.0909967422485351562 6.11580657958984375
6.7481374740600585938 7.2239837646484375 7.3784050941467285156 7.3749446868896484375 7.2467255592346191406 6.4266233444213867188 5.7097010612487792969 5.5498290061950683594 5.2629547119140625 4.9964437484741210938 4.8247194290161132812 4.591022491455078125 4.4229760169982910156 4.4212422370910644531 4.2586150169372558594 4.3609862327575683594 4.1433615684509277344 3.9189991950988769531 3.8702094554901123047 3.5650932788848876953 3.4496719837188720703 3.5849244594573974609 3.6878104209899902344 3.4782583713531494141 3.3502118587493896484 3.3320009708404541016 3.2261621952056884766 3.1356766223907470703 3.5686788558959960938 3.5545783042907714844 4.1196584701538085938 4.7632389068603515625 5.1181874275207519531 5.3321013450622558594 5.6310977935791015625 5.9219636917114257812 5.8776822090148925781 5.8434991836547851562 6.0051131248474121094 5.8833193778991699219
6.8081459999084472656 7.1185469627380371094 7.3714075088500976562 7.3939232826232910156 7.3349752426147460938 6.8004956245422363281 5.9562821388244628906 5.4773736000061035156 5.2458648681640625 5.0722470283508300781 4.8205089569091796875 4.6503300666809082031 4.5253076553344726562 4.3922700881958007812 4.2175397872924804688 4.0997095108032226562 3.7924818992614746094 3.7384743690490722656 3.7973065376281738281 3.6450381278991699219 3.5488541126251220703 3.6261534690856933594 3.6408827304840087891 3.5593054294586181641 3.4766001701354980469 3.3207662105560302734 3.2942845821380615234 3.2044041156768798828 3.5002467632293701172 3.5991523265838623047 4.0048389434814453125 4.7175917625427246094 5.1118249893188476562 5.1453194618225097656 5.3842291831970214844 5.4783954620361328125 5.7289476394653320312 5.8395276069641113281 5.7622733116149902344 5.5163106918334960938
6.8492102622985839844 7.2157387733459472656 7.3555407524108886719 7.3739080429077148438 7.3687129020690917969 6.9536843299865722656 6.2385334968566894531 5.67160797119140625 5.2539820671081542969 5.1287221908569335938 5.0084805488586425781 4.5443701744079589844 4.3234276771545410156 4.1935448646545410156 4.056850433349609375 3.8481807708740234375 3.5810213088989257812 3.4721632003784179688 3.6211616992950439453 3.6788852214813232422 3.5998451709747314453 3.528537750244140625 3.6278383731842041016 3.4808211326599121094 3.5067739486694335938 3.4658131599426269531 3.3317339420318603516 3.2501006126403808594 3.3830554485321044922 3.5039453506469726562 3.8802537918090820312 4.5378413200378417969 4.8711590766906738281 5.0239672660827636719 5.273303985595703125 5.2826800346374511719 5.6335973739624023438 5.7206835746765136719 5.5795006752014160156 5.4475388526916503906
7.0383920669555664062 7.3188681602478027344 7.3200306892395019531 7.3409152030944824219 7.3339786529541015625 6.9896712303161621094 6.3205227851867675781 5.6263117790222167969 5.0442533493041992188 4.9618000984191894531 4.9518523216247558594 4.5679631233215332031 4.2085442543029785156 4.0267481803894042969 3.8129868507385253906 3.4978916645050048828 3.4583637714385986328 3.4663183689117431641 3.554721832275390625 3.6614789962768554688 3.8465411663055419922 3.757297515869140625 3.5889432430267333984 3.6319866180419921875 3.6312651634216308594 3.5148439407348632812 3.3235490322113037109 3.3120269775390625 3.3834185600280761719 3.3524658679962158203 3.7615578174591064453 4.2441563606262207031 4.4841442108154296875 4.7367510795593261719 5.1498270034790039062 5.3413634300231933594 5.5166988372802734375 5.5737586021423339844 5.4773235321044921875 5.3844099044799804688
nan nan nan nan nan nan nan nan nan nan nan nan nan nan nan nan nan nan nan nan nan nan nan nan nan nan nan nan nan nan nan nan nan nan nan nan nan nan nan nan
