samples/et/map_et_2017-04-17.asc
ncols        322
nrows        306
xllcorner    -53.726171018035
yllcorner    -28.476684338117
cellsize     0.000269494585
NODATA_value  -1
[rows 170 to 186 of 306, columns 120 to 159 of 322]
0.70921313762664794922 0.49383494257926940918 0.23721276223659515381 0.17528450489044189453 0.16559858620166778564 0.11631159484386444092 0.071016862988471984863 0.18173742294311523438 0.29962229728698730469 0.39176231622695922852 0.49976879358291625977 0.47521173954010009766 0.48352593183517456055 0.56861448287963867188 0.54251194000244140625 0.48803400993347167969 0.60159170627593994141 0.70943564176559448242 1.0497227907180786133 1.2312165498733520508 1.1582150459289550781 1.2180672883987426758 1.1288199424743652344 0.93803119659423828125 0.73932784795761108398 0.51039749383926391602 0.34756419062614440918 0.1386422961950302124 0.04536704719066619873 -0.043971363455057144165 -0.1422313004732131958 -0.21716271340847015381 -0.19874189794063568115 -0.22939376533031463623 -0.12309261411428451538 0.1315730363130569458 0.36512657999992370605 0.78649157285690307617 0.98708671331405639648 1.1734565496444702148
0.85342115163803100586 0.60919427871704101562 0.3745708763599395752 0.061626568436622619629 -0.023329552263021469116 0.11495087295770645142 0.11230843514204025269 0.15818198025226593018 0.26668319106101989746 0.33997693657875061035 0.51328891515731811523 0.45498886704444885254 0.4934590756893157959 0.56226128339767456055 0.55717206001281738281 0.49646621942520141602 0.50577235221862792969 0.69439280033111572266 0.83099305629730224609 1.1255565881729125977 1.3652251958847045898 1.2646741867065429688 1.125691533088684082 0.91484475135803222656 0.83192723989486694336 0.70569431781768798828 0.60811704397201538086 0.55078983306884765625 0.25894972681999206543 0.2307249605655670166 0.11901666224002838135 0.0081791691482067108154 0.021358210593461990356 -0.051390975713729858398 -0.11002332717180252075 0.059651069343090057373 0.15195861458778381348 0.63720518350601196289 1.0100725889205932617 1.3390501737594604492
0.81372869014739990234 0.66064077615737915039 0.46039146184921264648 0.12056139856576919556 -0.075688466429710388184 -0.075233526527881622314 -0.04785208776593208313 0.0011799536878243088722 0.23772379755973815918 0.38142949342727661133 0.4628295600414276123 0.54024165868759155273 0.58554738759994506836 0.7336139678955078125 0.81922066211700439453 0.66351157426834106445 0.65732401609420776367 0.76732861995697021484 0.91799300909042358398 1.0919601917266845703 1.4340524673461914062 1.4498105049133300781 1.2915301322937011719 1.0646836757659912109 0.76398688554763793945 0.73592227697372436523 0.65278667211532592773 0.65156006813049316406 0.55638206005096435547 0.46666404604911804199 0.46654036641120910645 0.3924675285816192627 0.27529370784759521484 0.29027411341667175293 0.21626330912113189697 0.19604073464870452881 0.23467357456684112549 0.69023227691650390625 1.1945269107818603516 1.4889730215072631836
0.79958444833755493164 0.65047842264175415039 0.63157343864440917969 0.28469425439834594727 0.058261930942535400391 -0.14384563267230987549 -0.12360921502113342285 -0.058416821062564849854 0.15025269985198974609 0.54690814018249511719 0.56618422269821166992 0.62006920576095581055 0.62322640419006347656 0.75282448530197143555 0.96095180511474609375 1.0558872222900390625 0.92574471235275268555 1.0008213520050048828 1.144433140754699707 1.2912610769271850586 1.4064309597015380859 1.5519272089004516602 1.4494475126266479492 1.2990850210189819336 1.0118945837020874023 0.76797682046890258789 0.81966149806976318359 0.88292109966278076172 0.8290608525276184082 0.807544708251953125 0.72259378433227539062 0.72450649738311767578 0.60897052288055419922 0.584331512451171875 0.56413996219635009766 0.43847447633743286133 0.51657879352569580078 0.9525966644287109375 1.2087392807006835938 1.4822407960891723633
0.91735398769378662109 0.75489282608032226562 0.74161809682846069336 0.43699574470520019531 0.17071582376956939697 -0.082296781241893768311 -0.0016551306471228599548 0.085204675793647766113 0.30066221952438354492 0.73211914300918579102 0.75560492277145385742 0.87431991100311279297 0.84459286928176879883 0.91098678112030029297 1.1200311183929443359 1.283214569091796875 1.2522970438003540039 1.2868144512176513672 1.2998766899108886719 1.5218095779418945312 1.6766188144683837891 1.7108881473541259766 1.5691009759902954102 1.4611226320266723633 1.2042477130889892578 0.95638579130172729492 1.0691813230514526367 1.1319137811660766602 1.1159603595733642578 1.1054401397705078125 1.0539282560348510742 1.0218536853790283203 0.87730562686920166016 0.82254815101623535156 0.77702325582504272461 0.65919488668441772461 0.72775059938430786133 1.0983825922012329102 1.325209498405456543 1.5376446247100830078
0.95108932256698608398 0.91170871257781982422 0.78066241741180419922 0.55677574872970581055 0.24436688423156738281 0.06535269320011138916 0.12150441855192184448 0.22523826360702514648 0.42388072609901428223 0.82118022441864013672 0.97021669149398803711 1.1482760906219482422 1.1295912265777587891 1.0997043848037719727 1.3483572006225585938 1.7590531110763549805 1.694568634033203125 1.4940550327301025391 1.4105663299560546875 1.6030790805816650391 1.7409789562225341797 1.6564437150955200195 1.6378079652786254883 1.4968508481979370117 1.4214519262313842773 1.2812297344207763672 1.3483777046203613281 1.3279232978820800781 1.3369624614715576172 1.3796200752258300781 1.3806406259536743164 1.3514894247055053711 1.2760751247406005859 1.1298108100891113281 1.0264068841934204102 1.0604929924011230469 1.131775975227355957 1.3960343599319458008 1.5187616348266601562 1.4917260408401489258
0.94088321924209594727 1.0312613248825073242 0.83672028779983520508 0.60930132865905761719 0.31359004974365234375 0.2201900184154510498 0.167096748948097229 0.36601227521896362305 0.68830353021621704102 0.95563662052154541016 1.2670823335647583008 1.606520533561706543 1.758992314338684082 1.6997658014297485352 1.7037074565887451172 1.9496243000030517578 2.0323309898376464844 1.7985655069351196289 1.6211848258972167969 1.5363352298736572266 1.5754137039184570312 1.6369984149932861328 1.5588283538818359375 1.5412337779998779297 1.4684325456619262695 1.437649846076965332 1.5491324663162231445 1.4791530370712280273 1.5176861286163330078 1.646412968635559082 1.7050297260284423828 1.7772850990295410156 1.59687042236328125 1.3550648689270019531 1.3626557588577270508 1.4043400287628173828 1.5760015249252319336 1.7187417745590209961 1.8889341354370117188 1.7968814373016357422
1.0485879182815551758 1.0414985418319702148 0.93371057510375976562 0.81838619709014892578 0.57287156581878662109 0.33872571587562561035 0.30130538344383239746 0.38636556267738342285 0.80783063173294067383 0.886684417724609375 1.4992865324020385742 1.9158073663711547852 1.9261444807052612305 1.8732603788375854492 1.7752324342727661133 1.80886077880859375 1.9713885784149169922 1.8645292520523071289 1.7564985752105712891 1.6383973360061645508 1.5340557098388671875 1.5900079011917114258 1.5533303022384643555 1.4817253351211547852 1.4695467948913574219 1.4937360286712646484 1.5426366329193115234 1.6240122318267822266 1.6786674261093139648 1.7664172649383544922 1.7560349702835083008 1.9113721847534179688 1.9897971153259277344 1.6981322765350341797 1.5628906488418579102 1.6012665033340454102 1.7985540628433227539 1.9955129623413085938 1.9996869564056396484 1.9981493949890136719
1.3991899490356445312 1.1025398969650268555 1.0366015434265136719 0.96142679452896118164 0.92326807975769042969 0.65874189138412475586 0.54697871208190917969 0.67186647653579711914 0.83971649408340454102 0.88891744613647460938 1.3379253149032592773 1.7797899246215820312 1.9515974521636962891 1.8121192455291748047 1.7658263444900512695 1.7764534950256347656 1.9046158790588378906 1.9019653797149658203 1.8724935054779052734 1.902880549430847168 1.8565009832382202148 1.7922909259796142578 1.7379498481750488281 1.6753270626068115234 1.6313821077346801758 1.5417017936706542969 1.5482242107391357422 1.477588653564453125 1.6347713470458984375 1.7833155393600463867 1.7678248882293701172 1.8747949600219726562 2.1195333003997802734 2.1009535789489746094 1.8356077671051025391 1.7379276752471923828 1.8335132598876953125 1.8892807960510253906 2.0511403083801269531 1.927794337272644043
1.7051832675933837891 1.4602956771850585938 1.1941797733306884766 1.1742943525314331055 1.0228602886199951172 0.9956251978874206543 0.77427893877029418945 0.93080669641494750977 1.0682908296585083008 0.87650799751281738281 1.0577974319458007812 1.4332841634750366211 1.7625842094421386719 1.740352630615234375 1.7114489078521728516 1.8421150445938110352 1.9042611122131347656 1.8786983489990234375 1.8434054851531982422 1.8519395589828491211 1.9093934297561645508 1.8735040426254272461 1.9008421897888183594 1.822377324104309082 1.7379676103591918945 1.6178320646286010742 1.5444153547286987305 1.44525146484375 1.5877474546432495117 1.8431869745254516602 1.8569566011428833008 1.9595556259155273438 2.1890354156494140625 2.2280952930450439453 2.0163800716400146484 1.8237168788909912109 1.7605240345001220703 1.7423987388610839844 1.8522062301635742188 1.8311018943786621094
1.9056199789047241211 1.8516973257064819336 1.5216464996337890625 1.3948688507080078125 1.1857694387435913086 1.0244321823120117188 0.89043939113616943359 1.046845555305480957 1.2551647424697875977 1.1112781763076782227 1.2330795526504516602 1.4202054738998413086 1.6103736162185668945 1.5918620824813842773 1.4830046892166137695 1.5953637361526489258 1.6860214471817016602 1.7907736301422119141 1.7724699974060058594 1.7045953273773193359 1.7452290058135986328 1.6807129383087158203 1.6014903783798217773 1.6059163808822631836 1.5955891609191894531 1.5683205127716064453 1.4851510524749755859 1.3730044364929199219 1.4389263391494750977 1.7417274713516235352 1.8759911060333251953 1.935746312141418457 2.0632278919219970703 2.1888780593872070312 2.0930554866790771484 1.8318104743957519531 1.6580489873886108398 1.594891667366027832 1.5667387247085571289 1.5969969034194946289
1.9890326261520385742 2.0366091728210449219 1.7467539310455322266 1.5277483463287353516 1.3075749874114990234 1.0296384096145629883 0.93960857391357421875 1.0756586790084838867 1.0830999612808227539 1.3411443233489990234 1.4462790489196777344 1.5406498908996582031 1.6917387247085571289 1.6181721687316894531 1.3777985572814941406 1.3073809146881103516 1.3434994220733642578 1.4416776895523071289 1.537060856819152832 1.5677616596221923828 1.5332561731338500977 1.4734704494476318359 1.2506515979766845703 1.0925174951553344727 1.2188473939895629883 1.2090575695037841797 1.2445371150970458984 1.152801513671875 1.2485356330871582031 1.4388337135314941406 1.6106241941452026367 1.7448180913925170898 1.8617317676544189453 1.9613184928894042969 1.9445079565048217773 1.6749904155731201172 1.5041693449020385742 1.3023384809494018555 1.0753421783447265625 1.0861051082611083984
1.9777415990829467773 2.0277416706085205078 1.8806955814361572266 1.6300733089447021484 1.4821298122406005859 1.3402068614959716797 1.2132698297500610352 1.3514995574951171875 1.2807419300079345703 1.4740495681762695312 1.5905351638793945312 1.5957180261611938477 1.7314174175262451172 1.699507594108581543 1.4869745969772338867 1.0918135643005371094 1.1595517396926879883 1.2222396135330200195 1.182788848876953125 1.2550855875015258789 1.2949944734573364258 1.224577784538269043 1.0370889902114868164 0.95310741662979125977 0.96887278556823730469 0.99633365869522094727 1.0226110219955444336 1.0110034942626953125 1.0567876100540161133 1.1040130853652954102 1.2174457311630249023 1.4507983922958374023 1.5928384065628051758 1.7143425941467285156 1.6018940210342407227 1.3659453392028808594 1.1732238531112670898 0.90232670307159423828 0.76666605472564697266 0.66525125503540039062
1.8036245107650756836 2.0184884071350097656 2.0394904613494873047 1.6820833683013916016 1.5905324220657348633 1.5508645772933959961 1.5240205526351928711 1.6120319366455078125 1.5336015224456787109 1.719243168830871582 1.7500532865524291992 1.8003847599029541016 1.7989897727966308594 1.7917283773422241211 1.6355097293853759766 1.3391101360321044922 1.2188932895660400391 1.1300666332244873047 1.0376315116882324219 0.92155742645263671875 0.91827046871185302734 0.95043540000915527344 0.78919464349746704102 0.69849193096160888672 0.79689621925354003906 0.82890856266021728516 0.8287868499755859375 1.0427320003509521484 1.1185560226440429688 0.98442322015762329102 0.95214408636093139648 0.98161220550537109375 1.171722412109375 1.314913630485534668 1.274929046630859375 1.0289286375045776367 0.88343048095703125 0.71628522872924804688 0.55434399843215942383 0.46194672584533691406
1.6639961004257202148 1.9036730527877807617 2.0684897899627685547 2.1244714260101318359 1.8817723989486694336 1.9031163454055786133 1.9112302064895629883 1.985689997673034668 1.8600279092788696289 1.849543452262878418 1.8948284387588500977 1.9360030889511108398 1.9634696245193481445 1.8467983007431030273 1.6579025983810424805 1.4715225696563720703 1.3554385900497436523 1.0450592041015625 0.92003732919692993164 0.79139721393585205078 0.78178292512893676758 0.71368557214736938477 0.69989281892776489258 0.58730828762054443359 0.63787239789962768555 0.74632656574249267578 0.73619121313095092773 0.8683636784553527832 1.149340510368347168 1.1500966548919677734 0.92179888486862182617 0.76629841327667236328 0.7981331944465637207 1.0231178998947143555 0.95013278722763061523 0.79898858070373535156 0.59253418445587158203 0.41544926166534423828 0.21079023182392120361 0.28852865099906921387
1.6661629676818847656 1.7648881673812866211 1.8066331148147583008 1.9792462587356567383 1.9493045806884765625 1.988785862922668457 2.0334730148315429688 2.0276455879211425781 1.9637422561645507812 1.8501898050308227539 1.8713128566741943359 1.8895435333251953125 1.9095373153686523438 1.8710564374923706055 1.6822119951248168945 1.4331315755844116211 1.3819533586502075195 1.1288101673126220703 0.94309782981872558594 0.78551000356674194336 0.79904764890670776367 0.77123391628265380859 0.67709255218505859375 0.68899977207183837891 0.6426232457160949707 0.68048840761184692383 0.82938247919082641602 0.89891630411148071289 1.0409588813781738281 1.2419184446334838867 1.0387102365493774414 0.92558020353317260742 0.78486663103103637695 0.85410809516906738281 0.79122120141983032227 0.60974150896072387695 0.42154040932655334473 0.30350226163864135742 0.076936684548854827881 0.018007477745413780212
1.5445561408996582031 1.616154789924621582 1.527238011360168457 1.4846678972244262695 1.6097332239151000977 1.7195202112197875977 1.7733411788940429688 1.7843506336212158203 1.839743494987487793 1.8466737270355224609 1.8013951778411865234 1.7427905797958374023 1.7384780645370483398 1.7351024150848388672 1.6451420783996582031 1.4231917858123779297 1.395863652229309082 1.2519936561584472656 1.0245431661605834961 0.87599515914916992188 0.82280761003494262695 0.89094638824462890625 0.8413708806037902832 0.79394078254699707031 0.81735402345657348633 0.70818752050399780273 0.79377758502960205078 0.94973772764205932617 1.1397165060043334961 1.1018873453140258789 1.0307108163833618164 0.87025934457778930664 0.82372784614562988281 0.71333152055740356445 0.61630642414093017578 0.48598515987396240234 0.39598914980888366699 0.26897647976875305176 0.16673219203948974609 -0.01143080834299325943
