samples/et/map_et_2017-04-01.asc
ncols        322
nrows        306
xllcorner    -53.726171018035
yllcorner    -28.476684338117
cellsize     0.000269494585
NODATA_value  -1
[rows 108 to 125 of 306, columns 80 to 119 of 322]
2.6683359146118164062 2.5438351631164550781 2.5139508247375488281 2.2842862606048583984 1.7114020586013793945 1.4755387306213378906 1.4032659530639648438 1.2691693305969238281 1.0400419235229492188 0.6115391850471496582 0.37809333205223083496 0.099315971136093139648 -0.13452677428722381592 -0.23007594048976898193 -0.39967545866966247559 -0.33818525075912475586 -0.15438003838062286377 0.073803797364234924316 0.43164774775505065918 0.38822630047798156738 0.37620496749877929688 0.61704301834106445312 0.99422830343246459961 1.046834111213684082 1.0733511447906494141 1.1104024648666381836 1.508334040641784668 1.7651783227920532227 1.9460244178771972656 2.1918528079986572266 2.56316375732421875 2.3979892730712890625 2.0765295028686523438 1.8062523603439331055 1.4822863340377807617 0.97707468271255493164 0.62652510404586791992 0.66414350271224975586 0.93281793594360351562 0.92187482118606567383
2.1031553745269775391 1.8124270439147949219 1.7984813451766967773 1.6385977268218994141 1.0763742923736572266 0.98466104269027709961 1.1199636459350585938 0.876384735107421875 0.54896473884582519531 0.22462341189384460449 -0.04284574463963508606 -0.14673453569412231445 -0.17677809298038482666 -0.19841590523719787598 -0.37586379051208496094 -0.44299933314323425293 -0.15343613922595977783 -0.039818111807107925415 0.13820303976535797119 0.31531739234924316406 0.084368631243705749512 0.18995040655136108398 0.67524504661560058594 0.52361065149307250977 0.55407178401947021484 0.64766418933868408203 0.76296961307525634766 1.1479017734527587891 1.3315606117248535156 1.4270989894866943359 1.9125806093215942383 2.2970530986785888672 2.286468505859375 1.9378490447998046875 1.759753108024597168 1.0980013608932495117 0.79074770212173461914 0.59033042192459106445 0.58440512418746948242 0.7943331599235534668
1.2795088291168212891 1.1311826705932617188 1.1162987947463989258 0.97705549001693725586 0.46497672796249389648 0.35892143845558166504 0.68313527107238769531 0.48578283190727233887 0.32684209942817687988 0.33989095687866210938 0.028928972780704498291 -0.29530045390129089355 -0.34524399042129516602 -0.35898056626319885254 -0.44847813248634338379 -0.56022411584854125977 -0.038952805101871490479 0.21410122513771057129 0.17699299752712249756 0.23106370866298675537 0.16357809305191040039 -0.038564015179872512817 0.19318485260009765625 0.18531915545463562012 0.093486815690994262695 0.32651501893997192383 0.46019506454467773438 0.71763706207275390625 0.71139574050903320312 0.86774915456771850586 1.2671384811401367188 1.6589323282241821289 1.8347436189651489258 1.7412521839141845703 1.7839645147323608398 1.3870548009872436523 1.011191248893737793 0.80138665437698364258 0.48501899838447570801 0.51463288068771362305
0.79521429538726806641 0.69546705484390258789 0.55960714817047119141 0.54938071966171264648 0.40780746936798095703 0.067931748926639556885 0.12736234068870544434 0.19645930826663970947 0.17971594631671905518 0.20678561925888061523 0.051285602152347564697 -0.10506507754325866699 -0.19913986325263977051 -0.24021486937999725342 -0.41547378897666931152 -0.65011554956436157227 -0.20484562218189239502 0.39895641803741455078 0.25875553488731384277 0.32908645272254943848 0.090331822633743286133 0.048335772007703781128 0.18937379121780395508 0.16075445711612701416 -0.23756705224514007568 -0.1998328864574432373 0.18380853533744812012 0.43587416410446166992 0.54914581775665283203 0.57468324899673461914 1.0100129842758178711 1.2219288349151611328 1.3725996017456054688 1.5415536165237426758 1.5699540376663208008 1.4571366310119628906 1.3199338912963867188 1.0296627283096313477 0.85681784152984619141 0.71721404790878295898
0.51721721887588500977 0.28932899236679077148 0.22676855325698852539 0.14442618191242218018 0.073689281940460205078 0.15000860393047332764 -0.029537539929151535034 -0.22914668917655944824 -0.11969806253910064697 -0.021332761272788047791 -0.07174221426248550415 -0.076437704265117645264 -0.014792187139391899109 -0.083868063986301422119 -0.25961795449256896973 -0.43621790409088134766 -0.42932912707328796387 0.23272345960140228271 0.3579902946949005127 0.26101648807525634766 0.23069500923156738281 0.022194663062691688538 0.01861615106463432312 0.13264746963977813721 -0.028207540512084960938 -0.29655489325523376465 -0.11287933588027954102 -0.029746886342763900757 0.18430972099304199219 0.43281275033950805664 0.50579345226287841797 0.82350307703018188477 1.1404603719711303711 1.2061780691146850586 1.4291428327560424805 1.4957827329635620117 1.5115358829498291016 1.2247403860092163086 1.1386177539825439453 1.1031703948974609375
0.38536161184310913086 0.19815602898597717285 0.03216579928994178772 -0.10527214407920837402 -0.18713767826557159424 -0.12626732885837554932 -0.047550976276397705078 -0.30593013763427734375 -0.13204555213451385498 -0.00040526033262722194195 -0.13920347392559051514 -0.21347825229167938232 -0.14120891690254211426 -0.17187125980854034424 -0.17504855990409851074 -0.3032544553279876709 -0.26031160354614257812 0.13851873576641082764 0.26561725139617919922 0.39251282811164855957 0.29056018590927124023 0.2149994969367980957 0.069173894822597503662 0.11088384687900543213 0.093162491917610168457 -0.05600989609956741333 -0.24045321345329284668 -0.17829616367816925049 -0.23614022135734558105 0.14028690755367279053 0.38941249251365661621 0.24028481543064117432 0.61334204673767089844 0.93767452239990234375 1.0070669651031494141 1.2556085586547851562 1.2494727373123168945 1.2914927005767822266 1.3047287464141845703 1.4772230386734008789
0.66977530717849731445 0.2918262183666229248 0.16584326326847076416 -0.01022036280483007431 -0.11524389684200286865 -0.049511767923831939697 0.16600945591926574707 0.099421523511409759521 0.0068073677830398082733 0.046700354665517807007 0.092902973294258117676 -0.036161225289106369019 -0.04899786040186882019 -0.06709178537130355835 -0.23062668740749359131 -0.26163819432258605957 -0.22273649275302886963 0.23071758449077606201 0.31981959939002990723 0.31748372316360473633 0.48520708084106445312 0.42778021097183227539 0.3988125920295715332 0.15851685404777526855 0.23992112278938293457 0.23877838253974914551 -0.007946880534291267395 -0.16565546393394470215 -0.1069398149847984314 -0.21614049375057220459 0.033526327461004257202 0.24214728176593780518 0.39369460940361022949 0.76313835382461547852 0.99712151288986206055 0.99829387664794921875 1.0849796533584594727 1.0813777446746826172 1.2118448019027709961 1.3564789295196533203
0.97713077068328857422 0.74948477745056152344 0.27376690506935119629 0.13979244232177734375 0.12821345031261444092 0.12019757181406021118 0.17746491730213165283 0.26823192834854125977 0.19947840273380279541 0.085234232246875762939 -0.020595664158463478088 -0.00011630158405750989914 0.13372695446014404297 0.13338103890419006348 -0.041558720171451568604 -0.20992983877658843994 -0.058434497565031051636 0.29828584194183349609 0.58140891790390014648 0.53424042463302612305 0.62157571315765380859 0.65214896202087402344 0.57386034727096557617 0.35606426000595092773 0.29576990008354187012 0.40738761425018310547 0.36797562241554260254 0.11172620952129364014 0.059810243546962738037 0.050058338791131973267 -0.032674580812454223633 0.19720049202442169189 0.4060986936092376709 0.60334116220474243164 0.8862774968147277832 0.99581861495971679688 1.0186495780944824219 1.1182575225830078125 1.0610681772232055664 1.3375052213668823242
0.95537108182907104492 0.80477702617645263672 0.64715808629989624023 0.20539514720439910889 0.033060811460018157959 0.041709851473569869995 0.083892747759819030762 0.14037658274173736572 0.1795559227466583252 0.17381447553634643555 0.022509738802909851074 -0.045307885855436325073 -0.058632075786590576172 -0.058474984019994735718 0.087699010968208312988 -0.20680646598339080811 -0.15106926858425140381 0.39161545038223266602 0.67875123023986816406 0.92396032810211181641 0.91324162483215332031 0.98096662759780883789 0.91410899162292480469 0.68680214881896972656 0.52468079328536987305 0.61102426052093505859 0.64076822996139526367 0.39342510700225830078 0.1889893263578414917 0.27514594793319702148 0.19997939467430114746 0.20722310245037078857 0.33443725109100341797 0.44760555028915405273 0.71313381195068359375 0.98871761560440063477 0.95292413234710693359 1.042981266975402832 0.98263323307037353516 1.2018743753433227539
1.0951082706451416016 0.87186038494110107422 0.87124574184417724609 0.54417932033538818359 0.45755329728126525879 0.38483479619026184082 0.21262329816818237305 0.042329143732786178589 0.1609534919261932373 0.2166811525821685791 0.13305495679378509521 0.04594629630446434021 -0.11164674907922744751 -0.11157158017158508301 -0.12763860821723937988 -0.10506985336542129517 -0.20455658435821533203 0.35407221317291259766 1.1071093082427978516 1.469669342041015625 1.70383453369140625 1.4956780672073364258 1.5035281181335449219 1.4934117794036865234 1.0928589105606079102 1.0413327217102050781 0.85357320308685302734 0.68037056922912597656 0.36709266901016235352 0.22207221388816833496 0.36697468161582946777 0.37374576926231384277 0.43670502305030822754 0.52791178226470947266 0.55792349576950073242 0.7530810236930847168 0.91837632656097412109 0.86901777982711791992 0.83141237497329711914 0.9225991368293762207
1.3092483282089233398 0.99893748760223388672 0.94603121280670166016 0.88355439901351928711 0.65565401315689086914 0.60211807489395141602 0.56987977027893066406 0.16691862046718597412 0.064123488962650299072 0.20722176134586334229 0.15904203057289123535 0.064861692488193511963 -0.09466603398323059082 -0.094331413507461547852 -0.22172150015830993652 -0.24774348735809326172 -0.19585965573787689209 0.12494476139545440674 1.1902939081192016602 2.0786986351013183594 2.3345782756805419922 2.4198091030120849609 2.3485848903656005859 2.3383774757385253906 1.97594451904296875 1.5739407539367675781 1.1203577518463134766 0.69460600614547729492 0.63820993900299072266 0.55532866716384887695 0.50168430805206298828 0.5708872675895690918 0.56334823369979858398 0.65094220638275146484 0.60264617204666137695 0.74570286273956298828 0.73683542013168334961 0.80766242742538452148 0.8063507080078125 0.88813370466232299805
1.2936904430389404297 1.0979934930801391602 0.77247798442840576172 0.72418516874313354492 0.87550634145736694336 0.73449051380157470703 0.66217339038848876953 0.55152481794357299805 0.21344502270221710205 0.19889055192470550537 0.15759809315204620361 0.19335721433162689209 0.12330368161201477051 -0.0046647815033793449402 -0.088006980717182159424 -0.26902428269386291504 -0.2205320894718170166 0.10625639557838439941 1.1614142656326293945 2.5796256065368652344 3.1853508949279785156 3.0535078048706054688 3.2201955318450927734 3.2349948883056640625 3.1617019176483154297 2.3205535411834716797 1.612668156623840332 1.0021314620971679688 0.9297402501106262207 1.0171234607696533203 0.81842309236526489258 0.83694946765899658203 0.91082733869552612305 0.81699758768081665039 0.81080961227416992188 0.80482077598571777344 0.90057635307312011719 0.90735590457916259766 0.90628290176391601562 0.8467998504638671875
1.3929480314254760742 1.1793570518493652344 0.85911148786544799805 0.5716826319694519043 0.64867472648620605469 0.79548799991607666016 0.68776714801788330078 0.75553727149963378906 0.55526638031005859375 0.32112514972686767578 0.19945815205574035645 0.24072889983654022217 0.37842011451721191406 0.14651001989841461182 -0.071910277009010314941 -0.16198052465915679932 -0.14976812899112701416 0.18093767762184143066 1.2491559982299804688 2.7709169387817382812 3.9166324138641357422 3.7740948200225830078 3.7794692516326904297 3.7753024101257324219 3.8067204952239990234 3.2955896854400634766 2.4004430770874023438 1.3431341648101806641 1.1971336603164672852 1.4055384397506713867 1.2999193668365478516 1.0718935728073120117 0.99485266208648681641 0.90540134906768798828 1.1107028722763061523 1.0229095220565795898 1.159348607063293457 1.1598150730133056641 1.1236728429794311523 1.0150015354156494141
1.5109001398086547852 1.2560230493545532227 0.96324717998504638672 0.64925026893615722656 0.64195418357849121094 0.49108371138572692871 0.4817377626895904541 0.5479946136474609375 0.59090501070022583008 0.37419068813323974609 0.12974935770034790039 0.10225656628608703613 0.22295409440994262695 0.075071707367897033691 -0.068162031471729278564 -0.16447219252586364746 -0.076099760830402374268 0.34617784619331359863 1.3548074960708618164 2.6361804008483886719 3.4851362705230712891 4.0194573402404785156 4.2161545753479003906 4.2263922691345214844 4.195556640625 3.9260592460632324219 3.0935761928558349609 1.9664409160614013672 1.4675933122634887695 1.5435091257095336914 1.5296624898910522461 1.3792070150375366211 1.2348877191543579102 1.139279484748840332 1.1561547517776489258 1.1601022481918334961 1.1149139404296875 1.26047515869140625 1.2118917703628540039 1.2319740056991577148
1.5947642326354980469 1.3121522665023803711 1.0262180566787719727 0.96002972126007080078 0.65264916419982910156 0.52333390712738037109 0.44961440563201904297 0.40952542424201965332 0.4947407841682434082 0.51761031150817871094 0.28051519393920898438 0.17970386147499084473 0.057663958519697189331 0.042938943952322006226 -0.16850352287292480469 -0.25202590227127075195 -0.10377730429172515869 0.39687037467956542969 1.1568198204040527344 2.5469841957092285156 3.4052267074584960938 4.3977556228637695312 4.5380229949951171875 4.4453878402709960938 4.2869963645935058594 3.8939948081970214844 3.2181584835052490234 2.2205040454864501953 1.9875642061233520508 1.7511687278747558594 1.608052372932434082 1.4726064205169677734 1.3941905498504638672 1.3967113494873046875 1.3809750080108642578 1.3971581459045410156 1.2652726173400878906 1.4228540658950805664 1.5147734880447387695 1.3541234731674194336
1.2346478700637817383 1.1610749959945678711 0.90405029058456420898 0.97788512706756591797 0.59690719842910766602 0.55770254135131835938 0.45413759350776672363 0.34916463494300842285 0.4077250361442565918 0.4954089820384979248 0.4910704493522644043 0.41379782557487487793 0.42125326395034790039 0.3609485328197479248 0.1910305023193359375 -0.058179639279842376709 -0.1631663590669631958 0.12469545751810073853 0.67052191495895385742 1.8061203956604003906 2.4903628826141357422 4.1632313728332519531 4.6407942771911621094 4.4158458709716796875 4.3378839492797851562 3.8277447223663330078 3.1845700740814208984 2.4389474391937255859 2.1499919891357421875 1.7714558839797973633 1.4932326078414916992 1.2837080955505371094 1.2534015178680419922 1.3914351463317871094 1.5809950828552246094 1.5134962797164916992 1.3304274082183837891 1.3464752435684204102 1.5776573419570922852 1.6310607194900512695
1.2351804971694946289 0.96086287498474121094 0.89583945274353027344 0.88940632343292236328 0.78013628721237182617 0.51367384195327758789 0.53269475698471069336 0.42082604765892028809 0.34798932075500488281 0.54742401838302612305 0.58499991893768310547 0.43705651164054870605 0.60251826047897338867 0.60624814033508300781 0.51291954517364501953 0.25521379709243774414 0.011021083220839500427 0.00065964588429778814316 0.20795050263404846191 0.86722844839096069336 1.4033724069595336914 3.0721499919891357422 4.5109162330627441406 4.4944305419921875 4.268802642822265625 3.8568999767303466797 3.2171409130096435547 2.4348168373107910156 2.3042948246002197266 1.8522169589996337891 1.5926972627639770508 1.4583907127380371094 1.3427393436431884766 1.3977037668228149414 1.6097179651260375977 1.5253896713256835938 1.4025321006774902344 1.4042899608612060547 1.4876663684844970703 1.6378349065780639648
1.2572885751724243164 1.1550310850143432617 1.153331756591796875 1.0675848722457885742 0.82082217931747436523 0.61820876598358154297 0.47310999035835266113 0.41916680335998535156 0.42638263106346130371 0.69141632318496704102 0.78604388236999511719 0.71371597051620483398 0.69718700647354125977 0.68878471851348876953 0.64964544773101806641 0.4336382746696472168 0.2615292668342590332 0.12169767916202545166 0.13683007657527923584 -0.038342695683240890503 0.61858367919921875 1.7779603004455566406 3.4664409160614013672 4.1589202880859375 4.2314014434814453125 3.7756946086883544922 3.3258287906646728516 2.6928298473358154297 2.3531610965728759766 2.090969085693359375 1.8239268064498901367 1.8216822147369384766 1.7790397405624389648 1.6080389022827148438 1.6035836935043334961 1.5259318351745605469 1.5491079092025756836 1.4635595083236694336 1.5641782283782958984 1.5484683513641357422
