samples/et/map_et_2017-04-17.asc
ncols        322
nrows        306
xllcorner    -53.726171018035
yllcorner    -28.476684338117
cellsize     0.000269494585
NODATA_value  -1
[rows 170 to 186 of 306, columns 160 to 199 of 322]
1.0256346464157104492 1.0918529033660888672 1.1298153400421142578 1.0502661466598510742 1.116034388542175293 0.99941587448120117188 0.82352280616760253906 0.79830002784729003906 0.844356536865234375 0.74159294366836547852 0.54701030254364013672 0.56872892379760742188 0.61193776130676269531 0.68603479862213134766 0.6464264988899230957 0.66655981540679931641 0.76609534025192260742 0.61739653348922729492 0.57473361492156982422 0.56479626893997192383 0.52993416786193847656 0.52564615011215209961 0.4598706662654876709 0.39051294326782226562 0.39733383059501647949 0.31975957751274108887 0.26932659745216369629 0.2978521883487701416 0.21055483818054199219 0.2100992351770401001 0.26251003146171569824 0.28747144341468811035 0.24114017188549041748 0.32019343972206115723 0.41789224743843078613 0.66604131460189819336 0.80888825654983520508 0.81861460208892822266 0.85186016559600830078 0.76913684606552124023
1.2681843042373657227 1.1202067136764526367 1.1041637659072875977 1.0766113996505737305 1.1379489898681640625 1.0015664100646972656 0.79854422807693481445 0.75209254026412963867 0.79176086187362670898 0.81409466266632080078 0.65568011999130249023 0.69274044036865234375 0.7130286097526550293 0.76477503776550292969 0.78967559337615966797 0.73549944162368774414 0.86824738979339599609 0.85035848617553710938 0.76884251832962036133 0.74695038795471191406 0.69065719842910766602 0.70999759435653686523 0.7222544550895690918 0.63624095916748046875 0.49845072627067565918 0.4677168428897857666 0.36512649059295654297 0.3405583798885345459 0.30561488866806030273 0.22288295626640319824 0.22738817334175109863 0.25956878066062927246 0.26805979013442993164 0.1848964393138885498 0.19390822947025299072 0.38011330366134643555 0.64125907421112060547 0.69922947883605957031 0.75407433509826660156 0.87675750255584716797
1.443345189094543457 1.2065345048904418945 1.0522009134292602539 1.1483900547027587891 1.1614249944686889648 1.1045644283294677734 0.83526480197906494141 0.7834796905517578125 0.79502332210540771484 0.80742102861404418945 0.78760647773742675781 0.79893106222152709961 0.85634863376617431641 0.88273185491561889648 0.97679448127746582031 0.92071121931076049805 0.94496238231658935547 1.0119359493255615234 0.93772614002227783203 0.95611923933029174805 0.82839924097061157227 0.80200201272964477539 0.79744470119476318359 0.85232758522033691406 0.74058479070663452148 0.73919636011123657227 0.72705596685409545898 0.56389880180358886719 0.49633240699768066406 0.41456076502799987793 0.39705300331115722656 0.34912949800491333008 0.33893626928329467773 0.31119692325592041016 0.32034975290298461914 0.21006762981414794922 0.37514171004295349121 0.47427204251289367676 0.52203714847564697266 0.72706133127212524414
1.4553991556167602539 1.3527514934539794922 1.1990385055541992188 1.1495164632797241211 1.2710577249526977539 1.0539227724075317383 0.96605676412582397461 0.89275687932968139648 1.0174638032913208008 0.88987010717391967773 0.82485842704772949219 0.86042988300323486328 0.98656886816024780273 0.98125058412551879883 1.0571919679641723633 1.0169632434844970703 1.0307331085205078125 1.0979123115539550781 1.05638885498046875 1.015871882438659668 1.0699706077575683594 0.8257668614387512207 0.73262965679168701172 0.80120462179183959961 0.86444902420043945312 0.78210687637329101562 0.84379410743713378906 0.8610146641731262207 0.77777218818664550781 0.65408343076705932617 0.59075975418090820312 0.49585235118865966797 0.4352156221866607666 0.42426386475563049316 0.40667080879211425781 0.39248421788215637207 0.3395665287971496582 0.34500735998153686523 0.35665476322174072266 0.47598358988761901855
1.5178115367889404297 1.4619024991989135742 1.2692912817001342773 1.3393341302871704102 1.4034010171890258789 1.1559932231903076172 1.044567108154296875 0.92732560634613037109 1.0510516166687011719 0.92013698816299438477 0.87833118438720703125 0.88918405771255493164 1.0171655416488647461 1.0199570655822753906 1.1407526731491088867 1.1076288223266601562 1.092522740364074707 1.142506718635559082 1.1298170089721679688 1.0708845853805541992 1.1264890432357788086 0.88710886240005493164 0.79704070091247558594 0.89890640974044799805 0.89569061994552612305 0.81175744533538818359 0.91280317306518554688 0.91782766580581665039 0.79968410730361938477 0.67308157682418823242 0.60433655977249145508 0.50964051485061645508 0.41755005717277526855 0.40600445866584777832 0.4063129723072052002 0.37279760837554931641 0.29424569010734558105 0.29444241523742675781 0.25883376598358154297 0.34175273776054382324
1.477351069450378418 1.3729547262191772461 1.3471879959106445312 1.5046308040618896484 1.4764407873153686523 1.3123381137847900391 1.1234173774719238281 0.97033560276031494141 1.0104584693908691406 1.0175036191940307617 0.91641068458557128906 0.95330864191055297852 1.042115330696105957 1.0918309688568115234 1.0759166479110717773 1.1506696939468383789 1.1536084413528442383 1.1885656118392944336 1.2705438137054443359 1.1588015556335449219 1.1383216381072998047 1.0486654043197631836 0.91976964473724365234 0.73789745569229125977 0.77489715814590454102 0.85022211074829101562 0.8134517669677734375 0.85602158308029174805 0.76022624969482421875 0.68104732036590576172 0.66346108913421630859 0.63880306482315063477 0.50810837745666503906 0.45025262236595153809 0.41228905320167541504 0.40848425030708312988 0.38531056046485900879 0.34115892648696899414 0.29530388116836547852 0.36804127693176269531
1.7210012674331665039 1.5745910406112670898 1.3256018161773681641 1.4618868827819824219 1.4214873313903808594 1.3649299144744873047 1.2308825254440307617 1.2217390537261962891 1.0794665813446044922 1.0254453420639038086 0.93467092514038085938 0.89135766029357910156 1.017863154411315918 1.1472656726837158203 1.191242218017578125 1.3231717348098754883 1.3494729995727539062 1.3066767454147338867 1.2402584552764892578 1.257172703742980957 1.1791534423828125 1.0956646203994750977 1.0213835239410400391 0.98645079135894775391 0.84809142351150512695 0.76269501447677612305 0.84214448928833007812 0.80955469608306884766 0.78886270523071289062 0.66347640752792358398 0.64781564474105834961 0.59704595804214477539 0.51280432939529418945 0.46215009689331054688 0.42058211565017700195 0.44992783665657043457 0.44743654131889343262 0.40499028563499450684 0.3577041923999786377 0.33016324043273925781
1.9412962198257446289 1.7490894794464111328 1.6741510629653930664 1.6308109760284423828 1.4631175994873046875 1.3954348564147949219 1.3515642881393432617 1.2936257123947143555 1.3367987871170043945 1.1878508329391479492 1.134030461311340332 1.0058474540710449219 0.95400249958038330078 1.125523686408996582 1.2019145488739013672 1.3851878643035888672 1.5113652944564819336 1.4695265293121337891 1.4973289966583251953 1.4099161624908447266 1.2757196426391601562 1.2123270034790039062 1.1996052265167236328 1.0898491144180297852 1.0263618230819702148 0.92104768753051757812 0.91474968194961547852 0.87383085489273071289 0.90412908792495727539 0.69261449575424194336 0.60096853971481323242 0.62252920866012573242 0.51394915580749511719 0.46400636434555053711 0.45083346962928771973 0.504497528076171875 0.56230181455612182617 0.55253487825393676758 0.46584784984588623047 0.35349756479263305664
1.9402217864990234375 1.8515655994415283203 1.8352209329605102539 1.9100601673126220703 1.8238713741302490234 1.5872046947479248047 1.6057846546173095703 1.484728693962097168 1.6019839048385620117 1.5163104534149169922 1.3158092498779296875 1.3077518939971923828 1.2284935712814331055 1.2342990636825561523 1.4005675315856933594 1.4351884126663208008 1.5337768793106079102 1.6112077236175537109 1.6976125240325927734 1.7469168901443481445 1.4863032102584838867 1.2347816228866577148 1.2910791635513305664 1.2613434791564941406 1.1128575801849365234 0.97969734668731689453 0.99283564090728759766 1.0442193746566772461 1.0577592849731445312 0.93795382976531982422 0.66455852985382080078 0.65328991413116455078 0.61096060276031494141 0.54102343320846557617 0.53505873680114746094 0.4926255345344543457 0.5665938258171081543 0.56014984846115112305 0.53953564167022705078 0.45291996002197265625
1.796778559684753418 1.828396916389465332 1.8845974206924438477 1.9355331659317016602 2.0109322071075439453 1.9741499423980712891 1.9009529352188110352 1.7998826503753662109 1.7910426855087280273 1.8644077777862548828 1.6733602285385131836 1.4848864078521728516 1.5444797277450561523 1.538674473762512207 1.5333173274993896484 1.6104495525360107422 1.6068184375762939453 1.6310013532638549805 1.6134583950042724609 1.7143387794494628906 1.5360933542251586914 1.1088879108428955078 1.0307837724685668945 1.0860972404479980469 1.0258246660232543945 0.91133254766464233398 0.79440629482269287109 0.78098386526107788086 0.90226918458938598633 0.96863150596618652344 0.91091102361679077148 0.74660825729370117188 0.74591827392578125 0.58831179141998291016 0.58323037624359130859 0.56683140993118286133 0.58385413885116577148 0.59654051065444946289 0.56853121519088745117 0.52561289072036743164
1.5330573320388793945 1.5651113986968994141 1.568673253059387207 1.6646151542663574219 1.8181476593017578125 1.9802407026290893555 2.0154497623443603516 1.8613762855529785156 1.7591550350189208984 1.9195388555526733398 2.1012108325958251953 1.8694438934326171875 1.5929851531982421875 1.5199903249740600586 1.446826934814453125 1.4167604446411132812 1.5027207136154174805 1.54782867431640625 1.376473546028137207 1.3450418710708618164 1.1837744712829589844 0.89862120151519775391 0.76273107528686523438 0.74611783027648925781 0.75898784399032592773 0.65525364875793457031 0.65451627969741821289 0.70100474357604980469 0.69818258285522460938 0.72833275794982910156 0.8333142399787902832 0.7786108851432800293 0.75091320276260375977 0.69545567035675048828 0.66585481166839599609 0.60251241922378540039 0.55274152755737304688 0.61227852106094360352 0.55534213781356811523 0.49837484955787658691
1.0272514820098876953 1.2110497951507568359 1.2196218967437744141 1.3657891750335693359 1.5221130847930908203 1.6681131124496459961 1.7660692930221557617 1.7656626701354980469 1.6926330327987670898 1.897312164306640625 2.0678529739379882812 2.1099340915679931641 1.9372057914733886719 1.6683319807052612305 1.52256011962890625 1.3919289112091064453 1.2203052043914794922 1.2388625144958496094 0.96004784107208251953 0.89421087503433227539 0.5826250910758972168 0.43766695261001586914 0.47214493155479431152 0.61791175603866577148 0.59700578451156616211 0.66491228342056274414 0.51471930742263793945 0.63322442770004272461 0.88974493741989135742 0.87347376346588134766 0.72182476520538330078 0.70825248956680297852 0.66458696126937866211 0.61631220579147338867 0.58762609958648681641 0.58847343921661376953 0.58906233310699462891 0.57651269435882568359 0.55346369743347167969 0.49800312519073486328
0.53887450695037841797 0.7090346217155456543 0.76887649297714233398 1.1380352973937988281 1.3947651386260986328 1.4773806333541870117 1.5365602970123291016 1.5654053688049316406 1.6092275381088256836 1.6572288274765014648 1.7939038276672363281 1.8961877822875976562 1.9348276853561401367 1.8478729724884033203 1.6537671089172363281 1.5527826547622680664 1.2491325139999389648 1.0657614469528198242 1.0185838937759399414 0.69761288166046142578 0.44662895798683166504 0.23470024764537811279 0.20192086696624755859 0.46233201026916503906 0.66502577066421508789 0.65324497222900390625 0.71294414997100830078 0.56253784894943237305 0.70240837335586547852 0.91832983493804931641 0.93936878442764282227 0.85934454202651977539 0.82389867305755615234 0.71031832695007324219 0.6809088587760925293 0.66335964202880859375 0.71901619434356689453 0.79645055532455444336 0.70263326168060302734 0.61563307046890258789
0.46424266695976257324 0.415874481201171875 0.58538758754730224609 0.95192539691925048828 1.3882293701171875 1.5074596405029296875 1.4999336004257202148 1.5340304374694824219 1.4995872974395751953 1.4789650440216064453 1.4942270517349243164 1.5460528135299682617 1.5682911872863769531 1.6472982168197631836 1.6056873798370361328 1.4859933853149414062 1.3213814496994018555 0.97717261314392089844 0.87264484167098999023 0.66893470287322998047 0.56601548194885253906 0.46349513530731201172 0.32428199052810668945 0.36355841159820556641 0.56809747219085693359 0.60096335411071777344 0.55958080291748046875 0.58633649349212646484 0.61869126558303833008 0.72353303432464599609 0.92206299304962158203 1.0071568489074707031 1.0024647712707519531 0.92835539579391479492 0.89288020133972167969 0.80114096403121948242 0.77735096216201782227 0.8428789973258972168 0.94804656505584716797 0.89539706707000732422
0.38260537385940551758 0.23675565421581268311 0.4634901583194732666 0.76212960481643676758 1.1531127691268920898 1.4814035892486572266 1.5116322040557861328 1.5562111139297485352 1.6142956018447875977 1.6200902462005615234 1.5536786317825317383 1.5894981622695922852 1.4246274232864379883 1.3081604242324829102 1.2896203994750976562 1.3128376007080078125 1.3244369029998779297 1.0372813940048217773 0.87051069736480712891 0.68004149198532104492 0.56394898891448974609 0.55385422706604003906 0.51238089799880981445 0.42653098702430725098 0.52808284759521484375 0.61512237787246704102 0.53079336881637573242 0.58934134244918823242 0.60879307985305786133 0.70312422513961791992 0.80388265848159790039 0.95587569475173950195 1.0192074775695800781 0.95011961460113525391 0.91599136590957641602 0.9033362269401550293 0.87806278467178344727 0.75257688760757446289 0.83341050148010253906 0.9296442866325378418
0.16137303411960601807 0.21767756342887878418 0.35911807417869567871 0.67817640304565429688 1.036065220832824707 1.4682878255844116211 1.6062079668045043945 1.7141139507293701172 1.8696819543838500977 1.8555114269256591797 1.8379526138305664062 1.6977620124816894531 1.4988707304000854492 1.3124815225601196289 1.1666373014450073242 1.1297231912612915039 1.2333998680114746094 1.197277069091796875 1.0360190868377685547 0.92004418373107910156 0.7563946843147277832 0.63089233636856079102 0.56220144033432006836 0.51467967033386230469 0.47790440917015075684 0.61857843399047851562 0.54739969968795776367 0.6083481907844543457 0.67665904760360717773 0.74262839555740356445 0.75871777534484863281 0.8177000880241394043 0.99009865522384643555 0.93035608530044555664 0.93163794279098510742 0.83003824949264526367 0.90327799320220947266 0.87682002782821655273 0.84560757875442504883 0.89818495512008666992
0.018533889204263687134 0.059619743376970291138 0.27862140536308288574 0.56718921661376953125 1.0256594419479370117 1.4325973987579345703 1.6485921144485473633 1.81935882568359375 1.9794214963912963867 1.9814674854278564453 1.8706576824188232422 1.7524775266647338867 1.5304672718048095703 1.3062807321548461914 1.0536861419677734375 1.0718050003051757812 1.1311657428741455078 1.2066621780395507812 1.0798393487930297852 1.0182180404663085938 1.0089763402938842773 0.84819215536117553711 0.73344635963439941406 0.65802681446075439453 0.60563123226165771484 0.76877820491790771484 0.74822270870208740234 0.72395545244216918945 0.84578818082809448242 0.86258828639984130859 0.92371994256973266602 0.86708378791809082031 0.92238438129425048828 0.96514981985092163086 0.96216475963592529297 0.78473615646362304688 0.78288453817367553711 0.91147285699844360352 0.90559881925582885742 0.91935443878173828125
