samples/et/map_et_2017-06-20.asc
ncols        322
nrows        306
xllcorner    -53.726171018035
yllcorner    -28.476684338117
cellsize     0.000269494585
NODATA_value  -1
[rows 102 to 118 of 306, columns 120 to 159 of 322]
0.11387292295694351196 0.13915073871612548828 0.19476763904094696045 0.26387336850166320801 0.0071435449644923210144 -0.054090239107608795166 0.041492622345685958862 0.042270880192518234253 0.078189194202423095703 -0.0045335171744227409363 -0.12653067708015441895 -0.1987056732177734375 -0.16252946853637695312 -0.050977475941181182861 0.021886693313717842102 -0.47031858563423156738 -0.5284468531608581543 -0.13181956112384796143 0.083210334181785583496 0.072626985609531402588 0.12941667437553405762 0.4030437469482421875 0.26119658350944519043 0.19139225780963897705 0.30947378277778625488 0.53209853172302246094 0.60246527194976806641 0.60741192102432250977 0.75319129228591918945 0.82356148958206176758 1.1566129922866821289 1.2635564804077148438 1.461567997932434082 1.6626522541046142578 1.6615705490112304688 1.6170231103897094727 1.5662480592727661133 1.383299708366394043 0.82248055934906005859 0.83370345830917358398
0.26909396052360534668 0.23513929545879364014 0.079914130270481109619 0.10484521836042404175 0.22747789323329925537 0.065571226179599761963 -0.013004909269511699677 -0.020487949252128601074 -0.098111547529697418213 -0.11897785216569900513 -0.12714217603206634521 -0.48005139827728271484 -0.60198324918746948242 -0.73792576789855957031 -0.7818686366081237793 -1.0445410013198852539 -1.2564878463745117188 -0.8275515437126159668 -0.77112239599227905273 -0.71865820884704589844 -0.60355699062347412109 -0.40206024050712585449 -0.50025826692581176758 -0.59373629093170166016 -0.31381142139434814453 0.17524574697017669678 0.32721406221389770508 0.29259040951728820801 0.27590620517730712891 0.31528425216674804688 0.53189295530319213867 0.64327132701873779297 0.72717845439910888672 0.91506081819534301758 1.1677705049514770508 1.2857927083969116211 1.4182585477828979492 1.5183795690536499023 1.3491473197937011719 0.94701910018920898438
0.45791694521903991699 0.11315590143203735352 0.24418754875659942627 0.46134287118911743164 0.60291582345962524414 0.26089841127395629883 -0.1159641072154045105 -0.14745855331420898438 -0.24804480373859405518 -0.4254398643970489502 -0.34382602572441101074 -0.550060272216796875 -0.72571551799774169922 -0.75373291969299316406 -0.82469415664672851562 -0.94433456659317016602 -1.1208796501159667969 -0.99317014217376708984 -0.95424503087997436523 -1.2013384103775024414 -1.2210959196090698242 -0.86629730463027954102 -0.85768347978591918945 -1.0410643815994262695 -1.1225576400756835938 -0.73081582784652709961 -0.50714260339736938477 -0.33829715847969055176 -0.10260978341102600098 -0.11626341193914413452 0.0087543493136763572693 0.37012568116188049316 0.47088375687599182129 0.5203387141227722168 0.50923991203308105469 0.69284051656723022461 0.93808674812316894531 1.2754982709884643555 1.7576887607574462891 1.170308232307434082
0.54915893077850341797 0.39421743154525756836 0.24365481734275817871 0.45649105310440063477 0.57367646694183349609 0.49992936849594116211 -0.006851923186331987381 -0.15530088543891906738 -0.2893047034740447998 -0.38153594732284545898 -0.48584160208702087402 -0.31186413764953613281 -0.56867098808288574219 -0.44500675797462463379 -0.40958714485168457031 -0.39653378725051879883 -0.72888326644897460938 -0.91817492246627807617 -0.75087881088256835938 -1.0662450790405273438 -1.4077658653259277344 -1.1075650453567504883 -0.61436021327972412109 -0.89229506254196166992 -1.1897962093353271484 -1.3705701828002929688 -1.3686047792434692383 -1.0300127267837524414 -0.79249757528305053711 -0.68015474081039428711 -0.66117125749588012695 -0.19718325138092041016 0.029633287340402603149 0.4007396996021270752 0.44046682119369506836 0.47063535451889038086 0.53751230239868164062 0.88086092472076416016 1.1060479879379272461 1.2149637937545776367
0.69651353359222412109 0.63371241092681884766 0.37531006336212158203 0.14154043793678283691 0.271331787109375 0.2808945775032043457 0.2057323455810546875 0.13772347569465637207 -0.07187792658805847168 -0.015192148275673389435 -0.14409296214580535889 -0.026963811367750167847 -0.37501540780067443848 -0.64198577404022216797 -0.52592509984970092773 -0.42429402470588684082 -0.38145375251770019531 -0.49266156554222106934 -0.60241532325744628906 -0.85931974649429321289 -1.2218706607818603516 -1.3668384552001953125 -0.86064714193344116211 -0.78339719772338867188 -0.9958775639533996582 -1.0893090963363647461 -1.035265803337097168 -1.2641522884368896484 -1.0015531778335571289 -0.73601388931274414062 -0.56274586915969848633 -0.53098070621490478516 -0.22849191725254058838 0.16100442409515380859 0.32830965518951416016 0.49786600470542907715 0.59411019086837768555 0.8849570155143737793 1.048071742057800293 1.1163201332092285156
0.79922437667846679688 0.73440897464752197266 0.44025284051895141602 0.20916315913200378418 0.33146423101425170898 0.27078515291213989258 0.19074909389019012451 0.1790685504674911499 0.15199930965900421143 0.20066952705383300781 0.16356855630874633789 0.065344199538230895996 -0.35824540257453918457 -0.57349717617034912109 -0.51031488180160522461 -0.25599738955497741699 -0.28803613781929016113 -0.38043323159217834473 -0.51568514108657836914 -0.70820814371109008789 -1.0380192995071411133 -1.1780989170074462891 -0.70098614692687988281 -0.68209481239318847656 -0.90662050247192382812 -0.99534857273101806641 -1.0214390754699707031 -1.1752710342407226562 -1.0564069747924804688 -0.73182892799377441406 -0.69211113452911376953 -0.60487669706344604492 -0.48659056425094604492 -0.32013276219367980957 -0.15010058879852294922 0.21132856607437133789 0.4092102348804473877 0.56741786003112792969 0.70711874961853027344 0.86387091875076293945
1.0848706960678100586 0.84508597850799560547 0.64475452899932861328 0.53137820959091186523 0.58665186166763305664 0.47008937597274780273 0.33330109715461730957 0.32833817601203918457 0.45912781357765197754 0.38109326362609863281 0.50901776552200317383 0.57031434774398803711 0.38289949297904968262 -0.065243668854236602783 -0.4077244102954864502 -0.1737810969352722168 -0.051856841892004013062 -0.04511513933539390564 -0.14307676255702972412 -0.32423353195190429688 -0.71209669113159179688 -0.7719058990478515625 -0.75216192007064819336 -0.54776710271835327148 -0.51277661323547363281 -0.53295129537582397461 -0.60357624292373657227 -0.75096762180328369141 -0.65681701898574829102 -0.63535362482070922852 -0.29989722371101379395 -0.58803033828735351562 -0.51789957284927368164 -0.35830894112586975098 -0.3954442143440246582 -0.21108140051364898682 -0.030110288411378860474 0.083187289535999298096 0.41499754786491394043 0.66091424226760864258
0.90988290309906005859 1.0079675912857055664 0.92830336093902587891 0.927349090576171875 0.86697089672088623047 0.8549111485481262207 0.79787248373031616211 0.74251562356948852539 0.61238527297973632812 0.56946831941604614258 0.49176445603370666504 0.7055632472038269043 0.76087033748626708984 0.58857131004333496094 0.27237915992736816406 0.090607948601245880127 0.35405740141868591309 0.47599676251411437988 0.39442351460456848145 0.32079660892486572266 0.05310796201229095459 -0.017704628407955169678 -0.10418655723333358765 -0.29448673129081726074 -0.34722101688385009766 -0.38654980063438415527 -0.67719888687133789062 -0.60555887222290039062 -0.53073841333389282227 -0.51468634605407714844 -0.639301300048828125 -0.54894167184829711914 -0.68130791187286376953 -0.75089991092681884766 -0.56857061386108398438 -0.27755385637283325195 -0.32827892899513244629 -0.38405507802963256836 0.071913063526153564453 0.52325862646102905273
0.7418950200080871582 0.78082525730133056641 0.94785618782043457031 1.0873553752899169922 1.2122323513031005859 1.17977142333984375 0.97401285171508789062 0.91366434097290039062 0.6635379791259765625 0.59387308359146118164 0.4135405123233795166 0.62169921398162841797 0.82835173606872558594 0.86283856630325317383 0.5998528599739074707 0.23068021237850189209 0.29677286744117736816 0.46022447943687438965 0.63698208332061767578 0.61482411623001098633 0.35888078808784484863 0.18299464881420135498 0.25348609685897827148 0.10257735103368759155 -0.089952647686004638672 -0.081871673464775085449 -0.34534984827041625977 -0.52669095993041992188 -0.26906296610832214355 -0.31358635425567626953 -0.34090635180473327637 -0.51218283176422119141 -0.45807495713233947754 -0.52385818958282470703 -0.38097962737083435059 -0.45445474982261657715 -0.39331939816474914551 -0.57746416330337524414 -0.42170569300651550293 -0.0021216350141912698746
0.82265770435333251953 0.70915895700454711914 0.84650796651840209961 0.98238408565521240234 1.0959367752075195312 1.2911169528961181641 1.0640252828598022461 1.0618115663528442383 0.86380398273468017578 0.70587104558944702148 0.67256963253021240234 0.69027656316757202148 0.88480812311172485352 1.0584548711776733398 0.80577778816223144531 0.50058650970458984375 0.31641700863838195801 0.37112817168235778809 0.47734904289245605469 0.5625171661376953125 0.34698650240898132324 0.0079263215884566307068 0.018996486440300941467 0.22736488282680511475 0.29879450798034667969 0.25526759028434753418 0.069034107029438018799 -0.2963708043098449707 -0.12499029934406280518 -0.17135584354400634766 0.0083301374688744544983 -0.15773797035217285156 -0.45421019196510314941 -0.54562175273895263672 -0.36214494705200195312 -0.20447464287281036377 -0.21545824408531188965 -0.47999724745750427246 -0.60838371515274047852 -0.58812278509140014648
0.93111592531204223633 0.8782545924186706543 0.78243046998977661133 0.81643432378768920898 0.82407027482986450195 0.78493809700012207031 0.97977083921432495117 1.0376589298248291016 0.99266833066940307617 0.98063844442367553711 0.93496108055114746094 0.93250727653503417969 1.0083523988723754883 0.91723471879959106445 0.98636037111282348633 0.77241402864456176758 0.56821089982986450195 0.47912892699241638184 0.45919960737228393555 0.43956014513969421387 0.38977718353271484375 0.12947502732276916504 0.072087310254573822021 0.28185379505157470703 0.29890450835227966309 0.36051163077354431152 0.25989082455635070801 0.09287392348051071167 -0.21750448644161224365 -0.17376735806465148926 -0.07445039600133895874 0.050158035010099411011 -0.019399167969822883606 -0.48104897141456604004 -0.68538987636566162109 -0.25485134124755859375 -0.14214920997619628906 -0.12775571644306182861 -0.33476477861404418945 -0.32588100433349609375
1.1008504629135131836 1.0417883396148681641 0.99636471271514892578 0.71103066205978393555 0.65921664237976074219 0.76043808460235595703 0.81339448690414428711 0.83432984352111816406 0.97486454248428344727 1.0455421209335327148 1.0626876354217529297 0.99948996305465698242 0.8914057612419128418 0.62808740139007568359 0.85112607479095458984 0.77726835012435913086 0.69660341739654541016 0.59025037288665771484 0.62507915496826171875 0.52399182319641113281 0.56636661291122436523 0.41319900751113891602 0.389698028564453125 0.36296579241752624512 0.36829528212547302246 0.38447651267051696777 0.43982365727424621582 0.24226705729961395264 -0.049753561615943908691 -0.047039762139320373535 -0.23363773524761199951 -0.024066293612122535706 0.26741969585418701172 -0.062382418662309646606 -0.62257230281829833984 -0.49435818195343017578 -0.45482090115547180176 -0.34426829218864440918 -0.23749047517776489258 -0.28529402613639831543
1.1058248281478881836 0.99846190214157104492 0.99718087911605834961 0.93942242860794067383 0.86643832921981811523 0.91282248497009277344 0.97247046232223510742 0.97616016864776611328 1.0221027135848999023 0.85352730751037597656 0.92737841606140136719 1.0350378751754760742 0.90381109714508056641 0.53338766098022460938 0.62288784980773925781 0.73562943935394287109 0.5943851470947265625 0.70196801424026489258 0.68772530555725097656 0.8046696782112121582 0.71076637506484985352 0.74220716953277587891 0.72686982154846191406 0.57472157478332519531 0.41541814804077148438 0.40143048763275146484 0.3817151188850402832 0.26641991734504699707 -0.032461721450090408325 -0.021301124244928359985 -0.19971296191215515137 -0.24402314424514770508 0.03474130481481552124 0.054634127765893936157 -0.43180507421493530273 -0.64407527446746826172 -0.62941259145736694336 -0.65686434507369995117 -0.71030926704406738281 -0.64341723918914794922
0.82896834611892700195 0.82851850986480712891 1.0684769153594970703 1.1987822055816650391 1.3162512779235839844 1.1995515823364257812 1.0650410652160644531 1.0663466453552246094 1.1046633720397949219 0.99245446920394897461 0.82207262516021728516 0.95672869682312011719 1.0962370634078979492 0.87200146913528442383 0.59449595212936401367 0.74548012018203735352 0.77861791849136352539 0.87605345249176025391 0.78276574611663818359 0.98466658592224121094 0.89788794517517089844 0.84683758020401000977 0.76732432842254638672 0.81937074661254882812 0.54387575387954711914 0.27609014511108398438 0.27668789029121398926 0.31983906030654907227 0.21983681619167327881 0.10805591195821762085 -0.058441873639822006226 -0.26623320579528808594 -0.21251946687698364258 -0.1096355244517326355 -0.15742591023445129395 -0.50103688240051269531 -0.63025355339050292969 -0.57781976461410522461 -0.81254720687866210938 -0.77313143014907836914
0.84312742948532104492 0.86722791194915771484 0.96227002143859863281 1.0682392120361328125 1.1521298885345458984 1.3384592533111572266 1.0462434291839599609 1.0454398393630981445 1.0021114349365234375 1.0790624618530273438 0.82089310884475708008 0.87574774026870727539 1.0507913827896118164 1.1653569936752319336 0.82210820913314819336 0.73467236757278442383 0.93685519695281982422 1.0412566661834716797 1.1080305576324462891 1.0287497043609619141 1.0253936052322387695 0.85366004705429077148 0.61970293521881103516 0.65872800350189208984 0.60205793380737304688 0.4102802574634552002 0.39115211367607116699 0.37326350808143615723 0.33140465617179870605 0.27777954936027526855 0.12986545264720916748 -0.088496662676334381104 -0.13760183751583099365 -0.35622367262840270996 -0.11468459665775299072 -0.1253150254487991333 -0.20328581333160400391 -0.54599702358245849609 -0.59679770469665527344 -0.8574078679084777832
0.94759637117385864258 0.92690128087997436523 0.72198975086212158203 0.56604939699172973633 0.72757226228713989258 0.83982497453689575195 0.83833009004592895508 0.83994579315185546875 0.76466482877731323242 0.96139574050903320312 0.93452942371368408203 0.88372498750686645508 0.86476993560791015625 1.0575441122055053711 1.0274664163589477539 0.80053937435150146484 0.85863357782363891602 0.98995566368103027344 1.0067484378814697266 0.96673381328582763672 0.92118799686431884766 0.80930298566818237305 0.63624501228332519531 0.5785319209098815918 0.57577574253082275391 0.4178905785083770752 0.36394193768501281738 0.54683548212051391602 0.3854205012321472168 0.38903912901878356934 0.35364291071891784668 0.21464380621910095215 0.16176882386207580566 -0.19290271401405334473 -0.48124173283576965332 -0.31514346599578857422 -0.34134897589683532715 -0.43354883790016174316 -0.55026257038116455078 -0.6795489192008972168
0.9023119807243347168 0.85588848590850830078 0.74084019660949707031 0.66261994838714599609 0.62229454517364501953 0.69225746393203735352 0.62960320711135864258 0.62479710578918457031 0.57092130184173583984 0.78583186864852905273 0.87141984701156616211 0.9797801971435546875 0.83383953571319580078 0.97027057409286499023 1.2334780693054199219 1.0223834514617919922 0.88447171449661254883 0.94348663091659545898 1.0405704975128173828 0.92240202426910400391 0.90609210729598999023 0.8808441162109375 0.70096707344055175781 0.64710825681686401367 0.63697582483291625977 0.52661383152008056641 0.37689697742462158203 0.48104578256607055664 0.56620180606842041016 0.52072530984878540039 0.51170712709426879883 0.45390847325325012207 0.38358867168426513672 0.22122502326965332031 -0.088478080928325653076 -0.11982593685388565063 -0.3168233036994934082 -0.12373010814189910889 -0.22814480960369110107 -0.33054754137992858887
