samples/et/map_et_2017-06-20.asc
ncols        322
nrows        306
xllcorner    -53.726171018035
yllcorner    -28.476684338117
cellsize     0.000269494585
NODATA_value  -1
[rows 85 to 101 of 306, columns 200 to 239 of 322]
0.78438878059387207031 0.59074378013610839844 0.40694281458854675293 0.38526824116706848145 0.27241083979606628418 0.17994049191474914551 -0.048205927014350891113 0.010525826364755630493 0.29866081476211547852 0.45931711792945861816 0.36652442812919616699 0.44468662142753601074 0.48004433512687683105 0.49665954709053039551 0.59325164556503295898 0.55578309297561645508 0.80259466171264648438 0.89410424232482910156 1.0246713161468505859 0.59191292524337768555 0.40745112299919128418 0.32769057154655456543 0.58346080780029296875 0.62764960527420043945 0.70358395576477050781 0.62897127866744995117 0.68803316354751586914 0.68162596225738525391 0.67656207084655761719 0.56044995784759521484 0.40574258565902709961 0.50107485055923461914 0.49885490536689758301 0.3802655339241027832 0.37048235535621643066 0.16298060119152069092 -0.15448550879955291748 -0.19255715608596801758 -0.4309826195240020752 -0.64506143331527709961
0.73134839534759521484 0.73079532384872436523 0.61685287952423095703 0.59250873327255249023 0.37586110830307006836 0.24335619807243347168 0.17292481660842895508 0.36226585507392883301 0.64169996976852416992 0.95236682891845703125 0.81602716445922851562 0.80585259199142456055 0.81000852584838867188 0.8853257298469543457 0.89961338043212890625 0.86794638633728027344 0.86776995658874511719 0.86414420604705810547 0.98300313949584960938 0.94037252664566040039 0.7387180328369140625 0.59276670217514038086 0.47641974687576293945 0.74955511093139648438 0.83483141660690307617 0.85786604881286621094 0.85610193014144897461 0.87101560831069946289 0.83893507719039916992 0.84041416645050048828 0.66534823179244995117 0.56977432966232299805 0.53885477781295776367 0.47668957710266113281 0.43958291411399841309 0.41248220205307006836 0.22662872076034545898 0.078429505228996276855 -0.10651285946369171143 -0.30360913276672363281
1.2973870038986206055 0.85348993539810180664 0.82001155614852905273 0.76010751724243164062 0.62063616514205932617 0.45170035958290100098 0.44530645012855529785 0.56541901826858520508 0.78009688854217529297 0.98848187923431396484 1.0981059074401855469 1.188099980354309082 1.3303699493408203125 1.3434354066848754883 1.5012384653091430664 1.3442540168762207031 1.1174951791763305664 1.1175000667572021484 1.09828948974609375 1.1868497133255004883 1.0510240793228149414 1.1224911212921142578 0.95736736059188842773 0.77886730432510375977 0.83224666118621826172 0.75758886337280273438 0.76903897523880004883 0.89464908838272094727 0.93455278873443603516 0.88585913181304931641 0.85619199275970458984 0.81482982635498046875 0.67021107673645019531 0.60969537496566772461 0.47649565339088439941 0.51089686155319213867 0.45846420526504516602 0.26951354742050170898 0.11101002246141433716 -0.0079990392550826072693
1.56754302978515625 1.308800816535949707 1.0379816293716430664 0.86952495574951171875 0.78191423416137695312 0.77510678768157958984 0.74870979785919189453 0.74794924259185791016 0.8285388946533203125 1.0640015602111816406 1.3190042972564697266 1.2174271345138549805 1.3495410680770874023 1.2337255477905273438 1.5293476581573486328 1.5873774290084838867 1.5147978067398071289 1.3932712078094482422 1.4466416835784912109 1.5129063129425048828 1.3202532529830932617 1.3056600093841552734 1.3093025684356689453 1.2489281892776489258 0.97237032651901245117 0.87205904722213745117 0.77970337867736816406 0.88816171884536743164 1.0262120962142944336 0.97670328617095947266 0.99638980627059936523 0.96266901493072509766 0.96621286869049072266 0.71546673774719238281 0.66046977043151855469 0.61141258478164672852 0.68578958511352539062 0.45820960402488708496 0.3914032280445098877 0.11057095974683761597
1.6596245765686035156 1.5716003179550170898 1.3750211000442504883 1.1002122163772583008 1.0647487640380859375 1.0706198215484619141 1.0666564702987670898 0.96446096897125244141 1.1314650774002075195 1.3014514446258544922 1.4070832729339599609 1.2370009422302246094 1.1061629056930541992 1.1031578779220581055 1.1920411586761474609 1.4104415178298950195 1.5133038759231567383 1.512017369270324707 1.4616409540176391602 1.5034534931182861328 1.4246380329132080078 1.3277111053466796875 1.4974845647811889648 1.6338253021240234375 1.6640076637268066406 1.3875651359558105469 1.1393707990646362305 1.1832683086395263672 1.2137367725372314453 1.2126069068908691406 1.1453593969345092773 1.2080976963043212891 1.2584600448608398438 1.145959019660949707 0.92352819442749023438 0.73184949159622192383 0.88362050056457519531 0.68626242876052856445 0.66436737775802612305 0.50474536418914794922
1.4468343257904052734 1.5928547382354736328 1.4442697763442993164 1.3181432485580444336 1.1983634233474731445 1.1955714225769042969 1.1633957624435424805 1.1761083602905273438 1.4598662853240966797 1.6251941919326782227 1.6255513429641723633 1.3998174667358398438 1.1372126340866088867 1.0320918560028076172 1.1651957035064697266 1.5014995336532592773 1.4089664220809936523 1.4213960170745849609 1.6134283542633056641 1.5555799007415771484 1.5023840665817260742 1.1700979471206665039 1.221558690071105957 1.3253096342086791992 1.7158880233764648438 1.7051384449005126953 1.2464846372604370117 1.2766997814178466797 1.2786009311676025391 1.455569148063659668 1.3532214164733886719 1.2871870994567871094 1.3520085811614990234 1.4261535406112670898 1.3778643608093261719 1.227085113525390625 0.99080377817153930664 1.0416710376739501953 0.87558269500732421875 0.97380024194717407227
1.2444808483123779297 1.3630384206771850586 1.6106139421463012695 1.5273821353912353516 1.4179109334945678711 1.1811909675598144531 1.0873453617095947266 1.17317962646484375 1.4968955516815185547 1.9503862857818603516 2.0613739490509033203 2.1478707790374755859 2.0104818344116210938 1.5973916053771972656 1.3797464370727539062 1.5587815046310424805 1.395960688591003418 1.1875823736190795898 1.3629782199859619141 1.6967914104461669922 1.6342983245849609375 1.4450002908706665039 1.1877387762069702148 1.3275295495986938477 1.5018938779830932617 1.764583587646484375 1.6226781606674194336 1.3981027603149414062 1.4049605131149291992 1.4462234973907470703 1.3175264596939086914 1.3086360692977905273 1.1843674182891845703 1.3395400047302246094 1.3948127031326293945 1.4286428689956665039 1.3276478052139282227 1.3852940797805786133 1.1015071868896484375 1.1260683536529541016
1.5375041961669921875 1.3308691978454589844 1.6479493379592895508 1.9395649433135986328 1.7922244071960449219 1.4929558038711547852 1.2763805389404296875 1.2087924480438232422 1.4329252243041992188 1.7945954799652099609 2.1133759021759033203 2.4056963920593261719 2.4478940963745117188 2.4018383026123046875 1.9260636568069458008 1.6735156774520874023 1.5081248283386230469 1.1839048862457275391 1.1488596200942993164 1.5643754005432128906 1.9825224876403808594 1.8658616542816162109 1.5422017574310302734 1.5512785911560058594 1.7658457756042480469 1.807217717170715332 1.7917705774307250977 1.4093754291534423828 1.4666740894317626953 1.4357029199600219727 1.3731745481491088867 1.1877968311309814453 1.1061267852783203125 1.0692945718765258789 1.1865597963333129883 1.1924302577972412109 1.1986978054046630859 1.3052908182144165039 1.3345121145248413086 1.1568355560302734375
1.6818829774856567383 1.5741698741912841797 1.5819429159164428711 2.0257465839385986328 2.0274953842163085938 1.7698949575424194336 1.7366302013397216797 1.6227486133575439453 1.4479548931121826172 1.6513153314590454102 1.8503023386001586914 2.1134862899780273438 2.4064874649047851562 2.4301984310150146484 2.4003305435180664062 2.2106518745422363281 2.0434412956237792969 1.7458760738372802734 1.3199894428253173828 1.4004119634628295898 1.8470563888549804688 2.0292005538940429688 2.0336847305297851562 1.7984844446182250977 1.8127206563949584961 1.9668041467666625977 1.8785109519958496094 1.65959930419921875 1.6515823602676391602 1.3323856592178344727 1.4329930543899536133 1.2453140020370483398 1.1847178936004638672 1.2556569576263427734 1.2396503686904907227 1.0877853631973266602 1.2046567201614379883 1.3177766799926757812 1.4698675870895385742 1.3232996463775634766
1.5170025825500488281 1.7464365959167480469 1.7076947689056396484 1.8063782453536987305 1.992186427116394043 1.9745827913284301758 1.8609148263931274414 1.7915387153625488281 1.4845029115676879883 1.3040344715118408203 1.3318140506744384766 1.4811328649520874023 1.9407428503036499023 2.4208776950836181641 2.4639263153076171875 2.4329097270965576172 2.4097166061401367188 2.1614246368408203125 1.674471735954284668 1.3836978673934936523 1.5233002901077270508 1.7332823276519775391 1.9105010032653808594 2.015537261962890625 1.9085103273391723633 2.0793385505676269531 2.1663458347320556641 2.0404231548309326172 2.0311207771301269531 1.7222670316696166992 1.6187950372695922852 1.3817760944366455078 1.3520988225936889648 1.4672760963439941406 1.4198369979858398438 1.3757965564727783203 1.3743590116500854492 1.5359858274459838867 1.6548758745193481445 1.7427704334259033203
1.2469220161437988281 1.3165884017944335938 1.4202408790588378906 1.480317234992980957 1.668347477912902832 1.743109583854675293 1.6717188358306884766 1.5396234989166259766 1.4521547555923461914 1.3707238435745239258 1.2437037229537963867 1.1331712007522583008 1.2434698343276977539 1.921372532844543457 2.3211514949798583984 2.4057264328002929688 2.432155609130859375 2.3723478317260742188 1.9831738471984863281 1.5681245326995849609 1.458080291748046875 1.4153673648834228516 1.2762310504913330078 1.3322250843048095703 1.5725482702255249023 2.0254647731781005859 2.2138257026672363281 2.1941623687744140625 2.1742887496948242188 2.0655031204223632812 1.8502901792526245117 1.5317739248275756836 1.4772675037384033203 1.3284302949905395508 1.3625786304473876953 1.5163743495941162109 1.3370144367218017578 1.4093366861343383789 1.4978244304656982422 1.727997899055480957
1.0102764368057250977 0.77020150423049926758 0.77137351036071777344 0.83427101373672485352 0.83734869956970214844 0.93301481008529663086 0.84965282678604125977 0.9703083038330078125 1.0336732864379882812 1.1935451030731201172 1.2090697288513183594 1.1139495372772216797 1.0301445722579956055 1.2655531167984008789 1.6530061960220336914 1.9613326787948608398 2.2632014751434326172 2.392913818359375 2.1124773025512695312 1.5784336328506469727 1.3328038454055786133 1.201039433479309082 0.82930111885070800781 0.84902292490005493164 1.1071683168411254883 1.4772168397903442383 1.9527832269668579102 2.1095488071441650391 2.105854034423828125 2.2043900489807128906 2.1746089458465576172 1.8136136531829833984 1.7637498378753662109 1.4398151636123657227 1.3448965549468994141 1.4459860324859619141 1.5108569860458374023 1.1934735774993896484 1.4036488533020019531 1.6812376976013183594
0.73599439859390258789 0.53145021200180053711 0.26138299703598022461 0.44881623983383178711 0.35848209261894226074 0.18055510520935058594 0.075222961604595184326 0.23978814482688903809 0.4187278449535369873 0.76090371608734130859 0.73034483194351196289 0.61323302984237670898 0.63801580667495727539 0.73057562112808227539 0.77066063880920410156 1.1176477670669555664 1.4682464599609375 1.9719507694244384766 1.999361872673034668 1.4834761619567871094 1.4719364643096923828 1.4429777860641479492 1.3072103261947631836 1.0715646743774414062 1.1816440820693969727 1.3076698780059814453 1.7373598814010620117 2.030826568603515625 2.028759002685546875 2.1790575981140136719 2.219684600830078125 2.1919050216674804688 2.1687421798706054688 1.9410157203674316406 1.66313934326171875 1.4140161275863647461 1.4315207004547119141 1.2972066402435302734 1.3358557224273681641 1.652956843376159668
0.43878677487373352051 0.34963437914848327637 0.089816384017467498779 0.093036137521266937256 0.12917110323905944824 0.12030963599681854248 0.0079912533983588218689 -0.0055511426180601119995 0.063817903399467468262 0.33575439453125 0.85694533586502075195 0.735210418701171875 0.53895145654678344727 0.80280643701553344727 0.79215520620346069336 0.59080332517623901367 0.57297271490097045898 1.0251575708389282227 1.5416544675827026367 1.4948178529739379883 1.7097930908203125 1.8568433523178100586 1.7443860769271850586 1.2345317602157592773 1.0457434654235839844 1.1723415851593017578 1.6234340667724609375 1.9544758796691894531 1.9455592632293701172 2.0986328125 2.1495659351348876953 2.16419219970703125 2.1577939987182617188 2.1712598800659179688 1.9239614009857177734 1.6011551618576049805 1.4081205129623413086 1.353705286979675293 1.2863290309906005859 1.5712398290634155273
0.56373655796051025391 0.4332281947135925293 0.33610555529594421387 -0.055429100990295410156 -0.34604778885841369629 -0.22473216056823730469 -0.062414128333330154419 -0.19968396425247192383 -0.1497853696346282959 0.28598922491073608398 1.114556431770324707 1.4031597375869750977 1.240469813346862793 1.0794981718063354492 0.94099766016006469727 0.4166202247142791748 0.077649220824241638184 0.18350057303905487061 0.49523639678955078125 1.0660219192504882812 1.5762145519256591797 1.7776168584823608398 1.7067413330078125 1.2853883504867553711 0.66813308000564575195 0.48747393488883972168 0.75026690959930419922 1.1935784816741943359 1.2554039955139160156 1.5383859872817993164 1.4680989980697631836 1.3783811330795288086 1.3891562223434448242 1.5794565677642822266 1.8661378622055053711 1.7765984535217285156 1.6022115945816040039 1.4909263849258422852 1.2153143882751464844 1.1032708883285522461
0.52533477544784545898 0.56511539220809936523 0.59095525741577148438 0.24698404967784881592 -0.27356624603271484375 -0.63455861806869506836 -0.45942229032516479492 -0.28704744577407836914 -0.34293287992477416992 -0.035524342209100723267 0.77688306570053100586 1.1752407550811767578 1.1007474660873413086 0.9837519526481628418 0.73752111196517944336 0.43555405735969543457 -0.052582569420337677002 -0.20614975690841674805 -0.20632161200046539307 -0.20040173828601837158 0.28644129633903503418 0.83238923549652099609 1.1540333032608032227 1.1033819913864135742 0.47982645034790039062 -0.12810301780700683594 -0.13276463747024536133 0.1828740239143371582 0.28530177474021911621 0.8196970820426940918 0.94837212562561035156 0.88476914167404174805 0.82369810342788696289 0.88244360685348510742 1.1540482044219970703 1.6269118785858154297 1.3340280055999755859 1.1067945957183837891 0.96777510643005371094 0.559452056884765625
0.5367400050163269043 0.44974419474601745605 0.49167859554290771484 0.60410404205322265625 0.12959131598472595215 -0.05520170554518699646 -0.27054274082183837891 -0.41835415363311767578 -0.33242624998092651367 -0.46179798245429992676 -0.064750917255878448486 0.38205859065055847168 0.34407103061676025391 0.30017942190170288086 0.39549300074577331543 0.23833668231964111328 0.24888178706169128418 -0.16627520322799682617 -0.31607672572135925293 -0.61835336685180664062 -0.61335718631744384766 -0.31979030370712280273 -0.21089126169681549072 0.3039143979549407959 0.22843004763126373291 -0.41108545660972595215 -0.54150086641311645508 -0.53410452604293823242 -0.42238521575927734375 -0.18258859217166900635 0.28365761041641235352 0.28156840801239013672 0.54376924037933349609 0.5522797703742980957 0.69349443912506103516 0.70736092329025268555 0.59896391630172729492 0.36935001611709594727 0.31719180941581726074 0.30428746342658996582
